10000
637816
119651
916525
489673
928968
915944
680803
613847
817915
570557
582952
88514
356377
358218
692400
146997
357222
842084
780434
716
349534
309744
519771
83155
595578
237455
422839
488683
5139
380431
685253
135274
531667
976506
701794
766352
835256
897231
27397
516102
402136
671422
864125
923544
601751
947056
130889
399854
899322
947034
330487
818669
814767
839061
293284
838859
507962
577197
349845
23387
53197
521524
81239
324616
637153
241475
122403
261071
774625
276864
388221
955680
265659
514628
170787
162277
586322
447628
479805
892842
500568
213130
3342
529274
287871
308617
120084
457268
944416
514016
702285
22705
650472
608519
82591
123508
617640
211388
265798
864377
716351
836356
45812
273489
704846
448551
816371
983434
104925
774411
217871
530604
997513
676603
728683
576357
336820
950357
126284
366682
819862
167648
72448
261069
800951
117346
928325
620088
729747
667847
614166
2766
990014
897204
97640
518703
82893
918035
869491
222424
62895
708463
60272
864906
690671
472826
639981
328726
72890
457571
864794
803
503817
513940
701482
357699
563607
324866
378910
480887
14711
834400
662259
877163
368665
684132
603481
807958
319978
156749
305455
156392
577408
917850
456987
998832
720920
780361
645578
169512
816031
20484
135783
652362
753569
37627
296610
116672
5244
696836
122032
615303
619533
115126
693232
965257
313299
663403
752589
267189
383111
983231
643789
868959
483516
725026
794705
376712
44305
836547
225982
588135
533352
528678
15083
156307
891355
515838
999349
402309
382927
339561
21612
592582
979184
577481
899476
119218
857374
231609
714228
602073
525624
254749
994966
686643
473956
351574
310485
945921
351794
705697
266587
687538
363248
759570
466170
734847
408216
457131
115401
499786
926189
254783
803968
604163
756554
369621
403736
173987
819809
842079
940563
60197
743910
483266
596053
41765
450801
374495
293312
340346
12535
217153
637795
137920
750747
667486
952183
5242
215254
959832
790653
825234
376714
660876
887513
604126
805784
648205
227799
173331
775654
188239
69085
146524
242844
417563
920613
37899
705202
525367
176883
387457
282255
376595
759665
255188
618042
721017
142532
220980
22689
224944
270679
787634
268450
837379
186384
234014
824389
48366
533748
154728
484788
774064
490574
737186
132919
684079
657292
122037
200054
212627
706946
581916
158358
892934
986286
219931
866735
218937
709818
733296
97527
302443
785840
302739
194874
22414
701322
218342
343507
510022
156655
318835
623654
89334
681196
764171
301390
130062
549414
652101
926272
809162
307901
153374
622383
436582
615218
308963
855458
716087
23344
424634
955488
776417
279631
385557
409512
73969
127609
296735
827510
713280
429263
651416
876895
836660
513869
526987
842679
404606
89769
221207
930145
463510
346334
898106
355259
105531
621989
232495
962685
35965
722950
656063
260865
611961
726928
385741
773497
512648
764363
93648
331484
623498
399666
235434
831449
113652
954555
343438
520129
184537
11022
71378
303712
6597
327293
844000
66467
81419
816731
150602
406017
546603
448100
374441
3107
977851
643672
504719
921540
493544
265615
327912
474438
340353
585602
224313
785140
815011
859378
621619
307257
196260
841687
799501
306248
949817
403752
420512
662446
200283
793434
930673
780945
795660
791270
712640
344765
668139
890518
67671
629561
785297
494031
739936
677398
263995
477495
967339
618314
433738
239652
319844
17490
792891
825667
435568
674859
18477
543783
508990
432380
513045
41628
749646
983781
862469
198586
878901
662699
29352
589253
328202
98217
384702
649650
94525
406539
467064
945788
766280
391278
753058
92529
575006
857438
376390
650184
719435
530292
144639
120965
391544
607757
938929
540828
840568
40308
851768
950145
240701
944292
626600
767460
192472
107725
85271
706412
944509
591329
611346
734072
396800
289807
515118
742158
572632
45026
22043
329495
124114
883467
573978
326327
498726
452977
161320
767432
792324
616731
420618
134149
792758
1452
642006
292110
604737
842708
313916
359705
540260
871143
793026
890268
355098
596592
837928
368111
552728
739065
812634
623513
473114
990792
288221
712876
853837
869486
360246
32211
150537
211562
472550
692946
867311
968631
48240
271234
366967
947738
791008
129177
839706
766681
870945
343679
937604
208150
815614
300654
124507
982353
258590
709781
974220
792115
390231
311629
414948
644120
545391
303998
426628
130237
510891
761179
579832
542411
138887
578767
104978
719520
225150
532126
767026
163117
52519
372852
195805
49962
380657
496509
847377
636359
748756
980713
662770
915381
452178
695138
142425
398389
14489
339986
850596
981960
508223
829835
85497
669066
668318
432617
884255
469690
324497
837698
360419
178488
602117
120771
791282
788467
318915
496656
610224
952110
606033
799775
268697
737899
909045
91535
250362
527220
673853
419901
424084
829681
342142
909429
82362
81653
124135
141478
995056
39801
530136
966071
573878
206981
589597
411108
261583
296225
348153
677549
815018
525059
113469
892822
896858
568741
685506
754818
618832
528503
449096
179542
141551
736190
361880
145327
432516
632063
549215
481345
950516
291041
754160
246460
850824
126659
768196
524343
877836
406180
426759
709565
763107
206557
836548
319000
233471
434702
344089
528919
748795
770287
433223
397938
270056
843134
909158
90891
648641
787662
665714
122530
142668
101758
766806
690556
356052
173888
566437
169307
724884
500389
950644
582796
225843
3189
943012
299449
611148
525418
446641
659020
795665
170039
208127
500553
517297
548793
871684
474116
917360
779825
7333
982742
369636
565202
164332
141664
60161
412105
307509
87438
256239
623630
210853
359591
460569
18556
395216
16199
463414
665810
632924
52326
39117
794217
848455
416347
37152
495974
387
509424
166313
71755
637296
491190
361937
24488
274227
318817
720162
930941
697714
560429
283203
921959
517125
619177
992194
648486
307906
311296
889933
15575
542236
807100
164586
497100
663802
843992
954575
884751
689726
808154
803436
63874
593391
364398
791276
34019
670523
475674
809378
860610
541667
574361
921014
820886
843996
92776
673106
949397
995756
449096
933461
976276
958623
324820
221919
139397
315615
466932
28413
3340
427569
962058
954268
43018
249836
414770
680946
853594
674022
734227
929402
396207
952545
505372
419248
868813
925077
322368
641866
233103
160456
522680
559357
248989
312407
45887
618716
589532
271503
134430
302965
824018
542658
789690
426965
913761
59264
830534
103944
31575
247413
265760
211954
500158
773215
70368
704078
912070
104932
282563
763634
563446
531838
587461
708205
167043
854797
767014
924631
804267
874943
501466
510487
907037
287146
515462
55000
332955
488941
146404
548422
865352
429114
507818
336360
477899
407438
818376
341922
375697
746175
183271
982520
557060
813329
617237
260454
172557
327937
933977
878235
480683
735199
729019
499380
402510
650420
480044
458631
630294
717451
684545
997806
2848
715042
361868
962099
297515
296784
181359
243992
129070
650205
242514
251021
870146
219197
152265
761436
836839
454998
450949
636973
573799
861708
390709
171912
156922
18349
952379
289468
678829
918023
252552
593510
515901
767752
98645
221980
897822
557643
801474
14312
279346
332273
484860
626642
444534
867272
575473
988815
462481
469416
351234
424199
464076
6101
740692
169181
714159
88475
46467
588835
704841
647536
226900
507769
518565
325214
992912
360093
553276
293978
85246
935374
295747
321274
963911
222071
437962
859284
686567
642356
69486
165652
383688
884367
371143
422204
568546
592217
404340
327837
428399
111705
756685
657918
827509
170774
67124
495424
499776
142541
101554
657752
459939
423478
515669
809989
324984
374292
501353
424392
744436
399671
119582
584084
9882
242415
825278
643575
951374
143118
364654
704073
705425
894602
850929
84897
222155
909188
813021
181928
79995
507788
962256
645233
666702
121247
256274
341550
22891
260723
865173
873186
978840
503252
232669
127887
116542
848919
516466
58990
118386
66722
741610
855468
265784
629096
800804
773331
169813
230060
58209
992973
945057
395147
472388
538591
93104
730018
445732
908920
526305
309425
952727
959362
731777
210295
442819
687663
959573
55474
6492
486760
238643
293547
966660
833863
775009
352625
674313
596556
855684
2874
322212
600467
876449
303390
569543
431043
920530
445720
751719
283139
673692
152521
25917
497886
36189
959026
281640
417998
361795
531801
934736
310194
231894
425645
745586
881698
984653
39372
617783
518221
391708
695686
893468
744768
229758
140479
44866
42934
195152
111362
315092
293887
161214
890319
220961
941986
6612
920839
573088
157090
310460
30022
258716
835821
31020
283956
111553
10707
408028
525450
335830
199955
47925
954088
43759
834184
392892
826800
822170
63502
265633
406175
211909
711777
267228
419813
812339
176841
606014
958311
992081
770014
758432
405407
749915
559422
846163
357857
738285
529173
440970
76543
932680
821384
568366
359635
313753
743726
541074
247269
632302
558121
372995
776451
418682
115723
209879
992647
947912
895925
816226
298877
59476
701776
389552
244668
248005
248124
853606
603624
723472
406348
658855
161198
611074
520289
893922
950976
4827
751244
153435
517898
632720
814960
684459
226732
106419
408219
556445
742304
403145
659144
236107
837367
478168
514969
428994
386770
547477
922792
752721
612206
292353
502175
823517
151560
300963
836629
919899
810486
655869
960955
521862
342277
617267
865030
751018
774201
935807
576106
980084
27013
504601
875315
467111
10847
522349
167612
865487
575158
121117
80149
740223
695629
243827
576447
992627
578594
314981
418596
247310
487032
204240
113283
194904
170760
409224
431142
580411
652807
345188
462894
513200
778503
316453
666971
729805
996308
294688
680794
761334
835994
857487
192457
458416
638927
856642
105802
862864
377612
380283
131577
910979
107960
180457
499672
671564
799485
840949
450696
901647
352675
123933
950194
663078
186302
966040
730631
848048
689119
671849
864529
206908
436128
971075
184676
612460
550417
754654
232324
639947
636393
608415
311282
340512
517889
431259
205695
625780
561434
327981
232496
849708
224762
594964
419284
783199
712182
237238
675551
783321
493976
217933
366719
961791
533196
383389
753090
569146
249668
118355
353781
836861
749371
375946
779804
698877
21870
936888
695069
76270
336205
959811
849700
294568
246807
768203
356704
328054
595929
465539
788635
372109
678995
496917
542224
33950
675110
417985
379408
371428
295480
776473
244766
830028
221301
62439
932120
992104
123933
398424
39753
270914
173687
212823
820448
366031
92929
611735
938236
831724
412066
697550
744620
492778
252423
994096
36005
157801
890077
426514
633524
929460
819535
484759
903422
537914
231533
522956
793676
336184
634757
463079
691532
664295
330683
2116
80954
791370
823199
200404
468322
857122
808372
88446
815203
806364
77223
481219
218045
986072
728901
919714
518030
903075
709244
846246
315974
225372
921054
737084
638314
300220
388653
352973
539192
484209
204858
287510
9342
69297
769734
681995
489121
314148
106463
859253
740825
770103
197215
288014
521260
886226
7045
553825
681413
630495
557931
738305
706425
536661
357904
693658
31275
691295
959512
69587
889045
268041
357103
971881
468192
338280
637854
468540
276515
956307
379044
864373
699456
298206
477595
558803
489908
156499
734251
756516
444617
785876
998173
134287
479061
788596
594033
871346
207073
517755
26682
593549
640550
382970
40242
801660
16610
461022
266343
821107
215578
972575
93549
799554
929081
181462
667593
55493
640011
517664
885386
330068
903199
56763
683732
14444
205267
645364
706951
504826
838635
109268
164753
962006
472435
830965
907981
677293
484624
230962
613451
41567
143985
482279
48349
877813
185080
66953
502557
247086
615226
172828
494887
383604
203500
87480
350404
11551
875491
55285
378623
243940
454217
959997
157693
771221
49106
318070
718720
56331
18675
422303
455187
857983
952786
302934
71049
333045
349233
31859
295867
521275
168022
326907
154432
527806
724986
91509
973707
932521
56748
464065
370127
550335
441527
837926
801851
651126
919689
56432
552074
559153
99194
83769
60393
911945
107543
714627
355614
422791
25290
610831
219999
399720
761858
531111
920128
965130
518145
648261
638877
813591
548650
156316
855138
413320
937769
941469
499292
587632
526641
684486
881935
399619
827577
385959
355989
438151
834822
563297
51355
977160
266628
979425
166899
495395
589014
135094
903195
835972
700966
816176
784850
905598
23788
701732
231664
113949
728077
40019
520555
897098
262539
307849
576840
997565
126838
82275
403547
655947
903706
53744
919921
618589
15461
877792
328874
709306
807853
71180
541771
689754
600958
800989
619017
363943
643809
20384
880751
320555
263037
19524
771342
678656
692867
489717
722864
910050
925958
912945
878204
550250
773654
289400
141811
218191
185034
183749
536537
688354
817043
600560
322399
784616
764766
113794
413039
587380
651992
178125
74807
871223
94436
84611
721459
458095
439061
184752
431036
481222
36086
824583
169528
605103
703124
549407
723967
542775
334514
738745
840864
683492
319239
836346
433119
455116
991301
283265
138221
567784
662240
193081
557387
284306
608409
212456
658321
973185
612716
261452
674107
101320
473468
883660
975312
227978
638909
369906
889836
781496
183995
385871
752349
171893
298593
444598
663467
389462
370851
986469
317791
438802
174602
259755
194129
936773
512411
440095
297757
782929
408188
832231
245885
708068
387131
11885
279848
680786
473800
559896
723761
67643
746775
923394
863463
391510
416057
933423
850370
853889
592055
295313
313282
615751
787457
997570
295399
739383
465530
13871
267888
3491
246698
336896
206273
261568
440084
859519
710731
104869
644236
764026
262420
380812
582509
134831
889392
727493
427704
787797
468158
739721
433850
275796
777874
211947
797121
393006
907121
681802
952093
708516
396137
774379
794678
349757
406402
769406
276066
187769
571689
720688
773108
125253
809746
457252
765745
735400
310409
258563
278204
942416
358717
211093
247347
50172
623357
503308
198526
261749
9468
158567
758383
23328
274555
374202
934624
141944
205643
244760
583126
394577
210607
713116
440525
285145
263996
397859
112245
602402
134112
749102
284689
589764
181099
32080
89623
495363
961703
363609
373073
980058
958565
222227
411891
819300
688000
228442
826215
803673
915095
380262
663899
312973
388363
129865
76389
378831
556011
988446
474769
68884
358623
643524
365180
871818
586116
700138
88168
978289
485444
841390
666722
140804
915519
289832
597844
149051
589630
947514
614480
73141
437839
532526
954534
719183
710844
38965
563017
127761
490199
213039
501367
857653
695215
914547
879096
280958
659410
834055
352455
251427
261867
262218
321904
262527
475720
909290
639043
690857
636100
938483
350663
309577
510639
367980
535918
609201
750993
532808
357161
21162
459747
390664
195445
972477
688684
361249
523119
737754
357934
834718
163391
61672
299535
818700
465112
752327
924639
867211
446253
304438
209269
596088
850229
163269
423397
931032
651787
357297
594275
701207
314692
191431
27713
741520
963895
254994
613202
714230
649193
888905
321630
78812
638711
438889
865802
642528
399257
779427
620451
179142
690882
276010
50195
300650
351494
607078
358788
317444
118430
154792
602047
963468
648212
947655
65298
854500
367369
671619
13068
608372
977513
399683
872417
44256
26462
633368
135012
455382
770945
380824
537947
335478
583208
973738
630843
226614
117436
869051
599912
183370
281890
276559
266917
219357
312427
433659
751994
530064
572721
717659
600582
152908
343424
689868
691788
932362
518387
39155
490572
550194
416511
50727
4026
828228
839126
555549
678187
571998
886051
28577
272383
919092
647706
699455
631368
155823
936764
197441
554713
805965
415399
203140
257831
481578
176052
193712
881995
650535
521186
735496
840846
194057
202240
944285
728265
821394
298509
616255
917203
273678
314343
255131
599208
379390
947361
619680
822125
29526
152804
607148
216893
223044
339686
425471
349554
59574
336593
659627
410500
234460
25056
424661
921376
270696
914281
311077
806965
298236
706414
431612
959294
273183
501456
103206
412387
280746
747891
782592
393107
438469
89788
55053
408662
874479
70155
842514
606785
792213
23086
607501
737130
783130
904236
236441
682110
81034
213890
284981
536645
247662
181834
502966
657949
875742
368263
920273
336357
291006
818287
338942
414502
802142
117182
62911
929071
661873
209649
27848
658975
817845
205597
173072
774298
509414
443285
82335
789993
915063
389547
558369
123486
310545
930367
301775
795014
415118
714689
852122
592745
665312
612340
714003
297264
623495
623010
45426
657364
460676
868487
360722
399468
243872
847393
88151
720870
444334
518641
325552
908503
539742
560471
267451
636994
619481
661759
589626
121423
402737
952293
332233
154468
532493
881256
111785
956441
487293
257495
534879
408133
58857
918128
695236
520705
277024
239767
68974
736870
206272
907846
895223
787622
900856
335282
58503
306184
974373
876487
897058
270067
163400
786366
561393
650208
337343
877252
712308
776083
370050
427755
976773
29114
748521
953296
706382
108475
938819
220811
636337
3168
653295
339956
563707
387560
566029
511313
544318
987870
182624
66482
266641
445587
960748
322340
773567
667408
227951
490304
982563
872399
834461
457737
474277
88123
243734
829667
926328
232331
672384
245759
815948
236241
462711
666065
352111
354902
598949
78330
659507
671701
769687
774071
553448
984768
365015
651788
164513
344466
304354
303322
578409
98024
883451
16535
889625
140024
105006
483378
679664
694718
355002
190034
922494
59880
480663
938000
261740
682921
90498
80294
639024
449281
536306
864205
45800
143765
707770
154760
662350
312394
691773
238692
542170
545762
361252
308342
25455
705243
949683
208698
322626
181039
393395
419155
568006
823720
892019
653172
6250
335216
47665
187675
155787
211559
850252
807599
645530
152901
720775
460087
968087
133034
465029
862593
29811
469395
336162
501780
676867
305767
482847
329722
161779
428898
437442
370045
855630
851848
527434
232398
5068
678152
136962
380365
248973
82176
441802
859142
585658
386142
678672
800459
869829
298581
499642
950638
293610
337584
702592
484782
155385
805361
251780
204778
578417
680540
526821
444572
285131
197734
123586
279337
845441
439708
105010
206273
956908
954757
578262
258372
156120
707985
386689
204953
672704
759486
443175
659583
284336
452078
623362
976513
58637
915047
620847
19214
47097
640939
415634
451144
357387
9406
710523
596363
940652
709975
238554
839202
735538
707367
752931
315090
923637
427532
717120
926119
966215
580522
392893
301850
759832
446647
717185
619199
958814
956436
516596
852918
423846
458002
242453
268986
567106
214798
445123
388679
84409
52760
176567
847733
3265
514989
63916
936595
446203
660997
69483
87600
302791
451601
457412
846162
968964
932188
426567
772599
829246
266099
43539
379197
574828
566413
560795
743424
408965
473879
60273
681988
643366
852321
493926
923579
917885
474246
494649
258148
13929
778028
537741
799742
646045
834364
11262
901324
115540
367231
958481
27363
330899
961509
528014
985749
750507
861449
866045
840808
123601
939314
691704
862161
513878
722492
364848
611755
132463
796977
204201
868257
16629
531494
482878
478561
773078
816724
206545
610361
26800
962736
74752
113782
366104
175471
399081
531859
319596
181625
468574
502284
716247
350353
287976
936060
795781
157643
180016
299717
228933
23203
696405
57695
293711
677292
306512
928318
393854
238807
769597
518565
675563
492274
486218
557302
212473
713662
99529
338749
728234
456806
306008
74076
873361
922364
568166
14321
18926
825569
161566
460041
420904
312772
310424
108861
695763
343325
826485
847957
76176
458836
673458
937634
186327
457304
356644
281480
579097
444155
527273
410026
136394
354692
830531
876246
882182
879714
177114
70104
526443
459861
615836
463959
99815
546080
527365
91457
903979
229459
711792
55156
346854
734603
840515
208906
643526
908325
44601
559857
893902
319657
279616
591202
759574
237812
54097
716020
723367
76630
711574
463300
599341
650870
425781
445772
495668
843617
190088
89213
892772
818492
573304
760729
859797
68708
801176
355326
814900
584070
261833
291550
663036
5573
176703
278562
896376
236534
459704
910329
760637
432089
880512
653759
588092
605832
402694
98562
525859
535104
905085
204822
771335
361106
391961
748343
731787
91797
790900
182274
868105
621251
513791
728538
241398
708322
35232
816706
710391
698674
257418
777301
161415
634832
373759
58054
402583
498281
469334
501802
728863
209555
521487
733663
139216
646631
26650
523177
226974
747223
988581
695803
482963
636697
34010
321552
935271
465754
925381
443986
920073
244844
576810
689849
140768
150469
144817
907099
766001
679360
377686
30773
740978
355852
128591
74599
561552
678534
301862
234341
700637
746829
24979
729538
961299
375689
686100
94398
784226
79701
688169
891043
5099
215605
502923
119661
472869
179690
426542
331289
754348
887803
590501
82080
592514
859760
957735
261557
910988
977175
119714
457404
133757
795603
218382
815692
912153
415871
677372
800398
225834
425476
319604
571351
229306
922347
807427
116749
576041
448851
134543
159991
118569
639510
852521
525027
71062
878036
667869
932283
24630
7737
528853
337836
942899
519567
341183
571389
453969
207997
27447
275245
169132
26954
965741
53835
108974
866970
489031
901507
217136
996873
192669
464058
331176
852329
519518
62016
89827
768216
399827
35575
250147
526798
979941
256245
81055
28591
751610
188807
259160
892932
19007
902681
853996
666156
560758
813719
527942
331715
621199
260661
771317
367631
776968
704954
257416
573390
210656
102908
963096
978150
271327
908822
100663
176646
675667
46163
605861
902886
264543
894714
875680
564632
96178
170547
677857
478338
127173
291789
279743
940384
259767
75338
6008
885793
614580
355992
845775
527092
656524
608511
19421
420999
530027
287049
503924
863415
336639
173858
426233
790807
166875
325674
982613
662053
722653
201910
787011
792714
235009
672315
832707
548452
12690
969503
248721
435879
314949
312131
824213
94523
438798
840819
850766
957948
351762
890284
625789
298976
84870
105951
839952
928340
315199
263624
969093
677533
84851
166629
394829
778352
887940
182549
889810
220823
487945
373025
169254
435844
847973
395801
976813
402422
448706
206755
78659
128124
9775
215015
714854
414012
637969
94471
34876
60086
342541
961828
718034
148407
974919
88952
149003
776936
773185
668923
494283
338855
60703
572022
984108
286804
78419
9673
81817
723920
688709
954090
893432
711143
696677
260270
105855
364587
697211
426388
878149
389306
236106
733718
804682
838446
150242
845094
975364
661857
708010
874188
10446
302170
936029
532540
912183
867391
243766
459738
557728
936527
899965
385805
424526
635886
608470
870245
677476
116283
380477
853272
860652
271273
830717
828386
744575
456590
349032
345078
171921
107342
145944
439986
451089
795462
244059
388992
389136
709299
6337
362916
256236
119016
859818
286574
320262
238780
613951
227309
554284
799672
687346
290817
911265
794346
772415
32787
63276
843961
334303
221946
377687
155557
79374
372348
846876
845095
984091
166860
52309
996029
659596
385676
141408
416684
562696
736981
319837
831619
243672
353909
85046
384069
962123
435685
174956
994967
84880
508054
644728
134794
536846
428619
793365
768142
474502
678252
411866
347185
226316
166761
126130
219656
57345
785735
713012
335412
569091
849193
693832
665299
372076
874044
50445
729309
935238
111696
705917
544257
118174
127474
349365
948799
776317
362736
89695
422176
296399
526778
675162
564076
749236
671420
814164
899764
797493
286345
307181
341073
281902
626189
659519
356882
361849
870648
296604
429659
29606
116388
237860
454596
434918
956011
880617
678744
994488
649436
589843
450904
18536
379912
396270
873010
101682
87698
293446
217548
14991
568048
126881
902306
826306
669436
918945
983187
984066
432357
888015
723066
271160
372533
329134
660651
891255
187552
676713
94314
531501
117059
770670
175400
569927
220122
92630
697477
24608
489220
680628
995286
729112
299784
171191
602148
35532
226102
719178
909481
359310
59293
420948
136329
465525
908563
378418
466613
977471
834938
532209
422576
334598
471861
211034
104107
635843
849525
879907
932845
492767
487757
405958
337141
160929
559154
991130
69396
952442
726068
433607
645686
745392
293231
265858
183165
285170
150482
857645
867665
846683
409078
987320
983226
407818
285917
468611
335745
871489
856957
878842
941544
938036
991334
380018
573982
899122
80749
23776
448604
302110
876246
932712
324805
850844
230483
120176
28217
664126
708579
750216
962648
232198
429919
848495
602835
796626
757546
402334
156475
774561
413717
479727
523278
122247
328619
499010
145718
914113
145358
983575
848955
121598
613070
43731
159040
28731
226169
802543
104797
199813
531559
853573
2537
211689
279276
647949
148149
200228
348699
706464
284022
141209
890830
964912
361539
987452
972177
100347
57832
711950
511289
449230
877796
980719
559818
528575
539808
535294
229704
130290
229691
174269
236048
939565
950362
298596
209014
377639
796576
44316
417142
22284
459701
510100
72577
513852
336509
495316
758550
11567
308258
909956
233125
605361
751721
74957
492555
842456
418862
341308
722970
517738
229343
582988
443718
967469
452657
22079
793047
775642
202164
809563
590837
872424
280698
980952
950477
238123
475241
815396
562072
939382
849369
332699
789797
520755
935815
709594
666249
696975
305135
160938
830573
826765
389999
624452
115871
938705
496100
905778
85869
789513
737420
146445
119896
407366
540525
899165
907844
674581
565430
996958
798914
636123
238288
827248
656310
748391
619938
992870
396740
916764
951269
472144
589563
494853
987864
530147
608479
530638
680846
801347
504062
202111
613753
243257
324801
145377
909198
263620
97140
89906
499656
123683
503359
774206
928842
70931
31837
237114
332722
354636
957112
217395
781946
222750
608728
89144
694376
759226
555200
835043
746964
260909
970897
231353
7118
502917
732050
185756
93621
462276
686218
469350
546012
293999
340614
651484
754826
178952
728691
508539
333859
863193
314638
740309
731552
495142
72124
22644
314905
221609
848376
111045
493608
31760
662427
999063
396577
86075
374744
504689
25900
167313
431953
444787
245147
521017
293665
540452
725104
97293
105961
461259
558936
338095
190774
241052
172914
326125
672339
762055
583012
44497
900395
290962
560750
723417
683349
937330
38166
7303
629712
141623
47389
909953
779707
557024
570728
560515
899044
244328
740055
584357
720433
95893
840759
61552
710919
753849
625349
517506
65522
256229
184404
318950
944681
644618
778239
694137
706409
650805
229916
713520
378147
424659
932109
329646
212285
67027
283672
439898
540493
194762
267282
80188
189405
181007
866172
117740
836730
19581
118386
22915
185365
379989
479250
549702
2048
278936
631918
186153
464851
728808
28419
491496
917377
823244
283454
466163
923698
214577
997082
426420
887986
362356
993478
713264
387648
876940
951782
968814
110829
992198
995872
707183
780312
339218
697938
255197
657115
688149
987096
107015
618219
478022
727552
63046
653484
92812
553105
998047
661891
202452
277600
6087
958798
892942
330215
252037
761059
541228
826312
400760
438127
738900
637305
833464
683474
8597
112089
649215
600475
871822
849194
720259
556737
502342
592510
577641
245911
458684
386160
172396
249921
43697
513474
201751
364129
997096
845317
983860
512964
252998
800226
37528
575759
600874
801104
163294
925005
272819
466329
477744
622180
545988
571816
659768
605232
312335
476844
955908
352908
628269
260584
318816
405333
564317
989459
610223
567428
941009
109776
198941
243607
152749
985175
365418
600024
569687
391272
688456
517359
161942
787126
18651
63057
66576
470695
916150
425893
783193
921379
35944
222954
490719
333177
835533
509768
246734
175181
311555
990485
868891
804719
985543
969710
20294
689085
221719
290356
33490
24175
494680
181063
999889
893545
167450
736586
344156
322522
715449
956817
577788
72353
415767
232551
355358
470843
794574
770941
183246
830862
955238
803043
155284
27648
878508
579730
91010
456477
171468
688901
93034
1018
374947
53469
578822
848258
773629
497242
347181
568132
616122
192589
292175
244267
425981
212757
721526
150599
172442
354974
899420
461196
593168
592724
174429
40180
94127
917859
586058
452721
457216
514035
277940
718981
993291
359023
911364
753458
915428
728122
742599
697670
411840
585243
584956
690831
51672
758589
963464
94146
451393
919709
8841
118815
219442
506025
700076
393454
452701
422720
110848
593306
916189
750241
355339
390341
413983
849723
363468
937164
911121
522237
834182
749131
668660
720966
842300
214650
453044
677432
585464
745693
584706
972560
776612
175033
761827
350414
667532
597574
28450
462919
767394
306052
932540
686106
181881
821271
738960
740480
887648
32818
518168
795204
932428
800632
689410
230567
575465
986537
337133
53720
349509
73299
847619
435214
594509
333837
71216
424737
812457
917692
649546
562897
559077
435261
965270
214117
187198
41778
631032
794695
245511
822587
652150
631774
891421
471736
384115
771535
434290
917414
145878
110535
604454
790693
743734
817018
860572
516420
287455
61520
56166
382202
248432
224543
642743
40058
901849
711586
97232
238654
426852
89925
55553
814076
575313
492022
325810
986284
177891
583703
144252
9230
631903
114283
618439
91651
696941
437132
292860
160534
463435
672603
544012
963325
969385
562710
761557
228179
711219
735402
397683
688461
22942
735427
610284
828714
90305
255094
536213
766522
870082
435220
390658
649418
986583
759637
33869
893672
375660
858235
943146
951425
872662
98622
805887
308189
660441
87540
853937
992069
937964
525486
338017
835230
29350
407594
418529
846590
341347
290617
548761
847514
682037
857101
601701
333852
417543
4947
992235
953380
677529
546093
266730
942056
14297
381782
345329
764186
372894
302854
244750
850834
784288
410179
339165
751030
524984
418851
280252
112534
925929
378294
684293
566412
343196
560553
269756
215079
597335
373374
401979
469649
820851
679569
669520
150254
385204
780229
673214
636104
330673
517490
698505
173930
884676
87461
329827
84742
614326
761955
783096
83716
357131
971468
929069
486541
569730
206797
891386
994311
159477
869160
447556
777702
602863
228535
793812
27356
316952
539915
384332
123568
535754
840589
794053
632303
7424
501399
918713
634467
802921
197181
193920
238115
289574
522344
616394
898271
226047
704733
678771
453553
22519
795380
254413
900715
813872
913594
846668
52019
684460
310428
597864
922775
520015
632683
18828
353976
498778
407219
156550
581430
11451
658017
434430
813960
834865
620003
525401
248068
69966
291673
495019
739529
100718
530763
398080
380672
595495
496413
710369
548410
510788
939544
536623
442462
697253
999704
4367
178002
778505
521462
428209
345754
918326
246468
572582
760964
846709
90678
906099
51319
439393
10965
612723
386976
348844
288829
641808
661606
401244
874138
175426
513861
55866
722396
205788
486371
964914
124237
338476
957475
374586
881088
46062
259599
575417
476687
19161
785510
837933
105042
413307
928345
666235
271517
328025
834652
898319
708828
181044
735817
338693
137305
943182
606644
268337
402119
664554
675364
612891
337549
444215
197214
893055
498439
697609
824392
103934
892418
645035
436876
613610
795045
979148
22430
404475
223778
984953
778769
585151
182892
882606
430008
182779
908753
985177
843678
421122
888906
705688
867804
688000
344231
24146
481292
380486
219609
193525
653447
540578
217313
775732
666243
752617
475690
495122
237900
229917
948129
814182
369642
11667
956887
943968
18111
759863
569586
206433
818533
362422
418093
203335
556963
226073
343750
665272
183397
408706
272610
362664
840131
931348
234371
977864
813662
942759
875103
595656
967717
897818
499073
182617
105324
80042
874978
381124
700816
805604
545952
333133
747493
466539
647196
686123
705960
916918
728935
977389
865303
956307
376127
659745
449337
883721
503713
16562
901416
958622
402401
925997
59926
786099
934913
223540
578387
894264
492149
670879
628548
929647
900321
746626
794882
316739
642415
83090
672942
294943
92704
321737
68984
96843
384769
818016
661654
739675
755046
640657
77440
527409
340953
32599
379765
900098
683557
35184
512031
179220
532635
130260
714474
872806
778822
450819
823748
885484
452181
257191
262232
767886
509071
43299
41182
294341
749754
450870
574391
846646
424740
168991
571301
736727
313764
194050
240907
889615
537610
821107
377330
908686
927812
640559
355672
399412
782926
915911
1818
359244
778402
960177
957768
59607
818247
640335
738228
365721
637870
336985
1312
97466
994885
906270
149709
22983
174146
800752
373910
47050
261297
444316
392620
835264
154465
39843
26096
801657
202067
663367
427715
937741
462655
73517
183932
559381
238784
21422
327580
84483
547783
244521
780473
159286
895019
428978
961840
260101
828144
408339
597972
334341
35242
933965
375129
343177
87462
650258
911709
731242
181942
757447
31458
740497
17975
600610
983560
487548
52087
884675
72378
538535
757783
880283
39788
823537
831342
853225
168760
980094
94511
278931
329903
879560
813578
352416
317364
789440
215991
336805
343958
315329
923553
445951
1834
647803
994959
278248
187744
890978
904516
992300
631413
988524
91573
602505
696303
214336
462273
153473
708922
878612
194533
106302
376752
127686
928130
712338
999358
532425
595532
622105
535058
77244
11503
23546
446190
536531
10376
184717
507479
288090
398990
37851
239093
965051
900066
424876
813050
615949
144857
786804
82841
730795
20099
455209
322163
777324
314805
294218
349659
476478
826046
732114
514119
891341
416257
967058
242268
333214
259633
506565
987446
686715
552349
712854
183590
606608
707272
959344
39947
232724
872716
948798
886688
498629
265684
79816
747679
735033
954374
662834
54749
887897
636840
901878
212208
784460
273492
16296
454597
813065
404188
996207
404735
370170
298467
600879
181303
947641
324980
432262
115060
118889
779085
312261
451243
769402
553600
254091
962568
93518
649272
780649
998537
297531
801414
984788
672024
889594
436845
216720
49794
147851
24065
634566
187118
920495
243855
878131
834530
941192
407410
125839
918032
148571
299749
479661
31737
950774
144068
674560
859615
349117
436113
345368
445778
952841
975141
380531
698092
897657
633795
995947
49377
851102
487855
70653
284784
938098
296110
495362
973436
478868
735230
4979
143215
988069
409573
90100
627957
852583
922909
817553
571167
362430
269665
830443
916745
207055
190567
931079
901226
210937
946325
938058
379490
608951
444603
436706
922407
658308
391507
757806
378235
998637
536696
162153
487069
616998
247708
613746
241099
551516
18834
305215
245728
888774
270388
846166
198372
242519
428828
32421
586952
287618
799862
64225
482043
646896
305107
289586
687292
927485
74719
942823
523257
550297
568123
101642
785816
149358
425251
135414
882902
877654
427043
94272
649337
287602
557372
784894
881844
885431
311039
887317
122932
711360
523716
393476
227340
174833
776778
810953
535877
129692
172136
385912
178904
623403
968389
341863
454394
440180
480207
199198
145826
467628
431079
401118
425276
190481
3477
502104
774413
553044
671155
447651
71526
351979
718942
713403
77981
689892
639930
259895
413069
919943
596179
620312
439646
536058
977388
951918
729130
391057
163589
225137
675479
522280
564736
788730
523842
378334
394119
963168
859571
639518
139727
281569
207354
296043
128712
135804
831129
335997
259366
49241
806853
645335
151561
242930
198379
326037
201724
335414
296353
369255
329293
221674
727688
163563
655733
505238
748147
78213
986322
415171
243460
959062
2916
779946
185498
710487
686028
146293
289514
179411
229869
538562
649134
926774
368898
689442
939187
386116
927533
840517
748263
20037
321634
785623
360916
711904
523584
742615
390667
269610
998494
351426
681290
42257
819889
264361
250820
686871
250562
204381
816386
623745
897541
495581
633583
677981
482735
237349
173742
901081
397944
234303
874292
687085
634267
789622
782102
178212
623809
750500
619258
571950
815838
826467
949539
126111
362546
283975
898462
315482
218496
636955
245412
898484
866305
612506
676669
806421
383716
21706
912601
815728
453388
52121
80896
882594
689885
161725
629374
482021
418983
524622
882302
490420
422426
661036
68887
402260
533262
70924
217046
964532
381057
534661
193417
833078
829384
362143
676688
394798
470146
845369
768183
400222
320107
273135
127168
159591
103971
168641
721738
984204
305690
609688
483759
67573
44858
499308
16866
209747
265405
430129
328824
727841
382220
782318
922916
712706
767588
777807
886259
812631
86600
221364
541774
504282
735205
379066
830941
616358
676989
594737
21785
23438
613254
705223
784429
635545
92251
958933
778084
710545
828167
183313
672596
487485
894003
851731
346330
748516
768035
241751
180726
300460
537074
633185
936392
952228
697546
701432
343577
572082
247921
475731
825452
72226
696980
924162
676680
425545
835174
490038
504765
262110
185961
436889
330510
487077
515703
462544
833066
420126
325152
241685
146884
186357
651662
536346
593550
151258
713503
272510
898743
931877
406143
358398
622893
443945
972900
361175
416747
20038
100669
799472
663355
995180
696410
478982
418402
865930
941791
709478
449005
629839
804683
332631
324536
975812
534177
619984
583193
927477
979303
400453
579375
993983
165584
776576
386212
566840
846944
902147
78905
936052
910737
491260
416608
374107
73279
366070
509439
108516
511898
865583
243794
323207
763666
495497
618747
792328
212172
390646
264396
367061
286151
783877
200353
553288
92980
352526
762774
14545
652986
968680
405627
592555
971760
235047
105712
154800
566789
76002
502439
283341
973284
279023
852233
517279
215014
825839
82578
397207
383618
451763
685856
770723
528202
118595
386629
723998
670030
372496
253431
380398
330482
697710
660713
935557
845419
722332
124595
477289
499712
146799
473292
659097
321895
513286
86813
536335
556261
810844
667249
2605
134120
955781
584256
287721
544958
19067
460973
855560
639606
797110
608277
119152
960612
992037
470594
191209
60869
185216
478459
82856
133097
79766
802998
629657
443653
416071
602539
482729
236908
279002
616305
136587
649806
68055
984226
612931
98899
685171
68817
369624
882210
952646
371981
507468
928826
706075
276913
156655
415395
374445
478479
664818
874059
492234
875548
397739
674719
789444
894700
41197
478282
821719
375945
108812
650574
167745
157893
716013
632935
309685
616725
691967
923724
923757
324288
832771
77635
439026
875903
344888
212809
990011
369762
581753
871987
702821
20735
541736
659664
264926
640125
757949
580051
106566
796474
522244
104935
629891
909323
703659
133069
529235
648728
33559
853460
645149
818233
245097
975407
221818
323735
624375
491171
385865
608991
337565
180555
441047
558268
548616
432181
200510
465681
796974
981631
939027
428983
770533
77911
956561
735797
942541
27953
30201
103990
641050
206622
86694
468846
549336
611787
508434
867670
338697
694024
506433
903361
473220
47756
774509
352772
68003
421582
558394
231933
643400
139575
163004
487244
827423
693484
968261
642781
570679
850493
944348
823072
829776
777217
636743
501886
51171
438427
982832
394058
699858
831889
836522
646138
216821
536594
182935
559909
228596
355085
831350
313336
990519
948540
622042
679886
524629
626679
676397
409554
580087
623430
526472
999889
58276
799898
865289
228753
670754
576347
663698
336335
179179
133024
192270
759108
471242
521221
961334
650544
30669
680174
72069
454657
472077
708633
724625
642418
466481
477545
812326
331454
852128
506448
768231
824583
146780
744464
34895
306207
269353
94026
459362
562535
614891
186910
432578
163142
66327
545931
40070
251121
432311
395806
979569
108773
4183
534218
963344
396383
701072
686886
815814
721847
519370
253582
833250
221361
879853
121950
511984
383337
733460
621879
328700
389054
794559
433260
897699
876425
906118
489768
136141
360710
862205
156255
638309
971827
974013
312363
902764
232625
717409
137337
138166
821028
640677
858050
487456
650851
532699
1266
556010
241278
180455
645367
582235
102205
753552
794001
96853
930355
294945
53748
451626
461797
667617
656086
140336
49042
753758
613327
997698
737066
415776
37164
870944
238581
218697
84549
279915
103933
523273
653537
514474
113352
656377
948460
505403
702746
307475
785615
233882
947839
30604
222719
687562
562239
753603
350924
117387
963707
657755
675556
428529
528753
852552
884458
844005
520047
322509
139080
569847
29631
543494
945851
347941
244307
76664
196891
768325
866133
680902
418986
149219
891287
6504
65666
609094
601664
961896
333167
501470
951912
505332
324610
481796
881733
203383
198117
664522
821438
730710
345973
890891
600808
344006
999066
655264
592975
289349
570484
274216
681855
990776
477945
933995
376769
106436
730336
363176
314036
382357
108111
78771
339431
579864
114637
595343
376370
493150
20771
223121
727251
851368
204869
32747
162774
700113
937602
210128
574994
740048
104338
124533
881054
913910
449289
205492
953086
836002
324900
202106
911831
724507
371780
63066
38393
864338
367778
134944
151874
428530
441730
282894
528481
346391
168223
23103
799664
974223
548901
848086
84737
789269
300902
276934
646349
453014
746797
383452
313249
459244
563179
975420
757531
676532
752121
165643
31763
656139
16379
723831
987330
34008
730201
374302
719702
994479
113389
510099
63633
631827
786243
863469
833865
264052
512543
73269
562108
17865
354180
168887
977527
191104
797754
516242
271300
767010
93818
575013
253129
158424
563888
182276
720787
228275
624762
337294
697393
701836
207496
512604
706433
310087
992027
473543
379132
843413
137637
330790
11768
758177
103727
445737
920015
102581
642194
173591
471507
927092
320146
180905
61465
472623
781130
74794
801099
295870
927741
168935
427762
653929
6764
7198
717021
265140
269174
28661
66296
973826
492394
928464
845547
971639
511129
869035
535731
718767
32672
293769
950620
566202
648420
896263
237007
513886
181543
701036
714546
248793
160085
952168
828387
903411
632760
213170
332631
832025
825478
589156
711857
267359
938822
913838
722331
611208
486131
3271
615138
259511
620025
854178
604309
189953
833460
711408
413900
802797
882601
429456
425248
640721
811246
273603
976021
4646
373965
966779
88196
593210
227892
42439
945812
200538
871099
67443
471799
638287
890124
814336
611495
580047
649117
994364
976946
451926
539610
602439
242597
205571
758701
765182
92230
445901
349449
853344
515196
321713
373687
877883
862155
355415
24873
673407
161549
95568
166618
489056
148970
786035
845435
630300
701128
488269
47124
971101
388373
177840
145663
386161
791712
94702
269364
380691
123526
51512
758130
581450
656725
784100
208308
55091
365468
210567
849438
324554
339479
717298
66007
385678
611456
477112
526913
454062
321039
662408
564926
418443
482928
979057
49348
708738
877264
888364
22924
218295
322301
227340
425737
715031
960451
368983
877533
276016
525039
873024
56202
928564
602200
88716
452003
479581
20769
89740
412222
731374
998587
696135
242027
280002
896702
584340
657330
692141
388400
266488
46205
683605
466239
745354
139814
143541
425974
406194
804154
527639
731976
380313
299398
563588
163573
502301
616846
512908
59255
368915
740680
646764
700714
474723
56399
789076
560438
742956
206087
20504
371462
82705
649011
133027
898961
822354
670824
757498
968137
566917
834281
787872
827756
914345
406163
150734
248866
419738
388069
203162
945919
486899
462080
301043
396859
907558
396673
86055
5479
223593
219429
540845
650864
673239
91496
221838
208231
658503
155111
232116
631359
675774
730089
241988
896307
504715
807243
289593
539874
680004
391757
317704
491468
450752
508416
333283
25482
420329
12791
272501
531318
477430
759086
533778
150480
113831
700505
994974
428851
280620
377978
959751
876610
373790
162500
845646
882940
468737
879790
835169
716729
246506
896056
196152
697125
182676
376620
513397
352587
663078
343694
562188
723330
537612
403288
816747
683137
534072
534338
871173
3330
536561
10605
990309
422476
398638
260753
739455
419886
473703
934381
714538
565268
419137
574597
396182
101763
783736
589152
806340
895775
214188
31367
502469
618755
905353
296576
837583
690009
553899
133202
759043
339358
679208
436614
376394
808084
188656
899425
965397
755814
887325
78934
147166
552305
478857
46138
187110
759889
826543
743462
494913
2413
976977
403013
369487
48108
320612
308124
108687
944760
535962
568607
800396
410070
54655
608189
377183
348631
481638
897533
633542
290679
986167
296750
909770
239395
782097
947262
721854
55006
236010
130998
522390
858486
494456
285303
74306
695290
343021
963037
1482
361038
670471
752637
288823
105418
21238
871646
799196
814657
363054
75668
111482
7682
170945
600883
705473
885200
610465
997158
868328
788496
562594
472803
689428
703590
119074
983100
739480
279329
520712
179097
709549
901419
46181
30644
453176
682110
877366
259072
981251
383014
508896
958693
497796
600974
97172
699266
19969
598543
631717
289088
698027
550963
15152
7248
139873
569824
849635
898722
152689
569510
240141
279538
715628
899168
80761
6412
814519
928697
776737
224626
205904
696850
591088
882732
263481
175282
954904
957167
195114
543522
473805
915186
294583
325113
268691
82475
317592
443681
637948
948521
869663
374749
230004
516884
193633
852956
194692
655209
504010
400736
603990
131037
689827
299164
584945
180476
85124
432571
132557
123013
830859
795656
190064
856511
795315
545349
262526
300704
711924
731456
103235
315954
996243
866579
558168
185247
534162
447942
473088
642874
91147
960926
174546
248281
594749
923171
945211
5225
655287
269316
357561
688076
569790
81249
33966
38139
264083
342549
841326
948822
462417
586633
786221
647682
450530
283719
661379
388119
508596
225932
303835
794618
970533
713179
844382
971740
685189
139825
139426
325550
471638
447951
25823
967430
404196
201211
293931
735151
921259
851832
226249
991429
141464
765932
536105
251548
39168
37657
456164
949632
384155
852198
571903
701044
394759
286331
769224
533808
562911
670659
514048
702837
32438
668527
350017
819207
758032
703354
97203
176167
588253
279536
416198
390334
300825
979086
924981
343746
291745
685179
73946
495536
112326
508456
319795
369043
393899
551039
745899
803659
654718
337637
651207
1487
510239
88515
678337
612052
314763
855711
854974
291352
832439
300126
53382
217881
434414
113377
118136
844857
788872
397345
780045
779901
321162
213641
995248
518600
909861
824674
105726
896317
698835
74367
276001
842142
846217
197715
606396
546443
748677
273702
546924
553232
404231
84320
349099
39531
13612
448291
684589
447705
547672
623373
305938
515455
386819
529957
931902
315818
630553
662036
458377
39761
968291
884340
721701
61232
755452
288885
476196
195995
756982
335042
867818
817523
533153
32251
397040
368874
160074
987345
439727
337457
34313
491888
456725
120866
316828
260545
870985
194822
191213
857385
533729
584454
733914
247799
67267
645754
13086
397382
610257
863593
106746
814382
818290
803112
775103
601537
860648
3161
810109
856880
559077
464396
490674
209270
671350
706183
35446
368934
937909
642773
928260
666334
820325
825405
677827
986769
543678
385656
499147
819420
956576
519444
961449
359201
434460
62836
65787
12949
201055
710926
74158
707304
818293
781071
845708
310874
981015
926693
292148
860383
712520
163640
962130
950584
605559
542690
416978
959494
574029
441817
857042
202957
522103
230374
241253
652613
791665
54823
279939
889279
456910
185769
6480
189134
725511
847149
714212
419596
303348
335951
476880
369776
674879
966229
333407
483629
765976
761925
864892
884213
862529
425203
364388
405128
725382
904091
889466
584567
801532
953567
860327
904149
457442
820045
533709
383674
227564
520095
170057
18313
382684
680567
34825
711464
780548
661927
997628
364753
630238
950688
249525
363141
417057
722458
276907
487052
110402
885894
418881
614171
34027
177690
453369
118583
920491
561400
660510
771949
462535
494061
846839
600148
414699
255851
295510
502464
30173
786786
975521
415616
954501
826036
248959
772817
350451
383140
440680
123716
213924
64809
669512
339517
56887
45725
664047
771785
789314
956139
96955
840137
393617
428065
982705
935888
807614
528950
890240
988768
621070
356046
615845
466216
906363
656595
694394
22619
988727
381506
827827
520026
77453
588057
869230
483147
663874
928705
375797
688805
656560
223915
846243
992188
620776
124224
671078
43713
502711
396966
5282
134123
645174
448847
410452
564146
679743
774750
126748
674908
337500
407134
668080
307567
108568
622126
952269
64003
526588
102090
511782
392922
695455
873258
74501
460478
393897
173230
8100
958851
25859
502141
752596
168410
997378
530050
352344
380498
724201
350490
411146
458465
704656
848075
272872
378384
95329
255198
980402
386786
727937
919158
899896
360287
152235
863948
231423
134704
868935
962087
936645
787827
243797
318939
949203
873387
225971
473523
29171
134076
734888
938379
539964
837295
611583
992918
459768
38854
407796
132331
165809
263881
364580
335406
562906
664532
230781
952531
18607
742376
569314
436791
900850
860051
798906
403839
983115
757723
341413
101792
194838
819400
569619
844279
282066
973526
550261
5247
552243
155944
533210
24331
645303
731966
375427
715107
535362
18660
284312
549930
215649
997852
422519
334207
180532
458141
256742
588399
902737
885594
631418
255917
991243
743683
379419
281005
744420
711660
983330
218377
599500
826939
77320
474863
916234
687437
4190
478732
46347
765734
883380
271584
347514
442208
312025
828165
654016
104971
389398
855709
769690
12605
695492
178696
884920
204799
522955
363189
532849
26125
618405
902446
61202
338420
486380
674748
84817
518532
182631
348466
319597
458694
152011
428541
177427
488974
150127
370061
943709
804580
488469
602873
716571
446187
593511
331004
101149
88882
218379
681586
341469
624824
979873
391746
870494
996296
492049
894705
665639
633726
709637
583823
874363
144947
439294
224901
903392
505531
492727
423562
544617
155185
345841
167022
649471
187440
449807
466827
934352
261994
39090
94987
274250
99317
823675
60348
807868
901294
871692
282230
166543
758642
814803
386060
49654
986664
636541
804007
492524
970991
842836
128011
316899
990204
589681
605877
656138
777893
541253
219643
149375
408572
6532
64269
18768
928324
43104
986965
85523
223192
623429
359472
249026
913083
541547
644069
589571
848228
693200
965324
813510
652384
184905
544401
377636
274328
167727
508680
346116
1856
428232
638683
339798
232019
667738
930449
447632
16464
529480
497001
277728
645368
675052
765206
537459
540990
513866
28710
308233
719093
737455
41182
478859
208494
310972
563296
556760
646718
285838
23813
450877
953023
577374
837460
948437
214756
300896
688912
410642
14891
473999
179358
643809
463133
539741
209049
40751
914620
656679
364529
823834
440972
659228
335040
275460
874047
660039
549973
710010
941419
66557
446829
5327
333440
489585
71827
996399
795349
51300
323025
75972
428059
701318
617778
768322
373668
399854
200069
854455
995082
422775
58859
343342
689723
454289
900437
20101
491870
321271
863805
898641
243603
905275
680581
905247
684552
861066
632231
227486
300488
589265
948454
984394
713817
176379
250436
901791
926446
204974
543760
98426
929959
250703
906576
428620
538303
437686
253347
914111
883838
829951
912014
11074
588726
972244
692788
204671
372038
793599
705297
620113
25516
285028
151252
62305
834124
545642
682297
604312
222902
444563
374386
101230
102336
485904
549239
630032
694834
955255
745656
5851
392221
630902
82585
381286
661477
556545
750596
845603
199144
386236
958735
236196
208039
495933
568425
619522
953027
2447
420847
993711
422365
790001
981099
506498
124724
73290
161468
215643
162101
229692
846715
917000
569405
483722
960469
478824
354868
823468
709284
746287
776474
887430
490722
659082
812255
933313
793563
896882
291118
437481
425994
178674
997549
275366
515152
843437
336165
328077
64372
312938
445009
187023
815357
197613
258275
526740
735759
471945
335058
94660
598876
403031
714805
56106
570855
952976
906740
944625
835732
958524
910610
447549
31102
9322
102980
352233
26859
663769
708535
624499
737479
313502
525371
399157
607088
609979
733319
294442
132509
595228
79307
592425
298323
134446
896494
895628
149637
714889
204505
959164
584709
962799
452275
184707
496752
790190
991913
89849
711429
614407
259328
745439
156805
178491
783757
383582
145932
830096
92736
883134
487239
95593
434228
180284
277168
941390
972790
540067
837239
868880
773840
754911
189031
528071
292634
64850
217000
556812
360570
866169
899406
141982
151260
629754
564947
329427
769974
39606
747880
400026
626880
889823
630766
190135
679815
780458
173139
136028
988142
340033
191446
311902
72171
685064
602474
639140
81636
975205
570286
820195
973236
35569
972674
242972
838498
728387
989104
337249
632998
893454
453146
800719
795197
426928
87567
976656
455275
648282
73426
878134
646782
904210
809443
138733
803734
706611
162780
767193
419871
847616
149033
982494
548193
967532
485157
650779
478976
989871
930737
463435
894372
191560
539113
530746
725855
29876
660831
211231
937012
814591
371600
85934
758730
226164
510984
430230
465207
48482
168281
416030
740963
737047
927919
71385
919236
851409
350857
67370
191339
216566
156937
548290
956263
332978
229993
954292
628226
315666
388578
749604
377897
255097
910937
471800
517259
601839
750719
973358
976040
558631
692004
344323
497397
470351
113711
119169
368786
498220
617091
346311
214397
319000
627332
397201
882501
448485
232462
895420
506657
676396
153670
472191
317991
467559
371826
168818
497863
504683
938630
508155
535797
202402
413892
554293
112311
841338
5669
259781
412152
875933
537177
156881
540882
716042
973651
9822
694830
197539
716858
171654
930448
236323
260771
896728
601657
177959
654370
959174
307195
278675
979208
530068
300154
346366
744933
550647
915658
859253
320541
717962
23067
266464
179176
650182
366696
895469
545409
654728
163968
927941
317127
735854
505240
86528
411525
824427
38372
866300
82469
171001
522959
387312
815779
491082
595794
751632
938954
807934
810771
995905
939222
304027
453521
45575
307117
133574
135023
413696
976566
6789
295008
671085
103557
507492
869434
272264
305762
654015
13103
585569
308875
99493
203151
325786
344821
960363
1922
634050
766922
930459
59607
430408
123643
624209
240934
887956
485851
815867
439832
802267
15025
472861
885619
984931
842417
303210
104149
897806
337284
452137
260395
176954
201653
171450
561878
47846
414405
183752
651596
765516
191348
684526
838133
110940
474352
219171
973603
707891
891478
90741
669844
980164
840989
521778
378343
751476
691046
91591
706199
785504
177231
972246
754536
673598
375515
141357
518875
812324
439520
293724
424676
411911
423223
996579
896817
733332
235573
842304
6566
526370
743156
838429
594254
824210
323634
103664
626476
958641
164413
691846
433908
346214
729702
89193
967286
823114
38453
527039
940554
435139
643579
582925
985867
302017
26457
400162
785521
290411
28156
288562
354638
674508
521376
695041
743767
923772
928979
184198
977244
69194
918927
219419
588672
629212
975234
276295
443843
27230
399934
216365
471984
115822
131373
323932
664897
599665
746325
786117
108824
40710
318996
189754
581803
893372
872901
275263
311167
172067
972098
619770
200700
110427
160877
850166
150117
651996
136037
833178
989300
512265
416753
569904
454279
548588
908403
575154
890206
596351
356006
190711
877664
782599
862318
768922
117366
190780
290326
222812
94335
342656
198985
467724
506486
38031
720338
718170
853663
45193
117669
186312
738456
894582
754391
141034
382101
893048
36244
655136
955013
275995
399117
255328
327721
334389
962550
889728
561448
915399
10195
692152
649587
786335
158373
979324
614764
338821
144939
228167
257245
503518
277039
687345
961241
132358
846232
233638
588099
385032
274019
998009
32025
104838
731497
920198
519007
262563
394388
582750
539036
84126
784559
483307
45526
618751
225296
882125
329127
698415
106558
340029
237152
643393
299168
895704
254254
865616
393118
847419
212279
898026
359038
138632
849878
118697
324785
132283
538720
471138
227408
316502
220099
187095
729550
584693
123531
861492
838360
483228
185663
941807
514626
338514
198051
108003
913574
94579
714293
33058
911536
85378
262714
344899
487401
56902
963791
267484
717795
129194
442198
199082
984713
160076
77999
367659
387629
571097
213472
269251
358543
621332
837957
149234
751027
648508
762660
405663
652001
846024
853315
316992
552186
951805
93323
421729
867314
303247
548378
395053
748401
839281
197534
937755
306875
926502
622121
139227
401452
98841
806876
322506
822556
813561
734692
586609
954607
767535
270231
316993
844606
280641
314298
804437
955356
313371
259563
801689
422606
356330
644796
900856
80779
839815
995744
148142
998601
283692
525428
79812
866249
211462
496712
851078
79835
937136
258346
608585
182596
601664
479430
700121
27771
936667
342454
805846
423067
733815
924250
566599
933360
953813
435678
310101
609534
532644
528933
702553
149469
559668
246444
595963
361647
588693
934597
993666
19490
429633
138157
434090
954408
65286
496364
840431
312727
27728
299058
543503
162090
770876
34376
203901
810002
847141
52813
84036
371187
912923
771161
311193
835364
249421
617759
189372
351176
51270
425313
324832
713495
728953
901962
544072
456718
150490
898001
455554
434549
577139
437122
894538
959325
360632
394407
243521
977876
358569
464040
543612
83975
743737
297477
669570
566543
686239
453087
160863
481746
712579
149613
501179
355961
901024
90208
569431
779885
844915
973401
442490
867319
353299
983327
781901
853693
801527
700713
592765
27162
561777
526919
184759
850431
367558
843250
674698
789441
624757
333571
290588
727009
579990
249737
419819
42104
834711
555485
637665
437196
175908
58628
305547
865757
837504
875934
176731
434495
192392
242984
681401
965907
583522
154042
503996
541861
48153
453234
639880
107436
398628
142750
124518
114025
406278
815965
214971
808401
875120
730380
693224
182928
900066
706356
840025
482098
431939
122856
81105
886627
38335
519811
306112
298429
308901
754537
562201
340165
326361
439412
482041
866908
957101
601632
977926
825130
669225
785017
864602
966686
1121
5150
420841
187448
560374
394113
588399
268358
239019
880862
155225
502697
935427
884805
977422
659447
189868
322338
804001
57949
831974
676409
135277
434418
967871
117500
567419
744977
213590
497486
57663
342837
974992
656248
714364
251571
350914
613582
824300
633444
596085
284892
905494
289220
861099
360404
668829
507246
329536
881225
620579
945976
437134
504457
885106
486843
886934
698431
614557
6627
216236
711255
414611
991953
189619
712182
538979
287271
556976
976373
555342
218039
738272
35539
821408
267650
373232
825464
635084
288267
834671
382661
354569
792523
223363
733569
832001
387346
325272
114123
14188
577299
428257
211684
658969
16982
466633
8600
499431
148234
431310
421694
367925
292762
622266
113286
813504
685629
444890
940286
872763
870978
347168
82980
802750
539590
637183
132263
237106
942755
832033
179277
173495
154971
344847
180522
968495
228498
177474
85796
741479
17322
572759
201639
458222
302094
377327
585893
331210
293726
508346
960711
800266
770557
764608
564356
853063
52741
45221
489558
234120
997771
502455
806048
931838
195571
143621
694390
969039
726733
691558
299353
816715
182326
944204
163591
266205
664020
549060
191856
84381
222618
669057
379601
140902
201766
673114
107042
705202
765868
207571
537979
14618
405323
16522
175932
1385
461618
593330
998311
499787
470659
231126
276189
583289
197379
702132
627395
238753
845797
130258
598324
173675
112001
882555
410010
170968
344198
451260
781666
104828
567275
404290
972703
41606
814828
17015
294643
672581
433535
257435
659316
173837
178220
366827
627365
261666
897478
946300
13995
683795
354117
277123
313905
855807
359547
246417
573600
149539
609418
689439
240081
94644
32526
952980
62914
831802
242933
958188
963921
158813
919406
247961
91988
455970
376162
861539
406769
95411
342411
30242
956262
33401
216368
467503
329047
786075
117926
961309
256552
418948
916446
661134
147521
616128
874318
302555
788770
102971
79764
969168
509104
118561
664521
690973
867499
818903
220327
77130
139002
621230
320396
381471
904274
748100
268667
218653
325454
682229
441894
10045
419635
984628
147528
103951
15346
741230
452155
454580
921567
871240
544215
180490
805969
958671
23099
693148
114091
419664
505494
675542
651854
282801
837226
996134
176811
218798
731280
693169
137483
665237
8847
156586
758627
584606
687827
695088
123255
544051
133136
251712
535805
402097
288729
737954
793482
788174
898864
571543
776087
534190
359298
294822
441459
548564
924746
820964
970507
727703
417975
325390
962577
242996
407944
691070
703435
422509
384086
151038
852105
597245
605997
664410
493230
377042
371399
804815
519231
637641
345004
471654
850312
626628
738602
240569
357900
71211
70816
773129
385893
347012
821022
225122
613852
594594
936999
514111
144145
391872
734798
108457
950309
612356
762064
884648
285778
353763
655550
336640
196545
518642
967297
831524
359146
839118
230376
322850
220808
863856
562740
629860
148923
491160
639600
711012
908691
621304
216023
971630
554242
255487
365191
770205
519744
120549
497742
409041
358374
56062
815568
732946
467313
417607
523524
631428
870731
224529
726191
758922
366041
914777
891580
541536
361213
61052
390261
729753
166615
860486
213710
341822
213883
72285
994588
833191
764085
330494
886298
441893
791297
156850
729652
303556
473655
237688
269345
474223
592215
726540
384532
521886
135589
235236
517724
921288
251492
572218
851952
650371
418319
885076
131192
128746
95610
162214
368230
296896
592458
55034
182954
85457
910890
491670
475805
146421
600731
764246
860394
529894
261434
777236
581836
304691
408277
90113
467336
84803
56294
68665
812604
277051
815845
263404
621950
599993
644828
504263
669668
596558
751783
352367
79274
556069
718479
354341
461180
488781
60709
481030
624417
999455
105557
706155
860927
191961
861411
356338
946909
813598
901889
325920
520528
158653
970989
838612
13236
417859
990000
55998
892323
437717
941438
718264
110218
136304
498955
467954
66209
466940
164616
924814
18235
708709
269056
681380
392688
144247
647244
379429
604487
328438
424408
911962
353131
848365
949375
886555
937497
534576
524357
968851
219731
928885
214168
545833
669655
135868
873907
219403
881075
241508
841296
990322
171846
120001
632556
973067
2730
552646
204225
834281
763090
515436
430229
860852
544444
899476
103511
212001
812828
178990
47445
244303
777817
655069
539142
844316
432241
215262
495022
793486
725805
70349
350766
219327
791848
750020
283612
97505
557382
450855
244447
389484
682106
582536
922028
423896
363380
968825
437325
428608
103531
580452
398749
716939
335751
65035
238549
215970
130495
943891
9125
949928
26173
813697
308118
582556
935439
284498
467449
919016
456788
223577
802620
176046
391576
144396
754051
576675
347298
291565
437579
502098
177553
836236
271391
426035
746683
474362
972404
363475
935233
674039
798467
710836
461682
567382
621630
951956
200271
835826
989667
892044
298561
820337
264784
8032
198779
848904
602443
798772
55756
710691
641600
14262
878424
604163
370766
24283
668392
284030
159209
263264
945403
578029
520385
61990
630134
359604
22459
560901
401925
94810
774482
592806
458161
103918
195612
560368
536272
881473
38543
854965
373250
272684
768368
856512
495631
18887
147924
27304
940967
469075
671172
466468
624347
578006
340647
749878
930079
625422
398295
560177
560741
636209
754492
200729
632707
760650
808337
195884
566877
8215
907335
757916
595058
867769
836189
113437
363269
312368
630709
825676
200810
866251
146515
169022
252260
755965
639003
512986
358912
64502
617333
351376
721083
804894
792441
445474
442480
573616
635259
845474
18277
333245
71122
163960
459295
218060
631288
585242
311135
921142
505518
710543
32333
116468
995408
490707
971805
897809
709896
240419
406234
83604
996309
650051
983012
333756
608994
200631
265571
600222
69321
427717
291414
793178
169133
95046
458457
892402
81466
239144
119266
537482
624561
269861
33082
516137
697781
701268
748225
847795
69515
277815
922301
926673
423460
811987
681185
143307
215941
761161
331329
746047
813803
469577
712517
393909
4071
439293
353403
649910
106842
662901
583247
268363
144027
577144
45578
814811
364868
676036
655108
759451
185129
3711
890642
211240
653116
422605
65316
273157
62030
172235
455675
859997
360528
874245
30556
717946
276164
198195
155570
73970
86313
412886
903054
815487
72371
917971
578399
515552
806398
305347
994563
460559
851208
434449
50338
846823
235326
847528
805150
262030
424233
999082
84348
660656
283894
953962
331214
20918
256668
344170
996258
491949
676282
485798
821278
414504
71349
11243
117055
3370
720783
288486
770730
518756
16161
842579
919626
333832
943345
753172
805012
79235
16381
679613
645631
440689
299324
68429
54384
172067
191082
590612
409500
154084
879658
910396
327575
741722
776162
705670
676687
480417
221801
5230
260765
824330
584677
123702
291148
605865
981158
23010
460736
787945
997367
22413
995335
52678
72333
605693
949966
777784
199233
435892
878278
709604
650133
6696
956669
911165
546697
492029
80232
627813
9165
63187
4816
27599
18134
494853
212547
121297
473273
654923
366988
91952
436743
445527
797159
395284
563887
898506
616670
760662
558458
730239
206923
735156
117191
912627
281088
186488
311816
403143
560660
484368
804130
429494
469683
511805
256929
917571
265610
710567
574176
391106
252849
6113
713878
53341
522715
390893
582337
161030
528154
268397
407247
440394
26903
292674
858751
631517
643082
455426
248016
269379
656413
705260
120188
778329
495282
284921
726850
527316
808519
813250
503805
785283
948226
154987
997239
792072
402476
637256
69598
579592
749197
246428
495081
158516
121961
935783
29754
68081
245802
586434
812144
13965
967441
139194
581843
601337
274244
992570
961698
442831
26872
439373
534964
754063
473060
98024
478807
104629
597555
431944
224203
665577
299373
731707
294899
860652
968672
631729
66064
22410
691365
92161
537988
413681
139476
104399
924727
792416
290052
109478
844402
501991
326771
595464
30955
462121
463609
35273
564281
478509
856163
392471
782200
262013
376883
263394
195246
64656
956812
888388
815059
28346
996599
113571
228750
29047
505739
69683
599060
562774
174416
15237
378430
598611
330853
389333
631153
59804
465893
131318
219907
275319
511016
479644
921566
137302
403887
625234
715086
513331
560482
218564
139293
584436
544603
101568
717038
202362
863200
686534
376242
275230
428602
106714
875131
457797
336719
80218
335041
285610
770282
701443
975526
776377
725072
115613
642647
966441
876330
453695
362134
631016
876237
949342
76247
194593
804799
198276
968301
493659
531364
802366
305919
207151
851532
677593
676108
714565
188578
495596
115756
392450
197041
729026
235753
379612
575942
371128
671105
730196
682792
858277
770176
172346
11570
65776
927196
851199
462036
857652
487112
936864
177321
715820
615844
231965
175380
799052
200845
758610
621377
866587
336479
353319
656498
321716
592615
427305
884033
245650
432337
125945
335867
788121
560875
528764
799416
428358
272992
594256
647292
748144
307630
654597
912528
303510
627114
216149
483579
337561
691399
575582
356553
278478
435728
953848
68209
700388
377413
70235
392663
636908
606556
58855
23876
203379
878049
254815
988016
755882
286125
954854
887442
23445
9381
687585
170078
383499
73787
537466
571012
38810
82595
981022
514619
996911
863990
299353
184878
671716
284158
557930
362538
676656
21557
564308
762227
482186
375219
227661
174470
145353
847452
813952
895202
651208
975797
222509
637050
601812
95531
231462
260989
918827
462912
625335
527131
99392
282915
703326
599588
232122
610144
157071
211932
713199
107203
501731
478169
230925
655708
360833
574963
742204
870006
120823
507528
174661
547469
36458
582328
549261
5707
751503
839144
628273
361495
782845
887462
385083
285286
483591
881176
575758
639821
17775
641947
37590
891557
56729
919270
850369
980554
600309
44834
67996
579608
610320
335315
614679
878273
484788
694790
743157
658737
368116
659870
640851
271354
438533
827751
672992
310186
134311
912335
991458
764805
106061
793634
93479
535075
56859
240794
481860
620300
975336
900887
239143
735541
840552
532423
999253
905706
120150
9811
768046
752176
263901
917176
508455
628145
606081
299900
31934
826252
71685
266984
305467
172387
437037
709207
371084
680284
208929
906390
921505
10963
187912
403203
288537
624991
490103
46356
642570
31874
52744
845138
970234
191235
64297
594494
231484
971924
919465
407949
367260
776283
397288
430910
803515
904406
786454
88381
823063
797078
567361
704561
208265
440666
750096
234465
723878
277607
199399
212713
17607
963650
673295
875930
237223
821830
407453
711926
52834
283918
353730
513124
865116
608685
97801
390736
835442
528622
770783
487269
984091
100671
91590
834494
70383
736095
533231
349291
689841
577869
310511
922568
796543
904763
169658
799900
924814
469164
737929
844040
169142
37093
384272
638931
978729
437973
290664
435550
99046
416800
674120
304208
911055
18634
532789
368325
857317
303363
615455
661006
816495
257739
692147
291816
889242
96147
851810
920175
718667
629548
361829
793748
25105
151272
498053
934037
887934
409942
903586
266429
201758
871836
15811
655271
728384
278776
748100
679152
736456
961097
131132
531182
650469
544806
875774
188509
107962
761350
335399
618039
604836
908325
263578
575858
541112
718937
448653
807540
90413
3346
319749
936504
106188
756912
496639
122709
373252
354284
59115
263713
901147
585270
382482
471280
208655
543616
36028
784908
76581
267033
345278
346870
385509
560588
791900
532513
783517
657729
869799
849514
529631
684228
221596
828341
597292
160597
727522
846878
246919
773385
186440
744724
885676
14540
55274
789652
257346
603457
993809
712489
980836
267407
607393
923188
69605
739197
