1000
807610
975088
888357
583326
230606
362336
320154
385257
21710
140805
209797
359638
16526
437157
110975
629423
710272
575848
294952
562049
74889
922842
550189
216917
58861
577054
621917
151863
897205
478805
97200
302725
930260
552878
362680
124338
315529
338675
591415
17334
384968
754073
633271
443191
780529
145838
412529
390227
747454
821755
328951
656324
116533
735080
835861
450408
80494
596652
276458
184124
307112
189090
43150
151388
609712
642464
657825
678650
497220
241246
246845
270041
787618
556037
769483
963908
575807
693119
625951
381632
245856
311694
155771
640204
359009
364896
345366
499120
870193
959257
704318
638989
17633
56192
279447
368981
595652
832963
120203
764860
8890
445119
853045
364478
729151
535280
236215
199484
487969
265260
178117
18883
841550
741706
543832
423641
425022
774565
639339
936272
132793
687131
832139
228459
54346
263048
132620
52830
292928
617075
961250
115677
495957
607782
218697
43580
615126
369440
344765
392446
544434
106348
214698
253275
49724
951430
600035
413433
285248
816428
264527
407393
280930
365308
525342
74535
832647
175019
647819
332423
755256
705168
841987
437528
508315
227061
480172
965852
882575
262576
400731
525306
943595
613006
796358
886717
974515
150334
979183
7907
145752
543528
106625
946604
618353
175114
76104
821516
918508
153589
214782
138952
997772
589111
766673
159765
976324
433515
49937
918273
202944
310942
318339
654224
848397
380275
851279
110849
632190
980153
156527
710837
155075
235094
929493
932507
997273
200364
138571
237967
166294
540615
943812
243432
244716
383403
896057
730448
505672
720292
505728
494457
637641
217810
970758
141321
167685
877945
757540
446225
890851
203147
409815
178167
650567
366348
316301
691017
803978
50637
147002
503568
853600
511071
895142
471550
160664
303683
693654
682184
728816
528977
947699
53967
494252
980704
919431
81117
6540
831900
20048
129158
835500
574633
996990
135718
285817
629373
700960
640500
263169
984552
323949
613870
846859
918694
677074
226573
403861
298886
262244
558691
109267
920636
933875
525423
679896
222535
705040
498942
980478
802758
869945
245896
451146
212255
83280
992879
648878
198535
738070
164889
649349
481696
85030
935914
769944
83887
45361
122085
507657
960685
182074
695499
694388
120496
469671
583887
861765
61800
16705
792694
800858
870541
427455
844122
411454
775795
665694
756511
221591
942309
156220
333397
280888
569908
993141
279088
327096
763794
886919
994284
618012
811862
186156
663846
777199
40421
491891
419873
732321
615921
961536
343583
777208
427999
540188
418932
173129
952275
297706
207064
174220
571456
884598
185963
953934
618776
885900
401043
338425
90934
231314
54070
597663
423736
175206
176891
399879
762038
180436
239560
846129
691260
498557
355954
435832
796172
99204
314766
698072
708161
493519
620748
147163
454997
661467
825334
865483
307295
486488
459018
186173
818880
25139
697012
148381
730686
831651
713455
386911
112040
970954
977903
65222
144974
585729
395088
121782
42958
735300
279820
768101
650762
397178
202719
41381
544366
367480
800883
349119
571855
39317
1051
476697
163759
641052
972483
247239
845664
61647
148672
817080
31976
433715
624020
581757
714325
500395
379920
336695
167936
400916
9824
643664
996261
821720
806959
861965
280978
543970
333084
694076
585835
152745
851746
80706
299081
453323
593624
242467
877323
35524
901672
346107
566510
774105
247063
246229
592919
792132
72682
216600
536255
36103
348221
8887
386018
693474
258042
406703
615603
664672
132951
16651
872196
446688
599216
505933
623947
459991
597518
545124
664786
412774
914033
921460
722294
17531
941384
863434
771388
779775
999075
526185
824742
368852
297216
16356
62648
321972
320765
767484
192165
696399
281201
880925
141986
612455
450016
928446
978722
576094
769587
810384
811879
125312
966791
939532
216598
608538
16219
643649
62006
814240
914525
881085
969947
799987
921011
511494
99782
467948
552808
474946
276146
2596
853516
164889
948183
964306
865984
374702
354868
297242
540587
105883
383075
436711
371572
986571
683028
121821
949480
300169
841009
694181
818070
363784
348858
478001
332271
559211
605983
223007
917829
878249
983452
791968
538759
310751
969533
756539
369256
15075
801705
224239
600132
411509
517456
819038
128660
864499
533839
222198
830125
526760
432636
4313
884156
217675
820361
288759
246173
410992
884183
588603
101128
800960
480944
929900
775657
677185
148199
655444
229174
181987
433106
251031
685365
29639
753559
896290
118781
407445
621354
36589
456137
735096
458431
779772
584467
774461
265632
600853
957682
923090
405717
972091
513017
551511
599226
173135
660461
969633
510304
606355
7108
363669
451623
361519
178747
619009
672809
587742
710213
352264
630570
990325
905745
924636
833575
733225
394288
268826
432175
98201
807110
665056
141616
819504
293684
181317
160697
885236
351517
927319
186422
668949
482548
458105
362247
677531
994850
807044
879122
375426
340052
543059
590615
385905
717807
578398
20296
730954
795323
424375
465589
404750
609094
718780
422142
142099
733572
196629
43328
541007
764322
725403
414986
611937
132320
356415
168566
735655
914591
394168
373016
995555
242373
621210
656357
558559
509147
803584
521708
388630
759591
194040
534223
932610
130555
87474
869070
489639
885048
754064
925108
103648
882926
739817
145471
484040
487473
49510
196574
123159
159917
440707
772181
451017
852393
620744
726198
743900
860993
284527
850730
216133
627106
809933
175771
882476
850451
515265
197945
934669
758878
405127
291688
933616
791423
223974
969942
151077
832438
272897
589121
246260
996363
342067
560906
772063
740648
107516
645571
444940
310970
428572
46001
722153
66510
451026
848121
939939
660080
555771
837819
724309
143242
568598
898410
661633
206718
268800
976587
662520
767445
259737
529966
754857
673183
175372
68587
733663
340159
186862
716347
591555
509165
262321
91884
713691
430359
943631
65266
51228
440317
388060
820393
704941
305091
40696
281460
886142
260049
178828
85802
931496
152038
985716
388243
705858
912495
360054
909882
974826
830247
728001
87050
445764
958559
108100
830188
430863
592424
897958
402626
703448
89732
354534
876283
540981
391203
481633
305122
251249
216459
765656
741893
344582
482118
179746
174187
75897
336846
569372
569784
823632
532162
963834
109836
383425
286467
907392
572577
564398
965751
835070
486175
823506
552503
967345
885758
679564
859255
727934
830558
839306
536962
862773
170339
10236
911444
953841
178889
837749
819961
460205
431939
840390
123260
964341
97689
101245
983317
493482
515268
949651
136088
364320
370554
917414
749094
132059
124125
873866
393078
642209
668132
146986
218118
262461
76402
564157
873724
241433
92890
299625
173399
70068
629205
676014
675048
697903
685310
5177
723222
505524
611948
999120
830616
513398
121221
799136
21799
810715
613680
167673
663800
377790
154288
56374
424516
714089
474062
684294
422256
477243
60582
113811
132972
981954
520213
630210
382281
857988
331871
584245
690067
