100
961899
239877
164648
905513
307133
276841
728811
828077
358766
835471
277066
74942
383864
9624
701499
838816
466250
106629
4148
73514
780254
232159
57138
464223
806038
209370
657785
103785
237114
332272
224336
691762
81828
753512
784882
271793
657444
747299
554614
700772
926674
658613
8728
925602
72974
981185
46551
293004
68944
446820
161889
924002
794975
654779
664196
415382
73007
991994
514478
635342
921950
385613
204521
535186
819974
914624
151626
848894
608933
538
38674
381249
54886
765943
940508
289047
689653
281039
286266
816683
520830
917345
612693
49651
852199
226881
7647
710831
645461
468265
203747
573584
3887
765613
523536
882466
775891
82897
204754
225908
