1000
999612
998588
997629
996635
994907
994711
993265
993056
989019
986272
983633
983505
980469
978521
975349
974995
974723
974668
974567
974109
973926
973918
973362
973141
972407
971636
971632
969724
968867
966683
966456
965889
965559
964588
963752
962734
961781
961463
958919
958112
957666
956417
955736
953136
951797
950443
950054
949083
947884
947109
946455
946383
945913
945843
945601
944713
942865
941986
939487
935987
935159
934733
932476
929314
927776
926450
926301
925724
924835
924585
923594
922867
921962
921959
920537
918660
915482
914032
913946
913244
912060
911413
911010
910563
909356
908685
903506
902367
901264
900595
900337
899960
899325
896983
895160
894821
894687
892910
891662
891457
890990
890850
888290
886610
886293
885880
885749
885637
884705
883082
879181
878875
878816
878689
877502
877361
876947
876113
875506
875265
875160
872136
870661
868403
868329
866878
866374
866009
865501
865052
864372
864110
863478
860027
860011
859815
859271
858980
856168
853327
852785
849293
845422
844853
844643
843473
842870
841922
841272
840173
839797
839113
837419
836756
835449
832539
832345
832103
831472
827637
827156
826152
826079
823729
823494
823476
822357
820314
819509
818718
817814
817335
815400
815040
813334
812996
812450
812115
811534
808792
808588
808022
805608
805416
804537
803208
802713
802253
800859
800857
798774
798625
797400
796376
796089
794014
793794
791909
791811
789579
789540
789350
787984
787532
787458
783426
783057
781484
781087
779063
778473
777698
777294
777138
776328
775994
775622
775169
774291
772482
772055
771073
770957
770599
769130
768911
768665
766266
765700
765503
763646
763453
763017
762327
762131
761897
761722
761065
759965
759223
758244
758164
753614
753361
752012
751803
750103
747808
747076
746368
742368
740331
740067
739488
739429
737735
736690
736508
736362
734974
734920
734059
733463
732804
732428
731758
729931
729516
729287
729240
728674
725677
725278
724989
724423
723114
722657
722152
720277
720049
718964
717204
717096
714925
714308
712306
711814
710787
708620
706418
703814
703729
702738
702524
701616
700851
698778
698285
697266
696397
694290
694193
694172
693394
692343
692140
691386
690061
688656
687173
686892
685937
685401
685315
684683
684084
683618
682218
681958
681529
681382
680360
679845
679623
679521
677798
676992
676823
675102
674131
671745
670726
669471
669037
667701
667651
665038
663333
662690
662457
661996
660351
657914
653969
653108
652301
652190
650659
650200
649234
648801
647614
646904
644882
644625
641966
641866
641725
641682
640105
639174
638983
637724
637666
637470
637426
637313
636814
636419
635795
635371
634888
633407
633398
633247
627831
623503
620815
620621
620293
619977
618325
618061
616823
616396
614256
613190
612213
610626
609926
609529
608953
608907
608879
606482
602526
600066
599101
597746
597570
597061
594556
594434
593174
592867
592199
591002
590590
589592
589344
589236
589127
587717
586024
585967
584754
584054
584035
582440
581120
580304
580170
578144
577412
576360
575885
570394
570212
568874
567696
567510
567453
566906
566419
566214
565749
565189
565058
563698
556804
555848
554689
554598
553740
551852
550993
550724
549384
548539
548120
547751
547604
547499
544972
543725
542279
542265
541795
540409
540014
539718
539642
538055
535596
534523
532097
531390
529905
529887
529677
528317
528272
525534
524390
523995
523924
523308
522639
521614
521081
520205
519921
519732
517495
515513
514202
511175
507616
507115
506828
506809
503970
502306
501246
500643
499265
499076
496896
496488
494158
492839
490098
490050
489293
489183
487028
486586
484366
483739
483330
483159
482565
482037
481858
480843
480075
479111
478191
478168
477957
477403
476170
475891
474256
474125
472368
471777
471054
469169
464213
461701
459688
459067
458505
458288
457929
456325
455847
454632
453732
453519
452714
451915
450540
450526
450128
449063
448855
447590
445917
442787
442490
441982
441936
441250
440025
439467
437722
437031
436724
436681
435605
435308
435134
435023
434382
433624
429716
428749
428680
428482
426867
425920
423816
423445
422235
422177
421561
421182
420380
417407
417133
416077
415947
415145
412165
411455
411297
410073
409521
409512
406544
405969
405712
405145
403814
400378
399007
398477
397595
397275
396324
396316
396268
394732
393874
393156
391563
391380
390353
390084
388816
387737
387437
386406
386234
385848
385251
384084
382948
382816
382224
381938
380744
379569
377737
377212
373472
372536
372375
371363
371354
371100
370437
370116
369583
369112
367436
366877
366831
365720
365301
364614
363961
363733
362072
361798
358651
358218
357359
356777
355754
355238
354966
354888
353356
353345
350078
348901
348398
348031
345224
344113
342078
341585
340503
339179
338992
337912
336490
336138
336000
332431
331672
331560
327961
327554
327358
326871
325516
324928
324878
324221
322750
322682
322622
319880
319340
317134
315925
314109
313529
313516
312376
311289
310656
309481
309335
308719
308274
306376
306248
304065
302209
302191
301960
301770
301020
300976
299712
298213
295095
294672
291618
290635
289697
288635
288321
287149
283780
283610
279220
278864
278671
278271
277744
277719
277629
277039
276990
274318
272840
270625
270203
269926
269920
269338
267814
267674
265282
264779
264580
264202
262243
262230
259866
258507
255033
254605
253671
253087
252225
250050
246372
246070
244380
244320
243447
243196
243069
242884
241007
240877
238851
238225
238012
237792
237319
236755
235997
234721
233458
233202
232073
230791
230063
229157
228631
227611
226376
225729
223264
222582
222132
220338
220128
220081
219693
218582
218567
218199
217018
216351
215158
214416
212428
209053
208808
208685
207450
206824
206539
206446
206033
204639
203660
201837
200164
200000
198934
198077
197628
196192
195770
194408
194289
192905
192683
191012
189895
186321
185225
184617
184427
183224
182757
182052
179244
178319
176345
174910
174023
173387
173222
173220
173181
172899
172554
171118
167270
167137
166660
166540
166395
166226
164415
163758
162551
162042
161567
161501
161090
160498
160329
158412
156705
156692
155507
155244
153654
152179
152017
149198
148959
146603
146297
145374
143564
143553
143492
143476
141606
141555
141505
140386
138684
136479
136401
134716
132751
130620
127181
127160
125738
125322
123655
123215
120390
120330
120290
119384
118172
117085
115609
114720
114662
114231
113063
112563
111914
108215
108178
107829
105937
105416
104549
104025
103821
103567
102979
100641
100208
99969
98454
98449
98342
98276
98096
98000
97598
93602
93004
92403
91621
91134
90103
90063
88742
84669
83468
83450
83022
82374
82365
80586
79893
79046
77089
76825
73873
73794
73244
73189
69177
68458
67481
66503
65254
64583
64176
63161
62159
61800
61239
60351
59785
59022
58671
57312
52794
52507
52400
52393
49552
48456
47968
46688
46030
45411
42359
41080
39239
38732
33248
33124
32255
31853
31723
30700
28991
28229
24592
23963
22746
20995
20906
20884
20710
19683
19627
19250
17681
16353
12838
11451
7139
6831
4897
4785
3679
