100
986816
971651
954513
944140
941088
927337
919874
886086
884229
873706
867242
861653
854234
853692
851901
847548
846490
839170
838348
837607
807835
805468
782481
779825
749194
740212
721755
720199
714102
711756
695379
687430
675879
672498
666373
666175
652886
636923
625088
622193
618053
610708
603495
592225
590024
570937
565752
550060
548463
546265
544141
517592
464781
460992
459623
457310
443443
437362
426620
425782
421314
409373
401019
400956
391953
386602
315026
304778
303233
290448
274769
274244
273449
272687
272234
256064
252198
190168
186124
173789
156823
135175
126410
120927
116784
113308
101889
96538
89067
65955
65798
64376
57448
57292
51022
26506
26477
24073
23498
14511
