10000
999986
999908
999881
999554
999413
999350
999340
999338
999226
999208
999055
999043
998853
998696
998683
998673
998648
998638
998357
998296
998043
998015
997993
997743
997581
997453
997275
997146
996958
996958
996870
996822
996810
996564
996521
996415
996186
996176
996112
995905
995895
995852
995673
995542
995452
995375
995310
995280
995254
995097
995031
995030
994681
994573
994513
994429
994365
994319
994302
994233
994159
994016
994012
993944
993915
993620
993538
993515
993498
993437
993307
993287
993193
993145
993129
992961
992812
992714
992682
992616
992492
992459
992226
992216
992205
992162
992159
992143
992105
991477
991332
991189
991089
991076
991022
990948
990861
990850
990796
990779
990686
990648
990638
990612
990386
990329
990092
990012
989988
989936
989898
989739
989620
989505
989272
989054
989019
988986
988964
988865
988829
988825
988616
988535
988467
988089
987912
987863
987859
987812
987603
987564
987319
987287
987023
986955
986914
986696
986694
986694
986684
986651
986458
986436
986374
986348
986298
986222
985938
985722
985423
985394
985346
985315
985143
984915
984775
984703
984670
984628
984481
984137
983980
983908
983837
983777
983773
983530
983519
983411
983171
983150
982928
982743
982678
982558
982532
982528
982433
982284
982191
982144
982071
981815
981799
981770
981726
981692
981600
981337
981149
981096
981080
980963
980870
980835
980430
980401
980097
979952
979940
979874
979804
979637
979582
979461
979423
979263
979069
979061
978997
978979
978953
978918
978848
978746
978338
978292
978289
978266
978194
978138
978132
978055
977993
977907
977722
977214
977191
977152
977124
977054
977052
977018
976985
976913
976879
976857
976760
976498
976382
976248
976102
975974
975948
975941
975795
975767
975413
975378
974325
974194
973864
973818
973636
973525
973525
973288
973171
973031
973027
972858
972807
972779
972730
972724
972681
972582
972579
972413
972364
972295
972278
972251
972057
971841
971821
971817
971806
971660
971606
971508
971479
971432
971192
971106
971066
970778
970739
970527
970437
970412
970303
970182
970170
970168
970102
970028
970012
969910
969880
969803
969751
969654
969506
969476
969460
969369
969344
969342
969244
969212
969200
969145
969043
968755
968705
968704
968502
968457
968359
968319
968236
968127
968048
968036
967782
967422
967072
966990
966798
966603
966602
966598
966446
966432
966327
966320
966262
966146
966092
966018
965971
965943
965909
965858
965818
965810
965777
965644
965517
965495
965428
965380
965065
964831
964806
964793
964603
964556
964444
964342
964216
964031
963988
963947
963893
963850
963659
963623
963451
963405
963321
963225
963168
963144
963118
963067
962993
962941
962874
962851
962490
962445
962232
962140
962009
961709
961485
961448
961427
961382
961342
960923
960835
960802
960684
960580
960459
960448
960336
960293
960272
960117
959873
959760
959292
959107
959107
958989
958787
958608
958596
958526
958480
958156
957945
957881
957878
957615
957473
957444
957327
957151
957083
957078
957031
957013
956939
956930
956900
956671
956590
956416
955933
955766
955562
955451
955407
955325
955262
955102
954855
954402
954385
954379
954133
954119
954037
953954
953900
953623
953537
953488
953333
953188
953087
953056
952620
952345
952283
952197
951820
951749
951694
951607
951605
951592
951517
951431
951216
950898
950808
950778
950763
950729
950671
950656
950530
950403
950207
950187
950152
950143
950038
950023
949918
949821
949724
949658
949591
949581
949509
949360
949303
949227
948983
948894
948642
948527
948404
948263
947962
947906
947871
947818
947390
947300
947245
946900
946828
946714
946640
946625
946443
946307
946277
946173
946122
946032
946027
945573
945557
945309
945297
945277
945197
944894
944892
944869
944803
944695
944312
943938
943924
943868
943751
943724
943687
943659
943611
943460
943454
943387
943296
943178
943121
943104
943079
942975
942960
942938
942834
942823
942804
942787
942716
942633
942610
942427
942366
942325
942179
942089
941993
941945
941753
941700
941650
941562
941559
941554
941469
941440
941426
941387
941353
941281
941058
941049
940993
940859
940813
940468
940417
940374
939950
939698
939588
939394
939188
939154
939135
939102
938770
938717
938547
938525
938391
938319
938220
938208
938152
938029
937985
937778
937714
937666
937626
937454
937293
937276
937139
937082
936979
936905
936847
936824
936802
936649
936623
936367
936241
935926
935878
935685
935504
935405
935338
935140
935080
934758
934612
934478
934307
934167
934083
934040
934026
933909
933745
933730
933654
933650
933617
933565
933235
933197
933054
933046
933043
932988
932983
932865
932795
932758
932723
932706
932679
932671
932660
932539
932334
932075
932001
931972
931663
931445
931400
931162
931056
930998
930945
930804
930762
930683
930654
930562
930483
930280
930260
930214
930177
930176
930036
930016
929932
929883
929875
929721
929637
929635
929518
929475
929428
929397
929162
929133
929081
928928
928922
928848
928672
928417
928233
928160
928135
928017
927695
927673
927665
927650
927472
927411
927346
927263
927228
927100
927056
927031
926949
926914
926782
926779
926735
926623
926594
926414
926362
926101
925942
925745
925562
925364
925358
925355
925258
925078
925075
924899
924812
924808
924793
924765
924753
924689
924544
924146
924128
924106
924103
924095
924086
923894
923831
923755
923656
923358
923326
923076
922982
922882
922758
922548
922405
921725
921707
921704
921649
921529
921469
921304
920999
920744
920734
920722
920703
920679
920627
920618
920464
920442
920412
920365
920074
920045
919804
919731
919724
919661
919635
919563
919555
919354
919174
919098
919062
919015
919014
918994
918965
918923
918923
918817
918786
918374
918198
918088
917672
917599
917554
917471
917390
917353
917302
917207
917102
916773
916609
916544
916202
915904
915711
915268
915215
915198
915083
915032
914791
914737
914733
914632
914594
914488
914272
914194
914165
914038
914020
913962
913868
913834
913719
913707
913558
913558
913553
913498
913473
913344
913108
913049
912946
912910
912888
912574
912449
912424
912381
912352
912348
912336
912085
912016
911994
911982
911904
911735
911574
911403
911021
911006
910915
910880
910845
910819
910776
910706
910678
910430
910259
909938
909859
909789
909339
909257
909227
909161
909072
908882
908867
908772
908625
908591
908386
908317
908171
908116
908083
908065
908046
907808
907752
907650
907495
907373
907347
907340
907335
907314
907283
907269
907205
907048
906746
906660
906550
906421
906265
906181
906175
906105
906094
905976
905785
905675
905645
905632
905627
905600
905567
905532
905467
905404
905239
905214
905075
905050
904948
904742
904733
904706
904420
904352
903994
903889
903793
903649
903576
903225
903197
903118
903039
903032
903007
902862
902769
902684
902647
902631
902597
902553
902534
902456
902340
902155
902011
902011
901919
901890
901679
901569
901476
901439
901029
900920
900784
900700
900587
900268
900160
900085
900062
900054
899919
899800
899790
899735
899683
899671
899656
899638
899343
899311
899239
899196
899092
899015
898952
898914
898867
898756
898447
898426
898339
898121
898107
897947
897924
897887
897738
897675
897528
897523
897516
897468
897351
897338
897136
897111
896823
896803
896788
896787
896619
896456
896447
896438
896335
896205
896189
896157
896131
895940
895917
895786
895689
895576
895457
895376
895320
895186
895043
895009
894972
894816
894748
894739
894624
894329
894103
893930
893883
893832
893678
893642
893594
893519
893500
893497
893457
893322
893303
893015
892952
892922
892815
892677
892183
891998
891986
891749
891439
891371
891248
891232
891220
890946
890817
890776
890740
890572
890517
890070
889901
889856
889812
889734
889730
889684
889579
889510
889451
889366
889194
889086
889057
888931
888911
888668
888410
888382
888178
888090
887668
887579
887428
887147
887034
886915
886577
886547
886324
886135
886121
885922
885867
885852
885814
885655
885589
885566
885473
885362
885339
885313
885261
884977
884896
884749
884621
884374
884367
884331
884300
884270
884170
883997
883802
883800
883743
883686
883543
883533
883520
883384
883236
882981
882928
882809
882485
882464
882299
882056
882024
881964
881888
881725
881672
881672
881562
881489
881281
881277
881228
880802
880584
880553
880532
880522
880521
880384
880317
880217
879851
879736
879689
879650
879433
879346
879345
879273
879177
879166
878923
878811
878733
878663
878640
878478
878138
878128
877978
877899
877882
877880
877564
877401
876933
876900
876880
876876
876768
876736
876718
876693
876672
876646
876624
876566
876549
876410
876217
876092
876010
875919
875917
875899
875886
875713
875682
875481
875422
875340
875222
875125
875110
875088
875087
874908
874833
874712
874624
874484
874483
874301
874262
874032
873924
873865
873811
873682
873348
873274
873246
873105
872863
872790
872731
872291
872204
872097
872094
871882
871864
871759
871709
871709
871676
871664
871530
871527
871517
871212
871134
870832
870631
870596
870528
870459
870419
870379
870355
870162
870042
869940
869850
869705
869683
869609
869538
869496
869485
869219
869204
869163
869152
868979
868789
868760
868725
868604
868543
868542
868513
868409
868325
868292
868278
868169
868058
867811
867732
867639
867623
867620
867617
867595
867543
867434
867404
867249
867149
867136
867078
867030
866981
866777
866705
866698
866599
866468
866399
866291
866136
866059
866004
865962
865954
865857
865854
865761
865691
865559
865534
865394
865374
865139
864936
864837
864657
864445
864291
864136
863892
863786
863649
863549
863417
863399
863003
862968
862946
862906
862859
862728
862571
862503
862410
862335
862198
862130
862071
861795
861684
861533
861203
861160
861111
860845
860616
860591
860572
860382
860315
860284
860275
860186
860116
859826
859782
859690
859653
859442
859355
859304
859255
859112
859068
859043
858982
858933
858925
858391
858360
858352
858212
857749
857620
857494
857288
857169
857103
857034
857001
856928
856867
856847
856546
856255
856253
856239
856191
856029
855820
855626
855542
855465
855381
855318
855265
855113
854989
854869
854849
854575
854552
854517
854455
854443
854398
854321
853922
853664
853540
853360
853005
852825
852794
852752
852692
852680
852656
852652
852533
852517
852400
852291
852248
852242
852206
852184
852165
852134
852068
852031
852027
852000
851967
851779
851776
851735
851703
851615
851456
851287
851271
851268
851198
851057
851026
850977
850888
850852
850838
850657
850607
850535
850521
850322
850279
850228
850192
850013
849929
849594
849275
849215
849007
848786
848758
848699
848582
848555
848475
848414
848304
848112
848101
848041
848018
847907
847748
847597
847553
847526
847503
847419
847261
846981
846922
846865
846847
846801
846793
846704
846583
846496
846378
846360
846354
846298
846285
846244
846131
845900
845875
845452
845115
844983
844968
844793
844708
844686
844422
844328
844201
844196
844162
844158
844079
843993
843910
843839
843750
843723
843554
843478
843367
843335
843324
843272
842892
842730
842531
842432
842272
842121
842033
841986
841901
841863
841827
841773
841726
841608
841555
841477
841467
841384
841338
841293
841249
841200
841114
840744
840732
840689
840664
840364
840299
840039
839546
839527
839473
839193
839089
838803
838720
838657
838653
838630
838604
838455
838381
838135
838073
838041
838033
838029
837986
837807
837347
837270
837219
837182
836841
836807
836498
836333
836272
836236
836146
836066
836053
835919
835884
835866
835811
835396
835015
834714
834713
834679
834652
834491
834366
834344
834079
834050
834025
834018
833889
833514
833511
833458
833347
833305
833293
833138
833122
833094
832745
832718
832718
832531
832455
832412
832316
832216
832170
831900
831883
831837
831679
831624
831585
831573
831557
831541
831292
831008
830974
830959
830735
830731
830715
830645
830408
830403
830254
830219
830179
830008
829975
829974
829903
829881
829769
829624
829567
829358
829284
829042
828995
828993
828973
828919
828909
828901
828793
828787
828654
828595
828515
828192
827840
827802
827758
827653
827630
827576
827557
827317
827266
826653
826196
826142
825901
825901
825812
825743
825664
825422
825417
825383
825368
825349
825276
825252
825040
825025
824632
824532
824514
824498
824368
824317
823787
823752
823327
823287
823134
823067
823025
822804
822708
822673
822627
822602
822498
822490
822471
822382
822357
822176
822112
822071
821916
821785
821738
821642
821631
821522
821511
821434
821281
821074
821033
820991
820919
820850
820836
820812
820677
820638
820607
820391
820184
819796
819520
819501
819467
819364
819275
819241
819221
819044
818770
818601
818484
818300
818294
818188
817964
817878
817828
817786
817761
817729
817656
817637
817616
817600
817580
817377
817355
817209
817193
817028
816992
816630
816620
816584
816407
816367
816333
816269
816232
816054
816021
815721
815566
815457
815423
815421
815334
815268
815112
815085
815025
814844
814796
814752
814611
814318
814273
814226
814130
814084
814030
813917
813903
813798
813516
813479
813450
813381
813260
813165
812831
812718
812692
812687
812540
812458
812276
812199
812093
812082
811915
811864
811804
811790
811661
811448
811295
811226
811172
811082
811059
811011
810873
810778
810677
810398
810308
810256
810172
810082
809974
809864
809864
809780
809766
809735
809706
809587
809516
809429
809105
808820
808797
808794
808726
808716
808678
808363
808271
808152
808126
808097
808097
808090
808036
807981
807947
807854
807710
807467
807418
807228
807150
806944
806702
806679
806547
806439
806370
806287
806131
806042
805940
805611
805572
805490
805321
805201
804754
804659
804474
804315
804311
804201
804081
804013
803958
803910
803793
803655
803557
803367
803134
803079
802888
802802
802573
802407
802279
802171
802053
801921
801843
801469
801451
801380
801370
800857
800790
800727
800686
800578
800433
800371
800125
800084
800063
799897
799865
799833
799711
799576
799507
799441
799440
799096
799027
798939
798914
798840
798788
798586
798583
798560
798453
798290
798247
797851
797735
797709
797647
797583
797527
797182
797083
796966
796919
796873
796845
796677
796642
796642
796564
796456
796371
796345
796283
796122
796022
796021
795740
795729
795694
795690
795307
795255
795203
794479
794350
794326
794300
794280
794068
793875
793653
793641
793584
793165
793051
793044
792905
792858
792857
792762
792724
792673
792454
792093
792070
791980
791973
791964
791876
791860
791802
791758
791472
791434
791415
791379
791361
791335
791315
790949
790703
790452
790379
790379
790063
789932
789701
789699
789550
789535
789436
789382
789329
789111
788912
788674
788657
788413
788001
787981
787899
787854
787839
787771
787712
787661
787381
787370
787368
787301
787164
787057
786975
786961
786741
786712
786639
786464
786086
785845
785652
785489
785336
785267
785197
785144
785007
784982
784955
784702
784674
784552
784550
784514
784433
784375
784293
784271
784186
784092
783994
783951
783925
783834
783598
783192
783191
783165
783091
783069
782934
782781
782697
782559
782490
782375
782346
782317
782226
782193
781945
781830
781753
781658
781333
781245
781117
781059
781043
780905
780820
780794
780633
780418
780232
780187
780167
780067
779902
779785
779668
779641
779601
779482
779446
779180
779020
778987
778940
778936
778901
778639
778623
778605
778342
778323
778321
778193
778035
777921
777680
777566
777486
777226
776910
776810
776756
776731
776583
776568
776563
776526
776513
776426
776257
776116
776080
776079
776056
775972
775798
775774
775651
775611
775429
775408
775383
775271
775162
775045
775027
775002
774916
774853
774828
774722
774700
774366
774362
774273
774233
774097
773992
773960
773794
773729
773713
773588
773530
773408
773395
773275
773174
773157
773090
772956
772944
772919
772875
772784
772746
772610
772548
772463
772342
772258
772232
772141
772087
771991
771922
771887
771595
771535
771500
771381
771207
771124
771095
770945
770862
770747
770537
770400
770213
770143
769974
769904
769769
769649
769162
769129
768916
768891
768870
768866
768658
768544
768250
768147
768126
768010
767975
767935
767911
767574
767567
767498
767181
767147
767034
766968
766907
766869
766524
766459
766408
766407
766268
766206
766161
765933
765913
765845
765719
765689
765627
765484
765464
765442
765393
765326
765248
764916
764830
764814
764760
764751
764735
764710
764564
764499
764343
764232
764218
764016
763978
763903
763900
763859
763859
763841
763832
763820
763775
763543
763505
763410
763377
763313
763254
763227
763188
763132
762823
762539
762497
762487
762388
762374
762354
762091
762077
762064
762059
762014
761816
761811
761780
761760
761746
761732
761647
761381
761354
761194
761180
761120
760881
760764
760655
760628
760525
760465
760300
760236
760014
759912
759879
759749
759617
759608
759466
759203
759142
759031
758999
758663
758661
758641
758455
758448
758443
758403
758319
758246
758171
757939
757770
757711
757351
757306
757171
756999
756675
756616
756552
756535
756383
756363
756326
756322
756187
755959
755853
755835
755678
755594
755522
755510
755274
755269
755107
755083
754773
754758
754702
754495
754326
754238
754220
754146
754096
753540
753513
753302
753301
753249
753214
753177
753176
753102
753068
752757
752605
752406
752399
752284
751983
751902
751827
751515
751500
751305
751220
751064
751040
751030
750770
750703
750701
750492
750423
750388
750371
750281
750193
750190
750109
750084
750029
750021
749978
749966
749957
749797
749710
749654
749366
749226
749013
748978
748827
748776
748475
748296
748282
748272
748268
748141
747911
747905
747409
747113
747066
747018
747005
746987
746847
746840
746772
746759
746746
746706
746456
746366
746327
746155
746154
746075
745971
745822
745689
745586
745520
745412
745329
745310
745221
745185
745057
745051
745010
744780
744529
744464
744456
744403
744383
744262
744090
743870
743838
743829
743755
743602
743096
742956
742710
742594
742470
742264
742246
742156
742128
742089
742059
742044
741982
741766
741599
741451
741420
741395
741341
741250
741249
740717
740699
740628
740234
740089
740060
739974
739902
739901
739743
739488
739276
739126
739096
738973
738968
738922
738791
738536
738531
738430
738345
738301
738256
738139
738126
738070
738038
737954
737946
737811
737594
737537
737376
737271
737082
736965
736867
736702
736515
736404
736343
736326
736225
736196
736175
736047
735889
735709
735454
735428
735151
735108
735105
735078
734793
734651
734561
734407
734298
734080
734059
733995
733909
733832
733829
733650
733641
733619
733525
733469
733053
732838
732835
732711
732677
732649
732639
732612
732586
732527
732501
732343
732260
732203
732058
731872
731834
731392
731376
731291
731240
731219
731065
730883
730846
730697
730616
730586
730536
730443
730418
730352
730237
730178
730165
730114
729952
729785
729741
729620
729526
729522
729165
728820
728757
728743
728666
728660
728510
728487
728222
728050
727727
727558
727410
727400
727228
727148
727134
726994
726977
726975
726860
726834
726428
726397
726038
725965
725790
725631
725558
725272
725259
725250
725246
724997
724989
724926
724925
724914
724895
724604
724595
724565
724515
724465
724284
724273
724063
724035
723837
723704
723286
723223
723211
723187
723171
723118
723071
723020
722980
722946
722927
722688
722573
722541
722444
722412
722352
722174
722146
722104
722049
721995
721976
721910
721873
721708
721646
721557
721356
721334
721327
721133
721124
720981
720442
720350
720216
720170
720063
719981
719883
719605
719336
719160
719081
718913
718908
718882
718559
718458
718205
718092
718057
718038
718007
717990
717705
717681
717665
717631
717598
717427
717332
717199
717025
716900
716897
716777
716745
716643
716635
716366
716215
716201
715958
715955
715813
715714
715639
715497
715393
715360
715350
715332
715253
715215
715193
714869
714720
714685
714641
714328
714230
714170
714059
714057
714005
713882
713752
713534
713528
713167
713129
713089
713031
713004
712740
712717
712709
712690
712684
712648
712501
712479
712444
712303
712139
712096
712064
711991
711957
711897
711713
711711
711577
711433
711336
711247
711187
711131
711095
710687
710686
710653
710596
710423
710419
710225
710079
710075
709966
709912
709848
709605
709419
709359
709304
709296
709235
709218
709140
709011
708774
708752
708637
708435
708400
708325
708183
708133
708042
708004
707892
707518
706924
706681
706601
706577
706504
706393
706392
706391
706310
706287
706141
705972
705737
705584
705570
705543
705392
705356
705274
705247
705156
705086
705079
704983
704935
704879
704640
704628
704339
704218
704074
703681
703576
703311
703176
702817
702748
702572
702557
702520
702511
702342
702255
702183
701954
701873
701872
701830
701707
701611
701318
701164
701039
700938
700844
700668
700635
700544
700533
700404
700158
699926
699840
699654
699524
699488
699417
699165
699066
698584
698420
698386
698335
698267
698105
697896
697883
697835
697769
697751
697480
697361
697189
697143
697129
697108
696942
696721
696525
696522
696267
696247
695984
695921
695873
695839
695682
695660
695576
695574
695562
695461
695428
695308
695288
695193
695159
695040
695016
694940
694712
694680
694632
694607
694504
694369
694184
694152
694133
694099
693976
693871
693834
693719
693682
693633
693441
693288
693192
692890
692826
692758
692720
692667
692626
692408
692086
692035
691941
691938
691645
691598
691596
691172
691115
691022
690826
690739
690694
690623
690623
690622
690610
690598
690433
690313
690123
689845
689807
689725
689655
689592
689433
689424
689338
689266
689234
689171
689107
689094
689007
688973
688907
688726
688429
688374
688315
688281
688185
688166
688090
687974
687917
687851
687677
687227
686973
686919
686590
686271
686156
685973
685966
685529
685453
685241
685097
685073
684920
684858
684606
684551
684507
684362
684323
684183
683928
683877
683831
683717
683606
683345
683294
683256
683234
682994
682947
682945
682830
682564
682525
682482
682471
682464
682362
682225
682201
682134
682075
682039
682038
681979
681900
681900
681884
681826
681783
681686
681684
681669
681633
681564
681525
681489
681389
681248
681139
680898
680620
680516
679993
679852
679811
679728
679645
679539
679386
679286
679264
678977
678959
678937
678845
678794
678785
678601
678469
678468
678337
677896
677524
677320
677274
677175
677108
677059
677057
677048
676932
676930
676883
676607
676553
676296
675994
675884
675862
675858
675750
675687
675596
675491
675473
675061
675058
674963
674957
674799
674614
674492
674435
674285
674205
674166
674133
674082
674051
674046
674003
673877
673844
673594
673467
673415
673322
673199
673181
673138
672496
672376
672281
672252
672082
672067
672064
671934
671878
671531
671382
671344
671317
671224
671104
671095
670846
670837
670677
670606
670559
670385
670367
670148
670073
669692
669467
669404
669360
669183
669147
669054
668983
668974
668869
668632
668600
668405
668371
668291
668245
668205
668067
668023
667981
667882
667841
667835
667761
667758
667696
667652
667600
667600
667551
667169
667015
666968
666847
666732
666715
666542
666413
666378
666359
666211
666098
666084
665847
665727
665658
665654
665570
665343
665322
665241
665138
665061
664992
664956
664924
664803
664722
664608
664247
664235
664219
664195
664163
663939
663828
663798
663658
663646
663391
663346
663321
663183
663141
663088
662938
662914
662879
662815
662735
662632
662591
662581
662545
662534
662498
662489
662417
662400
662256
662206
662146
662103
661937
661928
661920
661827
661824
661734
661675
661655
661630
661560
661523
661501
661331
661228
660970
660730
660562
660401
660365
660295
660157
660014
660013
659911
659770
659745
659509
659371
659212
659148
659112
659039
658719
658612
658589
658415
658404
658394
658346
658331
658245
658219
658123
658029
657995
657854
657841
657826
657725
657685
657524
657431
657344
657318
657300
657212
657110
657061
656907
656861
656811
656726
656469
656295
656218
655898
655832
655792
655534
655491
655437
655418
655369
655336
655233
655203
655091
654926
654907
654829
654802
654675
654292
654250
654187
654126
653974
653879
653782
653740
653660
653654
653393
653389
653297
653080
653055
652928
652835
652788
652757
652676
652613
652435
652432
652374
652346
652302
652026
652023
651982
651933
651845
651793
651737
651591
651512
651496
651117
651069
651066
651029
650996
650941
650882
650726
650681
650651
650619
650569
650496
650265
650247
650053
649918
649865
649837
649678
649663
649575
649382
649326
649081
649034
649026
648875
648858
648834
648418
648333
648142
648092
647894
647870
647868
647702
647487
647423
647416
647409
647065
647017
647002
646877
646468
646326
646223
646066
645857
645612
645430
645397
645377
644948
644912
644604
644559
644544
644536
644511
644510
644466
644387
644355
644285
644098
644021
644002
643949
643880
643857
643714
643662
643617
643482
643440
643386
643337
643213
643211
643176
642924
642699
642673
642646
642492
642220
641912
641859
641766
641722
641487
641450
641405
641314
640974
640931
640911
640862
640822
640813
640802
640628
640538
640501
640486
640443
640431
640387
640263
640165
639975
639968
639959
639912
639900
639851
639668
639476
639424
639401
639376
639331
639261
638714
638465
638415
638395
638381
638229
638116
638017
637749
637728
637716
637591
637523
637285
637233
636994
636933
636846
636803
636537
636530
636421
636396
636382
636300
636255
636184
636176
636114
636029
635640
635404
635386
635218
635186
635150
635104
635090
634965
634958
634603
634427
634194
634182
633928
633909
633886
633862
633834
633816
633713
633654
633624
633402
633315
633288
633140
633053
632920
632878
632760
632689
632645
632397
632394
632326
632192
632184
632138
632000
631906
631794
631772
631720
631680
631645
631513
631402
631128
631078
631066
630900
630883
630845
630828
630656
630602
630174
630166
630089
629958
629820
629687
629624
629580
629527
629440
629379
629199
629054
629044
628951
628827
628779
628776
628731
628720
628663
628426
628422
628224
628127
627914
627911
627800
627761
627753
627709
627707
627650
627598
627467
627384
627231
627198
627168
627048
626932
626881
626792
626775
626702
626677
626670
626645
626622
626596
626500
626427
626387
626318
626304
626126
626066
626048
626035
625976
625970
625949
625677
625565
625243
625161
624944
624927
624818
624641
624507
624091
623993
623976
623960
623945
623870
623839
623728
623694
623662
623633
623410
623233
623017
622931
622882
622870
622863
622769
622748
622534
622513
622330
622235
622162
622104
622065
621989
621972
621970
621839
621797
621736
621722
621714
621703
621690
621431
621419
621366
621361
621321
621076
620982
620914
620849
620814
620452
620429
620350
620162
619756
619614
619320
619251
619236
619178
619042
619020
618963
618893
618839
618771
618555
618484
618331
618162
618005
618001
617901
617790
617745
617725
617405
617244
617209
617181
617129
617125
616831
616592
616523
616519
616463
616363
616356
616293
616246
616000
615970
615853
615758
615646
615253
615045
614985
614958
614892
614862
614739
614608
614580
614535
614441
614416
614374
614303
614191
614079
613987
613967
613814
613813
613812
613756
613713
613665
613656
613646
613598
613362
613056
613037
612895
612719
612668
612595
612564
612451
612246
612131
611906
611819
611676
611601
611492
611435
611426
611384
611200
611127
611070
610889
610888
610867
610766
610725
610545
610455
610352
610272
610164
610012
609793
609739
609572
609332
608898
608876
608840
608830
608716
608569
608410
608040
607678
607588
607407
607298
607296
607164
607081
607012
607006
606423
606310
606027
605985
605972
605896
605855
605845
605832
605683
605679
605636
605547
605388
605371
605269
605248
605190
604856
604801
604783
604764
604409
604127
604085
604010
603985
603887
603874
603820
603725
603654
603265
603132
602985
602917
602377
602312
602298
602257
602158
602118
601807
601806
601746
601642
601486
601061
601053
601051
600939
600920
600869
600512
600486
600451
600450
600174
599823
599727
599506
599458
599389
599371
599365
599365
599221
599214
599191
599078
598915
598900
598844
598821
598681
598681
598561
598516
598353
598353
598339
598195
597992
597985
597903
597842
597741
597729
597670
597662
597502
597485
597424
597393
597388
597323
597305
597298
597220
597088
597038
596981
596937
596832
596792
596753
596747
596696
596470
596455
596254
596005
596004
595701
595662
595363
595204
595054
594810
594732
594727
594676
594467
594404
594340
594267
594210
593697
593630
593492
593239
592959
592778
592736
592668
592648
592406
592331
592088
591953
591913
591857
591803
591646
591629
591603
591556
591428
591400
591259
591155
590968
590852
590619
590584
590556
590488
590456
590403
590376
590353
590227
590204
590192
589956
589910
589796
589668
589562
589270
589104
589034
589008
588956
588898
588581
588393
588389
588353
587904
587858
587849
587833
587771
587738
587673
587611
587608
587274
587262
587246
587228
587086
587006
586862
586837
586822
586279
586242
586200
586150
586065
586036
585885
585884
585872
585772
585615
585607
585519
585447
585294
585264
584798
584759
584605
584589
584552
584332
584131
584113
584024
583983
583848
583840
583834
583788
583718
583696
583585
583567
583517
583360
583299
583228
583208
583113
583007
582881
582808
582780
582749
582733
582716
582590
582278
582230
582176
581989
581911
581901
581834
581721
581716
581694
581676
581629
581577
581351
581196
581186
580980
580978
580729
580660
580651
580549
580546
580450
580362
580194
580129
579687
579569
579550
578930
578862
578823
578804
578623
578521
578489
578441
578426
578133
578012
577865
577803
577795
577563
577524
577504
577335
577233
577231
577205
577045
576951
576876
576857
576779
576751
576567
576501
576389
576261
576245
576192
576004
575746
575589
575516
575409
575368
575179
575138
575016
574994
574963
574847
574778
574767
574731
574663
574433
574386
574360
574297
574230
574189
574177
574139
573997
573891
573735
573732
573583
573581
573504
573485
573473
572786
572690
572632
572591
572476
572106
572098
571974
571874
571675
571277
571272
571204
570946
570942
570797
570749
570658
570508
570354
570244
570103
570031
569980
569946
569914
569773
569744
569605
569515
569408
569381
569201
569179
569074
569026
569010
568982
568977
568948
568648
568578
568508
568457
568450
568392
568356
568325
568293
568201
567909
567883
567823
567646
567422
567422
567311
567001
566988
566913
566798
566606
566365
566360
566325
566320
566256
566008
566000
565832
565792
565762
565706
565575
565455
565354
564986
564901
564806
564578
564458
564344
564299
564298
564212
564203
564095
564017
563849
563767
563752
563620
563613
563572
563381
563227
563216
563043
562937
562932
562924
562772
562622
562455
562230
562153
562078
562034
561964
561884
561730
561583
561529
561508
561464
561338
561253
561131
561117
561085
560962
560910
560685
560667
560597
560545
560536
560532
560502
560476
560448
560431
560367
560209
559969
559964
559898
559869
559735
559707
559695
559580
559409
559358
559305
559202
559050
559007
558638
558609
558243
558206
558172
558145
558092
558031
558005
557909
557908
557905
557829
557739
557721
557682
557655
557644
557606
557579
556986
556884
556862
556297
556225
556214
556192
556186
556182
556031
555802
555717
555660
555659
555646
555626
555567
555553
555546
555453
555275
555171
555112
555059
554806
554771
554746
554673
554544
554503
554493
554405
554326
554099
554075
553991
553798
553773
553734
553599
553223
553202
553016
552875
552846
552615
552599
552477
552444
552341
552246
552132
552120
551654
551601
551596
551467
551416
551231
551227
551204
550884
550831
550802
550791
550725
550716
550652
550606
550549
550425
550123
549478
549472
549439
549363
549336
548903
548864
548776
548723
548686
548673
548650
548529
548434
548323
548287
548214
548167
548029
548010
548008
547892
547853
547648
547618
547544
547296
547280
546897
546850
546806
546710
546459
546334
546238
546150
546101
546042
545996
545951
545748
545708
545564
545120
545104
545099
545063
544655
544637
544625
544587
544541
544461
544362
544309
544205
544199
544198
544117
543958
543800
543659
543638
543634
543424
543421
543332
543326
543194
543194
543166
543114
542949
542790
542755
542640
542412
542378
542355
542247
542245
542183
542138
542086
541970
541888
541664
541646
541405
541294
541171
541093
541048
541013
540958
540945
540839
540794
540781
540675
540547
540501
540466
540448
540345
540231
540180
540095
540084
539974
539960
539902
539901
539865
539742
539569
539290
539241
539183
539072
538710
538656
538435
538164
537861
537715
537590
537405
537341
537249
537149
536998
536861
536684
536665
536633
536541
536446
536440
536297
536138
536011
535944
535818
535640
535574
535542
535537
535492
535465
535442
535290
535253
535203
535177
535128
535080
534821
534700
534623
534587
534379
534359
534356
534335
534102
533867
533779
533686
533642
533620
533320
533134
533134
533068
532962
532829
532796
532759
532745
532602
532361
532357
532304
532253
532207
532179
532117
532012
531856
531513
531452
531428
531243
531212
531078
531008
530918
530902
530893
530769
530764
530639
530225
530189
530067
529802
529610
529520
529366
529093
529078
528962
528943
528918
528894
528598
528182
528149
528008
527894
527722
527662
527573
527400
527376
527366
527346
527342
527326
527308
527210
527166
527116
527099
526909
526898
526836
526814
526777
526706
526669
526587
526581
526473
526472
526425
526346
526320
525983
525949
525782
525712
525699
525698
525674
525479
525380
525266
525244
525213
525171
525163
525066
525030
524751
524573
524249
524168
523957
523914
523749
523613
523475
523467
523415
523091
522939
522867
522821
522811
522421
522231
521957
521947
521725
521642
521510
521477
521367
521105
521088
520949
520897
520812
520752
520681
520478
520423
520404
520317
520278
520191
520150
520133
520105
520033
519955
519905
519780
519771
519702
519691
519562
519516
519490
519412
519381
519256
519239
519213
518402
518253
518169
518126
517989
517846
517714
517579
517573
517519
517514
517389
517358
517224
517024
516551
516470
516469
516450
516441
516414
516269
516224
516185
515864
515856
515703
515586
515517
515496
515451
515391
515304
515260
515134
515089
514945
514937
514711
514663
514158
514082
513734
513687
513678
513519
513516
513419
513377
513326
512924
512915
512822
512775
512641
512638
512371
512343
512223
512108
512051
511958
511929
511832
511794
511760
511651
511443
511406
511327
511170
511150
511124
510849
510716
510618
510529
510514
510486
510411
510367
510225
510143
510056
510037
509884
509880
509766
509674
509582
509491
509307
509136
509073
509017
508981
508843
508796
508747
508590
508456
508405
508377
508369
508296
508292
508210
508182
508160
507924
507864
507620
507581
507361
507337
507042
506628
506547
506498
506432
506322
506230
506075
506049
505979
505816
505787
505572
505526
505509
505439
505409
505370
505306
505301
505282
505203
504803
504790
504612
504567
504524
504416
504362
504132
504110
504041
503867
503807
503646
503551
503485
503469
503389
503329
503263
503221
502969
502962
502957
502896
502820
502724
502545
502527
502108
501929
501681
501623
501362
501245
501194
501177
500948
500906
500610
500482
500456
500400
500147
500096
500058
500029
499939
499904
499810
499786
499652
499625
499608
499580
499311
499263
499259
499120
499053
498803
498489
498183
497899
497838
497818
497787
497776
497747
497675
497286
497268
497260
497241
497091
497049
496939
496894
496838
496831
496815
496814
496713
496687
496467
496387
496386
496106
496077
495978
495962
495925
495899
495657
495596
495571
495459
495373
495347
495344
494997
494674
494596
494425
494410
494401
494256
494207
494015
494004
493988
493872
493817
493270
493065
493064
493041
492861
492821
492710
492686
492666
492623
492383
492324
492056
492054
491979
491904
491868
491766
491573
491501
491402
491318
491115
491041
490981
490945
490859
490823
490775
490609
490465
490362
490004
489909
489893
489750
489704
489649
489638
489628
489490
489465
489356
489286
489157
488961
488836
488787
488405
488323
488051
487995
487797
487576
487405
487164
487147
487145
487119
487014
487012
486709
486703
486696
486649
486627
486607
486466
486255
486082
486061
485990
485905
485879
485846
485759
485693
485202
485191
485031
484720
484715
484680
484640
484255
484073
484000
483947
483774
483770
483728
483641
483619
483521
483480
483374
483321
483220
483190
482775
482550
482504
482426
482390
482278
482276
482248
482083
482040
481920
481907
481899
481505
481428
481391
481369
480758
480625
480602
480561
479906
479706
479660
479592
479468
479426
479423
479351
479183
479150
478938
478923
478866
478863
478801
478746
478619
478617
478382
478310
478201
478121
478062
477980
477914
477771
477748
477631
477389
477350
477257
476685
476661
476656
476635
476576
476546
476429
476362
476340
476323
476275
476264
476064
475892
475780
475776
475662
475636
475598
475528
475467
475209
474967
474802
474707
474593
474135
474061
473979
473917
473906
473800
473724
473647
473619
473617
473556
473511
473469
473468
473432
473312
473268
473198
472902
472860
472823
472569
472545
472375
472305
472152
472141
471959
471826
471806
471190
471109
471096
471084
471029
470917
470763
470754
470750
470688
470648
470612
470567
470261
470198
470160
469965
469929
469823
469691
469664
469649
469636
469593
469464
469380
469350
469301
469140
468871
468594
468523
468017
468014
467971
467818
467650
467279
467227
467223
467210
467092
466917
466749
466650
466628
466560
466536
466436
466420
466272
466257
466208
466162
466155
466063
466001
465833
465830
465534
465533
465273
465083
464758
464748
464729
464722
464447
464351
464010
463967
463949
463881
463710
463574
463557
463493
463482
463375
463301
463188
463181
462756
462704
462651
462644
462574
462541
462465
462418
462127
461963
461854
461851
461754
461748
461736
461643
461593
461514
461472
461462
461394
461337
461304
461265
461228
461164
461161
461125
461075
461064
461052
461038
460982
460947
460904
460881
460834
460712
460706
460686
460641
460488
460484
460441
460409
460322
460168
459697
459410
459381
459264
459214
459181
459150
459025
458993
458947
458894
458704
458627
458514
458249
457953
457913
457883
457818
457426
457354
457159
457006
457003
456976
456908
456880
456756
456639
456539
456490
456349
456346
456328
456210
456111
456081
455958
455820
455768
455715
455698
455688
455674
455549
455495
455474
455449
455360
455209
455116
454899
454852
454749
454688
454636
454448
454218
454191
454142
454058
453823
453735
453661
453560
453518
453237
453210
453078
452923
452868
452736
452726
452689
452545
452521
452458
452117
451968
451863
451829
451640
451430
451429
451364
451326
451294
451218
450762
450713
450619
450616
450497
450436
450378
450312
450239
450144
450089
450080
449999
449962
449726
449685
449651
449573
449345
449345
449336
449335
449055
449037
448998
448948
448936
448787
448695
448594
448518
448469
448353
448210
448185
448089
448012
447993
447875
447843
447719
447674
447579
447481
447357
447340
447222
447187
447179
447169
447113
446890
446771
446736
446732
446731
446600
446290
446159
445954
445897
445888
445716
445316
445311
445255
445165
445144
445097
445050
444813
444780
444779
444631
444625
444525
444405
444397
444179
443956
443736
443571
443460
443277
443202
443192
443106
443086
443077
442908
442700
442629
442486
442436
442297
442286
442268
442168
442088
442052
442007
441999
441999
441827
441774
441734
441647
441589
441471
441336
441200
441174
441044
441009
440929
440624
440291
440132
440109
440095
439946
439728
439609
439535
439490
439089
439069
438952
438753
438688
438504
438498
438431
438425
438375
438309
438156
438052
437894
437733
437692
437477
437175
437140
437112
436974
436867
436763
436749
436699
436687
436639
436411
436291
436285
436219
436176
436172
436163
436110
435946
435904
435824
435792
435758
435667
435341
435129
434946
434732
434609
434524
434389
434355
434213
434090
434081
433805
433529
433496
433315
433100
433055
432921
432852
432810
432678
432659
432611
432533
432458
432453
432307
432293
432277
432215
432210
432064
432017
431954
431329
431256
431115
431104
431010
430943
430702
430620
430563
430169
430166
430088
430021
429951
429917
429916
429902
429870
429845
429745
429582
429310
428985
428961
428776
428726
428577
428264
428218
428104
428047
428043
427999
427912
427588
427528
427455
427413
427329
427300
427245
427215
427111
426944
426525
426495
426435
426042
426035
425918
425886
425638
425496
425427
425405
425385
425221
425212
425151
425036
425025
424968
424845
424820
424726
424617
424613
424573
424571
424552
424337
424042
423893
423855
423751
423748
423559
423543
423429
423195
423161
423108
423008
422961
422941
422831
422810
422647
422568
422519
422472
422411
422248
422215
422163
422101
421484
421472
421408
421061
421060
420691
420629
420576
420429
420215
420053
420048
420005
419769
419696
419500
419164
418981
418368
418329
418306
418283
418159
418145
418026
417997
417920
417865
417714
417705
417701
417696
417648
417555
417519
417378
417303
417283
417281
416785
416753
416658
416508
416488
416425
416397
416386
416371
416113
415934
415856
415715
415678
415472
415237
415108
415094
414818
414507
414491
414461
414387
414302
414286
414040
414007
413904
413555
413465
413283
413249
413174
413155
413034
412960
412927
412921
412750
412641
412598
412582
412459
412452
412403
412233
412210
412148
412143
411850
411730
411539
411412
411010
411007
410989
410872
410575
410508
410269
410264
410054
410043
409929
409725
409563
409436
409391
409149
409127
409045
409008
408856
408850
408543
408522
408375
408353
408287
408151
408016
407951
407898
407856
407712
407622
407216
407028
406878
406713
406516
406059
406051
406015
405794
405736
405614
405295
405254
405190
405190
404823
404705
404640
404577
404543
404471
404438
404294
404294
404245
404101
404071
404006
403994
403969
403878
403490
403417
403372
403212
403112
402994
402952
402887
402719
402693
402611
402577
402288
402254
402232
402114
401740
401596
401439
401395
401314
401233
401201
401128
401106
401026
400988
400958
400873
400849
400844
400824
400709
400567
400564
400543
400432
400349
400293
400239
400047
400026
400006
399843
399551
399539
399424
399339
398933
398851
398640
398598
398560
398480
398463
398357
398302
398277
397938
397700
397647
397606
397442
397166
397074
396805
396658
396310
396246
396153
396148
396093
396052
396018
395807
395772
395697
395677
395670
395520
395519
395329
395297
395099
395054
395037
395024
394942
394873
394752
394735
394580
394381
394270
393959
393882
393851
393786
393730
393294
393243
393035
393010
392760
392704
392601
392599
392529
392389
392352
392004
391729
391434
391415
391274
391220
391156
390951
390927
390751
390718
390528
390467
390391
390116
390114
390075
389966
389952
389901
389803
389763
389754
389740
389593
389246
389226
389222
389217
389176
389123
388681
388658
388442
388391
388330
388203
388192
387926
387803
387764
387710
387522
387492
387266
387236
387220
387099
387065
387014
386862
386735
386693
386649
386566
386536
386525
386463
386433
386374
386174
386169
386025
385967
385858
385819
385789
385772
385743
385693
385628
385328
385273
385267
385089
385041
384485
384389
384279
384088
383891
383738
383653
383647
383291
383286
383184
382867
382831
382555
382501
382225
382213
382097
381855
381853
381726
381658
381611
381444
381262
381168
381128
380994
380932
380785
380768
380547
380345
380329
380164
379984
379938
379832
379805
379658
379583
379497
379470
379379
379262
379224
379191
379135
379123
378975
378947
378641
378552
378372
378224
378057
377936
377929
377829
377747
377568
377543
377399
377006
376960
376855
376755
376730
376688
376529
376444
376411
376318
376057
376025
375921
375645
375553
375468
375404
375355
375348
374997
374827
374823
374803
374674
374644
374605
374435
374040
373952
373951
373939
373888
373598
373427
373356
373228
373201
373160
372992
372791
372460
372272
372147
372055
371835
371714
371645
371570
371501
371469
371329
371312
371041
371018
370989
370694
370658
370568
370557
370376
370335
370305
370116
370001
369683
369499
369477
369467
369465
369374
369212
369005
368976
368963
368952
368913
368901
368785
368437
368326
367935
367927
367909
367804
367796
367753
367660
367619
367498
367390
367371
367282
367269
367239
366974
366733
366678
366639
366410
366332
366326
366197
365977
365874
365793
365696
365651
365569
365391
365148
365049
365013
364915
364847
364820
364500
364475
364472
364451
364285
364197
364171
364163
364026
363932
363920
363731
363731
363676
363625
363419
363303
363267
363246
363194
363035
362936
362619
362439
362320
362281
362225
362203
362038
361774
361700
361688
361425
361118
361105
361065
360961
360838
360758
360527
360513
360151
359969
359896
359871
359768
359675
359603
359530
359528
359472
359133
359132
359127
358975
358968
358705
358637
358348
358289
358240
358215
357883
357815
357797
357680
357648
357502
357453
357423
357235
357167
357077
356789
356605
356393
356334
356307
356279
356264
356148
356094
355869
355838
355834
355618
355458
355453
355378
355280
355250
355235
355180
355074
354989
354846
354656
354596
354549
354381
354329
354221
354088
354067
353855
353782
353701
353430
353298
353160
353010
352955
352901
352811
352808
352806
352750
352696
352673
352521
352493
352403
351954
351773
351755
351599
351586
351532
351471
351299
351262
351046
350905
350870
350815
350794
350726
350523
350454
350421
350278
350182
350118
350085
350028
349967
349935
349881
349757
349644
349441
349425
349411
349370
349353
349143
349116
349108
349081
349020
348962
348947
348842
348821
348794
348621
348572
348566
348554
348419
348360
348232
348151
348149
347948
347794
347783
347579
347497
347495
347408
347267
347263
347255
347252
347211
346996
346774
346475
346457
346431
346187
346184
346172
345911
345729
345648
345608
345395
345390
345379
345348
345261
345157
344930
344652
344638
344192
344095
343940
343888
343867
343766
343717
343677
343674
343665
343587
343582
343437
343424
343235
343182
343049
343032
342688
342555
342407
342316
342245
342116
342076
342011
341910
341810
341807
341764
341618
341567
341549
341503
341489
341426
341369
341258
341257
341114
341002
340947
340802
340719
340679
340565
340467
340450
340363
340361
340335
340243
340170
340073
339800
339741
339625
339474
339425
339389
339354
339197
339007
338947
338922
338814
338673
338568
338562
338476
338458
338281
338270
338143
338124
338100
338095
338029
337977
337910
337827
337786
337641
337446
337294
337287
337250
337131
337045
337030
336956
336831
336798
336739
336637
336235
336124
336001
335871
335674
335619
335529
335529
335204
335112
335083
334756
334698
334610
334493
334435
334244
334228
334211
333967
333895
333666
333625
333513
333506
333498
333312
333305
333233
332945
332929
332755
332662
332607
332477
332428
332382
332378
332225
332218
331682
331658
331631
331607
331541
331499
331426
331367
331356
331097
331020
331008
330853
330659
330630
330220
329823
329756
329748
329729
329683
329658
329510
329504
329364
329175
329152
328987
328896
328845
328502
328477
328443
327978
327718
327069
327045
327028
327017
327011
326731
326548
326351
326225
325808
325766
325569
325376
325332
325152
325147
325069
324982
324912
324849
324762
324650
324650
324589
324528
324521
324494
324406
324395
324283
324275
323962
323871
323733
323689
323654
323482
323324
323142
323131
322970
322920
322868
322859
322746
322688
322546
322529
322472
322454
322404
322254
322128
321960
321910
321909
321884
321826
321719
321714
321593
321415
321000
320908
320765
320561
320491
320325
320165
320110
320072
319941
319915
319560
319477
319448
319426
319209
319188
319079
319018
318796
318719
318427
318365
318331
318317
318309
318128
318040
317947
317879
317810
317810
317759
317750
317535
317378
317378
317319
317245
316999
316915
316910
316322
316167
316096
315984
315910
315851
315701
315626
315472
315293
315167
315111
315101
315086
315071
315048
314944
314835
314808
314764
314669
314516
314455
314310
314266
314189
314156
314154
313975
313823
313789
313337
313240
313220
313157
312850
312725
312545
312507
312389
312388
312301
312182
312130
312059
311959
311959
311902
311890
311886
311724
311675
311666
311650
311622
311431
311403
311232
311168
311010
310996
310750
310592
310535
310497
310357
310232
310221
310158
310034
309651
309609
309581
309422
309336
309244
309113
309074
309017
309012
308997
308886
308736
308661
308593
308553
308550
308535
308519
308512
308500
308490
308450
308249
308211
308137
308077
308065
308035
308028
307924
307783
307667
307530
307491
307364
307248
306999
306988
306956
306892
306779
306212
306200
305873
305757
305753
305699
305629
305596
305581
305492
305378
305364
304875
304841
304196
304093
304031
303896
303888
303771
303745
303616
303443
302920
302849
302602
302584
302336
302304
302229
302075
302064
302003
301998
301916
301840
301825
301804
301732
301723
301472
301308
300966
300953
300881
300819
300805
300729
300685
300681
300506
300389
300293
300225
300207
300056
300033
299792
299763
299706
299589
299555
299506
299478
299371
299322
299318
299205
299145
298938
298756
298659
298621
298573
298507
298314
298089
298043
297669
297554
297511
297316
297212
297191
296999
296934
296930
296908
296766
296736
296730
296710
296661
296478
296476
296461
296445
296415
296344
296268
296207
296095
296088
295928
295926
295849
295543
295541
295514
295477
295293
294823
294653
294576
294339
294193
294118
294083
293998
293920
293911
293897
293857
293774
293743
293570
293569
293558
293478
293470
293326
293265
293247
293196
292933
292787
292673
292467
292300
292186
292046
292022
291935
291886
291864
291863
291737
291712
291646
291639
291604
291564
291539
291523
291470
291340
291232
291195
291118
291033
291005
290739
290661
290616
290513
290463
290292
290180
290145
290124
290042
290006
289964
289934
289879
289776
289742
289657
289377
289267
289071
288922
288848
288744
288707
288580
288416
288200
287929
287815
287790
287728
287700
287590
287351
287311
287215
287177
287169
287103
287047
286994
286976
286971
286928
286886
286749
286558
286199
286082
286079
285921
285918
285904
285902
285878
285665
285633
285602
285502
285389
285024
284553
284505
284487
284475
284433
284151
284030
284007
283939
283920
283779
283723
283469
283455
283451
283416
283339
283338
283304
283018
282963
282714
282703
282693
282601
282530
282521
282405
282327
282296
282130
282080
282073
282033
282022
281918
281838
281518
281502
281427
281399
281326
281206
281182
281142
281081
280962
280808
280793
280753
280695
280640
280610
280507
280035
279827
279491
279382
279369
279128
279093
278991
278931
278824
278788
278749
278727
278691
278462
278360
278330
278149
278090
278087
277890
277797
277747
277686
277681
277668
277575
277566
277489
277459
277060
277033
276829
276686
276632
276009
275979
275894
275853
275793
275786
275723
275559
275538
275501
275379
275029
274936
274868
274813
274630
274601
274489
274278
274223
274150
274021
273969
273685
273665
273582
273528
273513
273430
273349
273269
273221
273216
273136
272994
272988
272855
272789
272746
272741
272589
272485
272383
272361
272262
271962
271829
271829
271781
271629
271370
271359
271339
271311
271113
271092
270921
270748
270725
270550
270538
270322
270240
270199
270191
270109
270048
269996
269910
269756
269729
269582
269343
269199
269144
268858
268800
268799
268505
268498
268415
268320
268072
267920
267869
267834
267771
267508
267467
267397
267303
267290
267253
267248
267227
267164
267117
266881
266846
266736
266712
266616
266507
266491
266473
266470
266457
266354
266068
265942
265786
265735
265587
265526
265496
265432
265328
265195
265136
265043
265012
264981
264893
264811
264646
264566
264469
264349
264327
264323
264103
264070
264038
263961
263834
263834
263821
263649
263565
263029
262893
262862
262811
262711
262268
262166
262150
261878
261835
261792
261751
261747
261601
261318
261296
260895
260871
260674
260631
260616
260615
260523
260509
260509
260455
260360
260221
260141
260097
260026
259887
259686
259454
259285
259255
259094
259075
259038
258901
258732
258701
258638
258530
258439
258435
258334
258297
258148
258135
258121
258041
258041
257931
257871
257805
257796
257757
257644
257543
257536
257447
257393
257378
257262
257015
256763
256687
256655
256650
256280
256244
256225
256174
256041
255959
255946
255897
255838
255717
255708
255615
255484
255480
255426
255332
255215
255188
255018
254950
254819
254800
254703
254649
254526
254322
254305
254127
253884
253623
253552
253425
253167
253156
253074
253025
253003
252866
252765
252755
252569
252556
252547
252529
252348
252159
251967
251952
251904
251859
251782
251679
251616
251594
251592
251440
251350
251274
251258
251255
251227
251212
251183
251155
251098
251096
251077
250971
250813
250742
250633
250423
250271
250161
250083
249862
249862
249836
249807
249637
249628
249615
249583
249494
249443
249343
249249
249212
249144
249107
249105
249063
249041
248945
248859
248841
248758
248730
248406
248307
248285
248257
248135
248129
248018
247942
247869
247857
247832
247832
247652
247566
247523
247490
247372
247060
247026
246982
246837
246787
246761
246692
246692
246388
246231
246188
246104
246080
246004
245896
245890
245500
245439
245317
245251
245160
245061
244863
244809
244391
244124
244060
244029
243999
243944
243921
243887
243826
243773
243649
243572
243507
243501
243487
243440
243358
243334
243306
243253
243251
243239
243171
243084
242993
242911
242707
242608
242534
242193
242111
242024
242000
241933
241701
241664
241642
241607
241548
241439
241403
241309
241111
241104
240864
240807
240716
240692
240682
240603
240356
240178
240062
240009
239878
239823
239815
239744
239701
239699
239652
239518
239500
239498
239426
239278
239273
239220
239146
239067
239048
239014
238999
238922
238850
238793
238628
238588
238578
238571
238545
238386
238322
238322
238045
237984
237809
237740
237605
237514
237507
237450
237321
237288
237189
237153
237032
236950
236822
236766
236733
236704
236665
236613
236538
236447
236379
236345
236316
236196
235989
235614
235527
235462
235412
235323
235312
235291
235264
235140
234860
234794
234680
234673
234417
234351
234110
234086
233703
233530
233454
233404
233385
233288
233273
232814
232666
232658
232612
232567
232541
232328
232189
232150
232037
232003
232000
231946
231757
231702
231672
231607
231412
231404
231352
231347
231343
231157
231136
231136
231087
230829
230717
230623
230590
230251
230238
230204
230019
229925
229772
229674
229611
229438
229275
228904
228847
228759
228748
228676
228613
228542
228411
228370
228180
228162
227965
227942
227477
227373
227040
226952
226737
226358
226315
226141
225913
225603
225585
225469
225339
225141
225067
225046
224884
224829
224769
224502
224440
224367
224071
224038
223986
223968
223794
223730
223593
223516
223502
223448
223305
223231
222951
222865
222781
222764
222693
222560
222498
222433
222417
222363
221985
221926
221753
221668
221545
221507
221496
221316
221296
221285
221229
221169
221047
220974
220911
220850
220528
220524
220488
220456
220434
220301
220271
220252
220139
220056
220050
220017
219895
219834
219717
219623
219507
219393
219275
219243
219156
219146
219143
219067
219055
218999
218958
218916
218688
218630
218598
218518
218391
218386
217949
217830
216888
216812
216685
216617
216465
216451
216346
216330
216241
216121
216006
216001
215989
215925
215840
215835
215689
215657
215465
215397
215319
215307
215306
215212
214939
214869
214853
214671
214525
214432
214332
214321
214308
214008
213888
213730
213685
213617
213337
213201
213175
213032
212953
212708
212698
212594
212068
211770
211744
211733
211730
211692
211566
211545
211455
211440
211376
211091
211050
211006
210962
210806
210796
210744
210570
210536
210419
210387
210371
210355
210163
210145
210068
210051
209905
209886
209469
209459
209393
209383
208755
208605
208594
208538
208476
208098
208084
208031
207988
207853
207788
207708
207644
207415
207409
207393
207391
207320
207184
207132
207076
207058
207004
207001
206827
206706
206680
206561
206364
206270
206172
206040
205885
205718
205684
205668
205372
205370
205280
205214
205155
205110
205095
205049
205026
204864
204763
204626
204504
204498
204481
204370
204185
204176
203797
203773
203721
203615
203607
203604
203372
203270
202660
202595
202562
202398
202349
202117
202103
202058
202012
201914
201757
201754
201670
201516
201408
201361
201086
201001
201001
200913
200782
200640
200626
200573
200549
200544
200531
200527
200526
200464
200159
200001
199977
199865
199857
199748
199666
199603
199426
199417
199334
199267
198879
198688
198686
198644
198587
198540
198417
198359
198311
198216
198134
197979
197637
197633
197549
197365
197333
197229
197172
197154
197046
196996
196933
196926
196888
196886
196651
196342
196309
196217
196028
195687
195686
195660
195640
195622
195552
195513
195497
195354
195309
195256
195185
195156
194983
194891
194668
194634
194419
194339
194268
194154
194039
194011
193990
193896
193816
193617
193421
193405
193386
193261
193189
193098
193062
192899
192757
192522
192519
192445
192441
192241
192163
192020
191902
191892
191795
191765
191645
191408
191396
191388
191339
191222
191055
190945
190878
190789
190761
190582
190442
190409
190310
190242
190095
190069
190005
189921
189894
189802
189771
189632
189501
189399
189277
189218
189180
189084
188909
188845
188742
188680
188644
188473
188376
188305
188151
187973
187898
187764
187605
187529
187512
187407
187317
187252
187230
187128
186996
186976
186862
186685
186641
186615
186421
186417
186190
186036
185975
185930
185874
185714
185708
185586
185545
185539
185340
185141
185106
184862
184449
184365
184311
184271
184249
184077
184024
184019
184015
183581
183376
183322
183117
183021
182992
182870
182769
182566
182515
182466
182464
182383
182306
182286
182207
182086
182016
182001
181991
181854
181771
181761
181737
181477
181168
180983
180951
180774
180734
180632
180603
180591
180504
180482
180466
180190
180147
180051
179998
179932
179753
179682
179498
179481
179117
179003
178697
178587
178483
178379
178342
178180
177854
177790
177749
177652
177567
177516
177469
177327
177187
177050
177024
176794
176768
176751
176573
176398
176373
176337
176215
176093
176091
176016
175829
175796
175649
175620
175470
175449
175336
175335
175295
175241
175124
175101
175038
174895
174796
174727
174717
174654
174643
174434
174348
174218
174116
174095
174064
174022
173799
173747
173705
173499
173490
173397
173170
173143
173108
173064
173051
172902
172744
172564
172477
172431
172303
172229
172124
171933
171836
171707
171677
171514
171430
171392
171379
170691
170415
170315
170107
169990
169941
169934
169864
169853
169727
169572
169520
169369
169238
169171
168762
168743
168737
168642
168532
168493
168435
168434
168410
168377
168332
168262
168247
168161
168066
168031
167917
167905
167881
167721
167720
167648
167477
167439
167429
167335
167193
167175
167092
167069
166983
166812
166727
166656
166554
166443
166377
166302
166283
166212
166108
166035
165970
165927
165714
165711
165510
165462
165451
165274
165117
165056
164989
164959
164897
164776
164768
164632
164462
164329
164281
164277
164275
164264
164165
163677
163662
163076
162995
162984
162949
162825
162779
162531
162493
162406
161971
161623
161616
161556
161421
161407
161279
161132
161128
161071
161049
160965
160570
160513
160486
160475
160454
160350
160332
160304
160273
159991
159979
159935
159915
159897
159653
159632
159286
159238
159157
159098
158927
158862
158858
158843
158822
158802
158797
158745
158583
158506
158449
158264
158250
157925
157910
157844
157825
157553
157329
157306
157277
157275
157235
157056
156888
156874
156556
156503
156488
156378
156344
156250
156216
156137
155787
155528
155457
155249
155160
155142
155106
155100
155053
154994
154877
154825
154822
154779
154614
154600
154566
154213
154062
154057
153932
153928
153869
153654
153577
153394
153386
153375
153262
153154
153154
153052
152693
152688
152665
152598
152586
152413
152325
152103
152095
152004
151995
151881
151881
151872
151795
151788
151560
151540
151512
151255
151016
150917
150705
150646
150535
150410
150288
150166
150063
150013
149784
149609
149579
149552
149369
148890
148623
148616
148605
148511
148389
148065
147892
147817
147807
147348
147273
147219
147154
147135
146926
146727
146410
146393
146205
146201
146107
146102
146097
146094
146075
146031
145947
145871
145805
145358
145126
145030
144996
144878
144729
144441
144139
144121
143935
143791
143709
143704
143571
143313
143267
143263
143199
143189
143144
143038
143027
142947
142885
142781
142629
142374
142294
142246
142186
141870
141813
141445
141265
141264
141231
141123
141101
141088
140990
140977
140963
140889
140458
140257
140215
140174
140159
140139
140063
140014
139969
139820
139776
139767
139758
139709
139662
139600
139417
139265
139185
139080
138816
138432
138285
138207
138130
138116
138005
137969
137704
137585
137485
137217
137163
136944
136930
136914
136867
136713
136629
136488
136314
136287
136252
136242
135971
135868
135853
135842
135373
135334
135320
135285
135232
135216
135101
135083
134912
134796
134626
134545
134454
134355
134220
134043
134014
133940
133825
133796
133780
133718
133628
133501
133446
133323
133302
133274
133059
132979
132942
132763
132686
132648
132527
132424
132367
132342
132274
132171
131764
131686
131606
131560
131553
131244
131212
131127
130997
130914
130795
130699
130692
130514
130508
130080
130045
129837
129663
129586
129461
129230
129156
129116
129093
129050
128983
128957
128874
128864
128859
128821
128810
128662
128554
128366
128350
128293
128210
128190
127843
127575
127447
127428
127274
127107
127006
126754
126703
126643
126577
126565
126523
126517
126181
126130
125806
125708
125702
125657
125563
125420
125393
125120
125088
125061
125000
124493
124459
124387
124282
124247
124235
124150
124122
124102
124098
123861
123724
123723
123620
123514
123511
123473
123246
123236
123223
123165
123125
123080
123072
123067
122862
122601
122436
122279
122267
122126
122047
122005
121987
121877
121816
121721
121709
121689
121500
121282
121237
121193
121132
120751
120657
120309
120277
120181
120167
120137
120074
119929
119908
119825
119738
119712
119606
119389
119379
119280
119020
118944
118915
118861
118833
118792
118772
118546
118390
118376
118197
118169
117816
117669
117621
117610
117583
117518
117500
117284
117282
117278
117033
117015
116781
116780
116434
116306
116208
116002
115870
115850
115743
115719
115554
115553
115523
115398
115206
115201
115112
115079
115049
115027
114948
114925
114712
114645
114529
114512
114477
114451
114367
114233
114176
114076
113958
113947
113861
113780
113738
113690
113682
113680
113667
113439
113324
113097
113001
112988
112925
112771
112731
112430
112418
112268
112055
111949
111911
111569
111514
111259
111228
111110
111058
110945
110817
110804
110690
110599
110379
110351
110216
110213
110169
110131
110044
109999
109915
109821
109811
109630
109483
109412
109317
109188
109105
109059
108919
108629
108529
108507
108472
108459
108207
108194
108173
107866
107859
107585
107574
107549
107502
107305
107152
107112
106960
106771
106753
106561
106495
106488
106366
106341
106333
106298
106283
106163
106160
106038
106036
106017
105968
105919
105911
105901
105718
105624
105312
105294
105285
105056
105015
105002
104946
104452
104428
104418
104351
103906
103878
103864
103783
103745
103493
103490
103476
103385
103328
103289
103175
103058
102743
102582
102557
102493
102431
102380
102365
102206
102170
102015
101977
101596
101536
101495
101338
101305
101095
101024
100999
100843
100800
100715
100559
100468
100447
100383
100326
100138
100134
100053
99977
99670
99531
99353
99312
99270
99208
98864
98784
98771
98765
98688
98464
98397
98315
98287
98282
98270
98254
98252
98213
98139
98107
97985
97622
97452
97405
96871
96793
96612
96537
96448
96437
96388
96384
96374
96372
96355
96030
95957
95942
95883
95836
95712
95600
95560
95182
95182
94977
94715
94664
94631
94395
94393
94342
94338
94173
94140
94128
94122
94064
93957
93757
93703
93637
93533
93519
93486
93407
93271
93238
93236
93155
92961
92746
92708
92677
92517
92502
92202
91866
91709
91591
91589
91488
91428
91220
91154
90949
90886
90883
90877
90790
90776
90769
90513
90395
90335
90250
90171
90132
90125
90106
90097
89875
89835
89654
89594
89510
89256
89172
88943
88852
88806
88644
88612
88540
88514
88501
88195
88171
88169
88132
88077
88074
88024
87917
87894
87725
87466
87412
87355
87260
87131
87106
87106
87102
87089
86980
86909
86772
86621
86397
86373
86351
86238
86204
85925
85856
85806
85719
85692
85560
85520
85415
85317
85071
85010
84990
84895
84781
84761
84687
84644
84498
84378
84361
84326
84252
84158
84022
83823
83675
83563
83306
83282
83154
82977
82970
82884
82883
82713
82402
82359
82228
82090
82075
82024
81662
81564
81466
81422
81391
81117
81086
81059
80877
80777
80408
80320
80248
80247
80125
80085
79803
79687
79617
79513
79447
79409
79384
79269
79149
79098
78924
78693
78684
78629
78509
78493
78408
78378
78268
78266
78064
77946
77874
77524
77498
77163
77048
77036
76930
76823
76760
76680
76372
76310
76303
76047
76020
76019
76017
75986
75964
75918
75546
75540
75451
75428
75372
75196
75150
75121
74925
74819
74792
74686
74644
74549
74547
74300
74124
73759
73754
73714
73708
73605
73352
73281
73194
73158
73121
73058
72967
72947
72902
72793
72750
72723
72721
72655
72536
72459
72452
72443
72434
72412
72294
72212
72181
71823
71507
71416
71352
71106
71087
70992
70940
70784
70765
70745
70740
70576
70462
70375
70241
70208
70181
70116
70004
69978
69894
69739
69514
69278
69118
69069
68993
68931
68927
68873
68629
68535
68508
68474
68198
68153
68105
67945
67457
67319
67174
67158
67084
67050
67042
66724
66709
66602
66437
66427
66414
66386
66363
66328
66307
66293
66259
66209
66149
66061
65931
65809
65759
65613
65583
65448
65392
65370
64793
64660
64627
64373
64328
64130
64105
64005
63958
63750
63643
63638
63616
63464
63452
63438
63404
63349
63233
63137
62990
62983
62955
62954
62918
62909
62743
62715
62702
62701
62525
62367
62276
62029
62016
62003
61968
61936
61933
61773
61661
61232
61036
60949
60852
60852
60852
60753
60529
60272
60211
60035
59670
59592
59573
59516
59451
59372
59371
59363
59258
59157
59101
59086
58975
58843
58417
58368
58260
58182
58150
58149
57907
57804
57696
57672
57662
57539
57408
57357
57250
57007
56971
56967
56937
56874
56840
56835
56792
56597
56565
56451
56266
56133
56004
55919
55914
55820
55591
55388
55327
55252
55225
55047
54816
54520
54248
54184
53942
53886
53745
53542
53451
53351
53037
52995
52940
52874
52844
52753
52644
52615
52598
52403
52318
52305
52026
51894
51883
51829
51811
51699
51668
51423
51201
51160
51088
50811
50643
50398
50368
50194
50156
50127
50005
49972
49747
49697
49603
49593
49542
49528
49410
49176
49048
48849
48799
48774
48709
48513
48509
48426
48405
48301
48274
48249
48196
48056
47927
47898
47821
47726
47492
47280
47017
46828
46637
46582
46450
46209
46123
46051
45905
45905
45650
45470
45353
45331
45264
45134
45132
45097
44993
44960
44939
44922
44777
44671
44027
43992
43830
43723
43588
43578
43545
43542
43350
43302
43206
42853
42831
42717
42599
42594
42427
42370
42370
42328
42216
42178
42172
42136
42115
42021
42020
41938
41878
41764
41754
41722
41582
41573
41343
41080
41047
40775
40698
40590
40552
40389
40253
40238
39873
39785
39784
39591
39473
39327
39277
39245
39229
39101
38965
38924
38873
38859
38742
38386
38278
38250
38165
38095
38068
37960
37651
37557
37469
37392
37390
37121
36878
36808
36724
36590
36508
36444
36342
36147
35991
35981
35973
35968
35928
35915
35897
35887
35603
35562
35363
35181
35158
35105
34972
34873
34850
34844
34791
34726
34714
34632
34617
34566
34549
34542
34202
34116
34084
33708
33642
33425
33166
33053
33007
32958
32952
32883
32750
32654
32593
32578
32513
32462
32389
32245
32097
31881
31859
31780
31637
31577
31542
31503
31233
31116
31050
30935
30816
30800
30780
30619
30321
29838
29472
29450
29147
29102
29078
28990
28988
28970
28723
28648
28469
28343
28341
28276
28187
28053
27926
27694
27525
27449
27329
27323
27313
27271
27233
27233
26944
26931
26859
26616
26497
26481
26423
26164
26057
26046
25929
25918
25914
25787
25688
25655
25655
25574
25449
25346
25300
25227
25109
24970
24863
24808
24720
24399
24069
23867
23802
23640
23628
23275
22888
22862
22785
22580
22496
22453
22453
22452
22440
22324
22210
22087
22076
22074
21943
21934
21874
21788
21631
21568
21521
21479
21472
21371
21087
20995
20850
20484
20210
20198
19994
19969
19857
19638
19464
19414
19186
18924
18911
18901
18748
18600
18538
18483
18182
18143
18066
17991
17739
17648
17577
17555
17398
17379
17198
16963
16922
16906
16862
16794
16770
16747
16719
16614
16608
16405
16318
16284
16256
16131
16038
15907
15754
15715
15671
15602
15582
15571
15518
15506
15503
15413
15394
15216
14965
14963
14961
14958
14928
14842
14822
14742
14694
14670
14574
14467
14397
14389
14379
14332
14276
14054
13952
13635
13535
13392
13391
13379
13362
13345
13279
13188
13049
12826
12789
12685
12582
12559
12543
12339
12317
12193
11870
11679
11445
11436
11331
11301
11287
11282
11246
11106
11084
11079
11043
10987
10940
10902
10897
10803
10677
10634
10468
10436
10329
10121
10057
10022
9956
9863
9759
9605
9570
9512
9403
9331
9252
9135
9110
8937
8846
8676
8672
8640
8640
8593
8552
8478
8471
8385
8373
8320
8087
8053
7863
7851
7823
7806
7291
7201
6870
6573
6382
6010
5536
5448
5362
5341
4895
4730
4715
4637
4426
4295
4212
4022
3964
3943
3925
3877
3760
3753
3745
3467
3311
3305
3073
3015
2814
2782
2752
2326
2225
2144
2122
2096
2045
2039
2028
1898
1859
1760
1717
1717
1648
1505
1488
1435
1302
1265
1252
1110
1076
1068
971
951
801
558
489
341
290
239
150
62
57
