1000
999905
998993
998360
997318
997100
994098
992450
992330
992273
991779
991392
990448
990400
989220
989196
989076
988008
983757
983717
982865
982362
981924
981039
978537
978378
977657
976485
974993
973124
971865
969821
969653
967332
967234
966938
966137
966072
965722
964753
964128
963534
962482
959780
958053
957504
955910
955521
955508
953831
950936
950079
949937
947783
947441
945699
943945
942600
942466
942137
940711
938064
935519
933183
932665
931785
931671
931266
930496
928749
926172
925824
925813
925589
923900
923523
922598
922355
922009
921562
920522
919760
919508
919409
917516
916101
915102
912735
911531
910209
909933
908936
906276
905299
904422
903060
901134
899949
898802
897962
897113
896996
896320
894539
893588
892410
890683
890344
889561
889010
888561
888456
887950
886723
885409
884114
881540
879876
877169
875072
874317
873885
870652
869947
869582
869333
868370
867284
865698
860833
860823
858898
856760
856689
856653
855343
854344
854046
853369
852422
848988
848352
847942
846564
845649
845218
844319
843731
843368
842972
842161
840188
839020
838027
837655
836729
835887
834509
834107
833358
833036
832211
828741
828139
827634
827069
826485
825865
825309
819988
819839
819603
819413
819250
817207
816235
813818
813786
813235
812914
810606
810518
810263
810079
804889
803209
802662
802100
799128
799054
798983
798675
798436
797852
794154
794049
793608
792710
788454
788283
788118
787713
787659
787298
787100
786178
784622
784609
783488
783445
783344
782799
782490
781231
780795
780680
779923
779606
779431
779199
778510
777207
772831
772785
771638
771531
771207
770299
768635
768583
768055
767743
767584
761488
761441
759712
759653
758434
757795
756283
756166
755905
755063
753661
752180
750557
750014
747150
746065
744905
743819
738062
738026
735988
735093
734713
733172
727485
727415
727332
726552
726444
726406
725526
725291
724676
724212
723615
721661
720546
719411
717201
716981
716367
715099
714316
712454
711638
711175
709936
709003
708183
708151
708067
706877
706798
705464
704233
703843
703292
703153
701916
700036
699697
699466
698184
697438
695520
695065
694012
693726
693074
692761
692019
691809
688005
685918
684097
683419
683240
680544
680297
679564
678992
678534
677096
676043
672836
672576
672390
672228
670590
670556
667666
667540
666356
665456
665434
663948
663924
662831
662581
661470
660599
660037
659778
659187
658494
657373
656782
655860
655424
655271
653939
653920
651163
650822
650352
649516
648495
647661
642839
641181
640606
639977
638607
637705
637527
636730
636172
634614
633649
633038
632833
630092
629339
628901
625962
625430
624935
624512
624261
623436
623098
622089
620328
619590
618762
617098
615105
614907
614612
614580
613540
611985
611263
610794
609312
608862
608153
607380
605894
605796
603867
603467
601864
600829
599869
599416
598283
597094
595943
595454
595356
594615
593785
593072
592811
592711
590400
588839
587594
587274
586499
586027
584438
584029
580478
580187
579721
578486
578077
577843
577174
575613
571305
568710
568521
567931
567733
566358
564498
563672
563053
562972
561449
558835
558695
557786
557154
556803
556631
555050
553672
553204
552339
552255
552130
551167
550250
549576
549329
549167
548239
546598
546217
546160
545247
543057
542476
541063
540983
540866
540756
540005
538936
537242
536998
536797
536713
536323
535262
535214
534952
534811
533788
533227
533060
532271
532004
530562
529849
529223
529013
528273
527362
525948
523789
523474
521723
520942
519017
518752
517273
516803
515865
513051
510267
510038
508827
508346
507679
506244
506211
500736
499730
498545
498426
497074
496516
495455
491698
490486
489656
489138
486136
485848
484587
483488
482203
479718
477873
475021
474581
473122
472902
472646
471739
471709
471505
471166
470408
470245
469655
468258
467823
467574
466110
466004
465002
464604
463793
463681
462506
462165
460187
460129
459279
459051
458141
457568
454763
451970
449819
448485
448387
447073
446878
446287
445181
444896
444557
444529
443082
442171
441095
439879
438718
438334
438164
436649
435451
434813
434680
434435
434247
434224
434122
432999
432916
432619
432016
431778
431651
430208
430134
429097
428873
427799
427255
426509
423979
423265
421126
418683
418539
417459
417095
416627
416482
414828
411485
410967
410477
410212
409995
409893
407902
407375
407008
403209
402833
402368
402130
401381
401272
400772
399951
399157
398226
396441
395914
395422
395253
394109
392678
392532
389131
388225
387664
386160
385691
384859
383176
378940
378352
376587
376165
376114
374419
373998
372061
371917
371257
370931
370176
369227
369030
366624
366417
363564
363239
362099
360822
359499
359011
358682
354453
353122
352920
352123
349670
348855
348167
348111
347544
346889
346478
345182
343199
343085
339328
339123
337915
337621
337421
337081
333538
330680
330184
329162
328335
327095
326275
324111
323637
322815
322367
320809
320787
319334
318927
318531
316680
314915
313665
313500
312921
311641
311560
311293
311195
311008
310611
310601
310354
307155
305584
305121
304367
304134
303235
302530
301411
301005
297507
296421
296190
293548
293130
293084
292615
292343
292142
290667
290119
289509
288448
288427
287788
287047
285218
283348
283248
282233
281631
281592
279936
279767
279063
278891
278869
276822
274129
273076
273049
272996
270924
270466
269315
268774
267994
265192
264146
261881
261722
259424
258937
257703
257254
256690
256440
256225
253671
252561
252341
251577
250651
249597
249365
248071
247541
246127
245918
245887
245603
241451
239108
238369
237806
236970
236553
236055
236014
235779
234834
234030
232857
231874
231365
231233
230114
230006
229953
228923
227890
227838
227281
225467
225198
224981
224341
224033
223973
223686
223581
222374
221613
219601
218935
218882
218845
216884
216597
216302
215589
215576
212775
209633
209069
208765
207138
206501
206012
205724
204489
203567
203083
202365
201677
200390
199102
197637
196888
196040
195872
195415
193934
191299
191024
189697
189515
188187
184650
184128
180238
179814
179566
175283
173355
172992
171138
170545
170534
169086
167844
167492
165687
163287
161052
159962
157856
157015
155565
154465
154328
154250
153489
153295
150923
146820
141444
140737
140398
136911
135812
135442
135310
135163
132066
131350
130131
129788
128531
128399
127820
127458
127293
127125
125786
124923
123914
119833
119677
119287
115484
115398
115103
114585
113971
113668
113043
112578
112503
111588
111139
109852
109522
109492
109261
106944
106324
106014
105298
103217
102702
102355
101419
99463
99408
95607
93696
93401
92844
92647
91196
89224
88569
87276
86267
84801
84020
82344
81333
81103
79879
79733
78863
76184
73947
73667
72709
72556
71896
71165
71057
69794
68780
68646
67484
66941
66734
66699
66488
64826
64551
64048
61786
61665
58530
58063
57644
57195
56044
53990
52681
51430
51349
50427
47792
47228
46461
43383
43377
41470
39662
38612
38192
38139
37735
33915
32430
31088
29135
28241
26473
22172
21879
21472
19883
19816
19337
16965
14355
11985
7781
6941
6075
4341
2270
146
