100
980270
972480
942987
927221
921042
908742
899916
899102
897117
865904
810792
797375
781715
780085
774188
768833
764894
758534
744734
739923
736269
733980
719729
711146
704272
701413
700309
693676
686138
684200
681352
673201
667549
656750
656437
640952
633329
620143
593239
587283
585437
583265
581379
580766
569771
559029
555786
543801
528371
517333
488941
461609
439351
438735
428060
412506
388597
386989
386861
361611
354393
345563
337816
331439
331276
309303
307873
304990
297038
294895
289173
277269
273649
265947
255277
247305
241744
238251
235926
220247
198948
176793
176572
160170
150408
134104
123895
112120
103352
90733
84830
68579
64739
52776
50927
40319
28158
8210
7171
4567
