10000
999704
999595
999535
999305
999217
999165
999131
999124
999123
999056
999014
999006
998807
998720
998711
998685
998680
998623
998529
998443
998418
998403
998173
998050
997849
997843
997798
997777
997680
997505
997501
997235
997027
996976
996808
996806
996484
996461
996393
996313
996178
996118
995952
995869
995782
995719
995632
995550
995547
995204
995114
995070
994964
994957
994817
994766
994705
994671
994419
994313
994289
994212
994075
994041
993633
993557
993537
993409
993382
992976
992955
992932
992845
992621
992610
992602
992569
992565
992447
992428
992401
992000
991992
991933
991760
991647
991621
991533
991352
991342
991149
991073
990794
990784
990724
990644
990608
990431
990330
990298
990130
990005
989662
989543
989524
989306
989199
989137
989135
989118
989111
989102
989044
988936
988756
988641
988453
988429
988290
988210
988161
987373
987333
987262
987009
986798
986788
986684
986513
986380
986378
986335
986257
986127
985954
985751
985449
985279
985013
984962
984942
984915
984849
984819
984771
984758
984750
984719
984642
984610
984505
984346
984201
984008
983870
983719
983520
983405
983357
983354
983217
983183
983158
983132
983092
983072
983010
982891
982755
982745
982638
982521
982432
982305
982128
982070
982048
982036
981841
981836
981825
981807
981700
981672
981451
981410
981386
981377
981201
981045
980647
980600
980519
980364
980259
980055
980053
979900
979693
979524
979507
979369
979255
979183
979132
978959
978866
978817
978683
978670
978607
978457
978412
978327
978327
978117
978089
978041
978023
977881
977594
977545
977490
977456
977430
977349
977153
977123
976964
976757
976442
976359
976200
976126
976121
975757
975388
975336
975267
975185
974943
974917
974886
974761
974741
974589
974400
974317
974064
974029
973961
973907
973897
973826
973814
973622
973621
973619
972818
972661
972567
972448
972251
972200
972006
971894
971795
971770
971697
971606
971587
971553
971549
971484
971418
971342
971326
971251
971212
971065
970808
970725
970673
970668
970650
970593
970579
970571
970570
970472
970232
970162
970161
969929
969612
969546
969517
969342
969300
969042
968891
968850
968838
968755
968596
968587
968437
968429
968352
968281
968266
968140
968082
967874
967608
967504
967442
967378
967315
967159
967116
967025
966991
966951
966827
966805
966709
966694
966535
966412
966384
966362
966361
966220
966170
965986
965978
965720
965716
965551
965486
965317
965144
965142
964870
964831
964731
964692
964625
964622
964541
964051
963990
963974
963935
963925
963906
963884
963856
963822
963783
963724
963647
963614
963565
963548
963392
963339
963328
963265
963265
963228
963196
963122
962944
962893
962672
962507
962492
962189
962059
962017
962008
961949
961804
961775
961762
961611
961518
961498
961460
961403
961400
961387
961361
961277
961132
960923
960729
960724
960706
960662
960569
960530
960497
960411
960300
960222
960134
959911
959760
959669
959554
959484
959264
959077
959067
958998
958822
958761
958674
958243
958237
958165
958136
958131
957931
957778
957594
957532
957473
957461
957372
957297
957296
957286
957101
957043
956981
956902
956853
956731
956470
956298
956140
956120
956070
955996
955977
955712
955581
955408
955383
955357
955250
955161
955152
955125
955063
954700
954624
954602
954490
954416
954286
954114
954014
953976
953914
953859
953807
953795
953758
953708
953639
953611
953611
953558
953539
953493
953413
953405
953235
953177
953165
953116
953097
953093
953058
952962
952719
952675
952488
952388
952373
952356
952213
952069
951882
951814
951651
951566
951434
951349
951336
951330
951302
951286
950868
950772
950588
950525
950522
950451
950254
950059
950047
950028
949933
949625
949613
949546
949499
949337
949205
949201
949131
948954
948752
948657
948455
948367
948326
948221
948219
948214
948137
948126
947946
947923
947895
947792
947677
947545
947545
947461
947361
947252
947025
946958
946706
946528
946364
946279
946174
946014
945944
945825
945652
945626
945484
945279
945120
945059
944954
944713
944712
944697
944650
944624
944612
944582
944538
944368
944368
944339
944193
943806
943793
943765
943642
943536
943386
943380
943255
943213
943132
943125
942855
942804
942669
942651
942493
942266
942253
942207
942183
942055
942040
941951
941793
941789
941771
941710
941323
941255
941069
941036
940695
940329
940328
940201
940126
940064
939735
939696
939552
939513
939401
939254
939198
939049
939030
938982
938933
938919
938737
938582
938580
938576
938509
938489
938342
938314
938214
938179
938141
938136
937445
937445
937417
937298
937234
937180
937108
937101
936603
936560
936482
936354
936147
936141
936076
936004
935829
935824
935756
935552
935528
935488
935404
935334
935143
935056
935029
934861
934155
933947
933927
933851
933624
933512
933424
933411
933335
933324
933174
932933
932807
932782
932774
932629
932629
932456
932444
932438
932390
932332
932312
932256
932134
932093
932064
931988
931909
931904
931902
931675
931456
931415
931185
931170
931075
931006
930958
930815
930768
930661
930622
930479
930455
930331
930184
929916
929751
929501
929382
929341
929266
929171
929041
929026
928950
928888
928695
928692
928556
928545
928455
928244
928196
928083
927792
927698
927636
927565
927547
927476
927438
927212
927137
927053
927031
926965
926779
926707
926657
926477
926400
926267
926203
926182
926168
926018
925783
925734
925559
925521
925437
925412
925391
925356
925274
925196
925122
925108
925034
924999
924600
924499
924442
924380
924352
924246
924188
924057
923989
923938
923893
923717
923658
923548
923149
923139
923121
922923
922911
922838
922776
922709
922683
922667
922633
922463
922344
922206
921894
921893
921789
921667
921553
921461
921293
921201
921139
921100
920868
920805
920568
920484
920035
920003
919820
919788
919748
919648
919640
919528
919515
919290
919253
919001
918804
918492
918214
917934
917928
917689
917662
917592
917588
917586
917540
917540
917439
917409
917317
917229
917223
917106
917084
917065
917052
916983
916890
916654
916586
916558
916536
916158
915962
915574
915500
915096
915082
914967
914955
914933
914905
914881
914681
914600
914467
914414
914373
913986
913743
913691
913633
913577
913447
913365
913320
913276
913181
913064
912843
912771
912745
912731
912594
912579
912560
912477
912225
912171
912105
912097
911963
911913
911882
911872
911744
911561
911545
911450
911264
911059
911017
910987
910926
910769
910711
910655
910555
910464
910457
910431
910321
910296
910210
910197
910039
910004
909889
909735
909634
909340
909108
908817
908622
908348
908260
908158
908157
908136
907776
907586
907335
907164
907093
907087
907066
906929
906913
906786
906714
906640
906625
906539
906474
906326
906244
906225
906183
906088
906026
905992
905626
905595
905566
905549
905547
905523
905447
905163
905130
904497
904459
904439
904152
904087
904084
903805
903709
903639
903563
903518
903463
903393
903370
903294
903264
903256
903205
903165
903160
903118
902806
902755
902736
902649
902636
902607
902568
902473
902305
902295
902245
902158
901829
901762
901482
901362
901295
901125
901083
900785
900738
900729
900664
900546
900465
900396
900378
900314
900129
900121
899979
899955
899827
899822
899725
899540
899439
899206
899184
899142
899026
898917
898720
898705
898571
898423
898368
898344
898142
897945
897922
897900
897761
897646
897614
897517
897517
897397
897240
897136
896940
896909
896648
896210
896208
896154
895868
895823
895689
895600
895344
895251
895130
895115
895026
894894
894821
894795
894552
894448
894333
894330
894229
894179
894165
894133
894063
894056
893725
893689
893624
893469
893325
893162
893033
892983
892921
892902
892667
892476
892399
892162
892120
892038
892008
891957
891923
891782
890872
890546
890519
890309
890272
890026
890013
889902
889845
889820
889768
889422
889359
889238
888937
888878
888851
888777
888617
888520
888426
888398
888172
888129
888128
888095
888091
888043
888029
887988
887911
887844
887790
887497
887465
887343
887252
886677
886341
886312
886256
886157
886150
886111
885993
885935
885762
885682
885635
885182
885121
885121
885055
885033
884925
884869
884849
884794
884779
884718
884443
884324
884265
884189
883984
883962
883956
883952
883898
883868
883853
883586
883567
883512
883423
883407
883350
883301
883277
883238
883128
883059
882964
882899
882622
882465
882432
882301
882275
882080
881996
881955
881872
881732
881680
881632
881553
881548
881331
881185
881157
880929
880827
880744
880644
880643
880604
880565
880525
880473
880428
880392
880380
880267
879995
879859
879747
879684
879602
879581
879537
879434
879350
879347
879254
878964
878697
878662
878660
878570
878550
878155
878115
878047
877959
877660
877629
877511
877440
877043
876950
876824
876724
876681
876671
876648
876535
876521
876391
876368
876338
876325
876283
876097
876049
875843
875792
875440
875396
875382
875285
875253
875218
874616
874602
874591
874582
874562
874341
874271
874079
873947
873780
873681
873437
873382
873338
873218
873153
873059
873027
872987
872975
872939
872846
872845
872812
872725
872663
872610
872483
872457
872439
872332
872122
872109
872081
872068
872066
872007
871864
871626
871619
871617
871591
871570
871569
871562
871502
871334
871240
870832
870787
870749
870219
870196
870165
869772
869705
869501
869468
869340
869284
869098
868966
868903
868727
868652
868617
868545
868424
868403
868320
868272
868237
868235
868059
868036
868003
867672
867573
867521
867456
867410
867350
867341
867314
867151
867035
867023
866914
866867
866832
866726
866514
866511
866465
866400
866200
866115
866050
865933
865866
865693
865664
865617
865580
865167
865089
865062
864878
864871
864861
864553
864518
864372
864366
864137
863935
863802
863673
863602
863601
863124
863051
862973
862813
862545
862448
862226
862205
861828
861729
861687
861655
861455
861320
861293
861280
861270
860970
860907
860886
860790
860718
860612
860598
860462
860448
860431
860371
860357
860251
860193
860153
860018
859975
859770
859690
859669
859640
859494
859366
859260
858845
858828
858811
858751
858518
858461
858356
858352
858144
858097
858068
858009
858009
857961
857944
857924
857840
857810
857798
857703
857700
857542
857512
857432
857214
857026
856737
856530
856497
856452
856415
855978
855878
855635
855629
855609
855590
855536
855355
855349
855274
855026
854996
854655
854646
854576
854524
854500
854475
854431
854414
854358
854303
854196
853838
853836
853806
853790
853749
853731
853674
853661
853640
853526
853468
853345
853326
853146
853042
852705
852676
852430
852267
852203
852075
852039
852027
852017
851995
851846
851745
851598
851434
851333
851239
851015
850901
850821
850664
850629
850495
850462
850440
850124
850036
849963
849867
849812
849728
849577
849563
849516
849485
849432
849239
849082
849073
848987
848954
848943
848844
848771
848710
848664
848653
848413
848195
848087
848087
847982
847975
847746
847728
847590
847371
847328
847327
847312
847307
847248
847093
846991
846897
846789
846395
846339
845990
845883
845601
845436
845406
845172
844855
844855
844751
844712
844688
844587
844578
844488
844365
844343
844265
844237
844155
843998
843945
843771
843560
843380
843343
843250
843210
843160
843117
842783
842692
842631
842505
842256
842240
841845
841808
841724
841592
841527
841330
841290
841198
841173
840642
840512
840290
840279
840193
840098
840013
839818
839782
839771
839762
839674
839657
839533
839476
839167
839075
838947
838805
838566
838369
838294
838284
838210
838136
838083
838077
838071
837980
837947
837872
837754
837605
837596
837383
837325
837317
837296
837278
837217
836850
836722
836591
836395
836392
836290
836199
836104
836102
835932
835890
835537
835493
835434
835144
835141
835112
835110
835003
834998
834984
834957
834722
834717
834716
834680
834663
834624
834551
834527
834458
834424
834414
834311
834175
834140
834088
834064
834049
834011
833799
833788
833754
833748
833728
833652
833507
833474
833413
833384
833321
833289
833112
833085
832968
832872
832786
832657
832517
832417
832413
832301
832191
832053
832028
831767
831511
831489
831380
831280
831048
830909
830861
830660
830617
830450
830387
830194
830130
830107
829977
829965
829914
829913
829907
829887
829781
829735
829721
829718
829708
829608
829572
829461
829338
829087
829037
828931
828858
828815
828792
828464
828272
828143
828074
828053
828026
827679
827618
827594
827557
827220
827211
827103
827083
827060
827059
826814
826709
826647
826567
826523
826263
826232
826126
826118
826046
826006
825933
825878
825867
825855
825834
825791
825668
825514
825382
825342
825228
825097
825060
824721
824389
824295
824264
824188
824179
823977
823757
823726
823689
823615
823544
823451
823435
823246
823064
822993
822954
822774
822588
822545
822318
822189
822168
822119
822063
822060
822028
821895
821877
821648
821623
821592
821379
821260
821142
821124
821117
820717
820505
820283
820202
819986
819859
819773
819695
819669
819619
819613
819560
819474
819340
818942
818887
818759
818752
818580
818299
818284
818261
818196
818140
817972
817908
817791
817751
817649
817563
817549
817471
817427
817399
817322
817274
817273
817146
816941
816840
816609
816547
816444
816256
816029
815920
815677
815357
815329
815324
815258
815161
815120
814997
814864
814838
814735
814564
814541
814405
814374
814165
814098
814082
814046
813651
813612
813595
813543
813440
813423
813313
813272
812863
812853
812813
812615
812351
812278
812089
812076
812072
811895
811840
811671
811210
810986
810569
810485
810410
810285
810174
809978
809969
809968
809767
809759
809581
809546
809296
809062
808989
808929
808515
808349
808306
808169
808079
808053
808044
807923
807855
807641
807589
807583
807575
807357
807352
807062
806984
806900
806850
806784
806536
806495
806396
806360
806209
806198
806171
806116
805957
805938
805604
805549
805237
805176
805016
804921
804758
804695
804664
804548
804493
804485
804236
804222
804062
803850
803769
803749
803632
803607
803566
803558
803552
803509
803472
803440
803438
803356
803307
803290
803208
803193
802960
802746
802663
802552
802496
802423
802007
801960
801821
801802
801783
801637
801622
801511
801453
801311
801087
801068
800924
800777
800544
800502
800487
800469
800460
800365
800136
800118
800077
800016
799995
799943
799893
799847
799831
799775
799660
799633
799231
799167
799145
799079
798801
798710
798571
798493
798341
798307
798296
798085
798023
797906
797902
797894
797796
797287
797277
797243
797237
797236
797129
796971
796791
796671
796590
796398
796080
795987
795923
795900
795705
795688
795637
795471
795306
795048
794888
794883
794857
794684
794678
794479
794419
794396
794359
794213
794146
794063
793921
793795
793697
793173
793135
793068
793034
793006
793002
792970
792803
792599
792401
792401
792257
792251
792209
792132
792016
791936
791893
791594
791254
791194
791133
790967
790937
790524
790512
790441
790348
790334
790333
790070
789911
789801
789690
789430
789312
789250
789197
789173
789083
789020
789009
788959
788915
788715
788711
788679
788624
788621
788376
788373
788369
788158
788131
788115
788108
787995
787980
787973
787804
787560
787497
787465
787397
787017
786868
786715
786683
786315
786308
786152
786113
786081
786011
785996
785866
785763
785760
785525
785482
785419
785329
785238
785209
785155
785149
785140
785096
785068
785053
784939
784934
784897
784675
784543
784491
784429
784350
784316
784272
784256
784233
784216
784207
784095
784066
783980
783958
783854
783768
783730
783706
783698
783339
783273
783156
783066
782975
782765
782671
782582
782411
782264
782082
781991
781975
781974
781676
781580
781562
781511
781471
781367
781291
780955
780629
780536
780504
780448
780402
780338
780271
780261
780143
780129
780123
780050
779868
779655
779646
779621
779617
779430
779348
779242
779187
779162
779055
779016
778789
778741
778735
778445
778162
778084
777999
777881
777694
777686
777611
777520
777432
777372
777364
777158
776997
776830
776711
776659
776607
776580
776438
776347
776271
776116
775960
775794
775784
775783
775683
775659
775623
775602
775555
775477
775225
775080
775056
774976
774775
774737
774603
774589
774587
774563
774517
774396
774069
773897
773827
773778
773667
773513
773273
773048
772988
772822
772742
772724
772716
772650
772350
772167
772151
772122
772038
771681
771445
771293
771218
771078
771074
771003
770988
770936
770867
770754
770658
770506
770340
770169
770057
769862
769790
769773
769712
769621
769518
769267
769235
769161
769152
768854
768785
768676
768442
768228
768165
768087
768067
767990
767683
767614
767537
767354
767344
766843
766800
766701
766632
766566
766547
766544
766536
766509
766497
766437
766425
766351
766252
766240
766217
766187
765893
765615
765530
765462
765327
765299
764891
764597
764387
764333
764280
764253
763981
763933
763689
763586
763544
763508
763051
762998
762965
762749
762520
762513
762438
762401
762358
762357
762269
762233
762171
762085
762077
761653
761595
761401
761340
761256
761212
761192
761135
761106
760965
760919
760886
760847
760787
760651
760511
760323
760281
760098
759963
759956
759893
759760
759609
759605
759567
759468
759221
759167
759099
758961
758947
758812
758740
758715
758534
758463
758342
758301
758229
758201
758168
758093
758046
757798
757736
757588
757567
757532
757529
757468
757284
757162
757156
757043
756703
756693
756661
756588
756460
756389
756387
756277
756184
756008
755959
755949
755732
755480
755443
755417
755408
755204
754895
754786
754700
754667
754574
754554
754464
754229
754174
754157
754157
754153
754092
754088
754082
754081
753921
753917
753810
753612
753589
753588
753527
753421
753308
753295
753114
753057
752999
752965
752869
752857
752810
752689
752610
752596
752408
752403
752320
752247
752243
752059
752026
751920
751734
751643
751617
751613
751608
751566
751429
751424
751254
751189
751167
751075
751060
751014
750932
750930
750815
750690
750679
750588
750546
750379
750376
750356
750115
749987
749530
749485
749378
749372
749334
749259
749067
748761
748669
748663
748653
748431
748378
748361
748351
748321
748317
748307
748225
748101
747886
747884
747872
747797
747720
747616
747535
747514
746653
746649
746613
746395
746331
746295
746243
746167
746150
746026
746011
745996
745730
745699
745680
745530
745526
745383
745068
745030
745025
744990
744865
744792
744729
744453
744442
744237
744224
744223
744126
744105
744103
744042
744022
743988
743911
743866
743718
743664
743504
743479
743411
743332
743242
743233
743210
743116
743085
742860
742609
742603
742591
742581
742535
742496
742395
742364
742353
742270
742136
741815
741748
741745
741504
741482
741210
741191
741125
740887
740864
740683
740556
740231
740219
740117
739893
739881
739843
739783
739765
739687
739667
739258
738968
738931
738878
738784
738530
738497
738457
738444
738282
738039
738031
737763
737606
737596
737414
737361
737227
736725
736465
736234
736191
736134
736097
736016
736005
735980
735742
735694
735548
735454
735396
735384
735275
735028
735008
734720
734490
734145
734143
734125
734080
733743
733697
733613
733570
733333
733213
733071
732979
732969
732870
732787
732729
732592
732514
732472
732258
732255
732225
732198
732088
731809
731779
731746
731727
731602
731482
731420
731379
731329
731227
731219
731119
731073
730984
730857
730680
730677
730670
730499
730208
730148
730070
729806
729634
729580
729538
729319
729251
729065
729036
729026
728954
728856
728645
728517
728388
728366
727833
727747
727700
727361
727337
727232
727196
727178
727177
727066
726983
726960
726637
726629
726482
726441
726314
726205
726065
725842
725819
725728
725567
725559
725206
725168
724944
724936
724917
724903
724627
724551
723782
723712
723662
723461
723456
723434
723418
723402
723322
722910
722741
722684
722640
722608
722537
722516
722465
722423
722101
722097
722059
721993
721708
721697
721460
721175
721164
720830
720784
720773
720706
720682
720646
720645
720545
720523
720503
720307
720207
720054
719992
719980
719951
719790
719624
719515
719409
719324
719293
719220
719062
719054
718968
718948
718947
718923
718908
718860
718834
718798
718690
718586
718538
718390
718300
718127
718051
717935
717865
717788
717434
717382
717267
717206
717069
717042
716987
716682
716576
716443
716440
716439
716411
716218
716194
716189
716135
716026
715996
715920
715866
715802
715690
715621
715507
715432
715422
715358
715239
714823
714710
714593
714588
714458
714299
714276
714208
714089
714038
713989
713975
713933
713648
713563
713510
713203
713101
713087
713002
712870
712858
712693
712648
712539
712530
712455
712395
712356
712314
712270
712206
712086
712083
712040
711908
711889
711602
711481
711448
711329
711281
711075
710767
710605
710543
710311
710049
709956
709822
709689
709653
709436
709328
709325
709302
709227
709217
709107
709088
709086
709083
709055
708926
708785
708679
708675
708652
708536
708453
708320
708232
708228
708192
708034
708010
707900
707837
707674
707651
707614
707398
707320
707160
707120
706869
706722
706649
706645
706391
706247
706083
705998
705887
705878
705768
705745
705636
705626
705584
705472
705390
705388
705284
705238
705221
704922
704754
704712
704647
704557
704458
704444
703891
703866
703806
703554
703481
703453
703420
703392
703372
703371
703193
703166
703001
702997
702868
702604
702564
702509
702501
702474
702416
702382
702190
701857
701670
701552
701538
701415
701408
701365
701312
701292
701097
700964
700881
700597
700406
700402
700284
700263
699960
699915
699845
699826
699799
699563
699526
699516
699465
699304
699273
699094
699006
698887
698829
698771
698716
698565
698478
698474
698429
698373
698371
698334
698314
698263
698261
698121
697998
697921
697858
697794
697681
697630
697309
697288
697107
697101
696917
696864
696792
696590
696485
696468
696440
696384
696354
696349
696265
696254
696155
695992
695887
695700
695664
695598
695598
695577
695552
695317
695048
695041
695040
694996
694986
694840
694728
694671
694523
694392
694307
694204
694183
694084
694070
694055
693943
693908
693584
693307
693307
693300
693267
693243
693146
693142
692990
692936
692723
692502
692307
692119
692003
691815
691757
691730
691683
691612
691594
691405
691368
691350
690949
690882
690791
690649
690375
690358
690328
690279
690107
689885
689851
689657
689554
689171
689050
688890
688568
688560
688237
688077
688054
687896
687884
687849
687845
687825
687772
687744
687649
687550
687496
687424
687308
687260
687198
687163
687025
686960
686869
686861
686853
686669
686611
686407
686251
685988
685850
685804
685797
685731
685685
685461
685286
685181
685067
685027
684981
684693
684518
684420
684398
684256
684207
683714
683438
682863
682813
682809
682688
682493
682299
682277
682268
682089
682040
681982
681827
681651
681498
681444
681203
681189
681129
680967
680708
680677
680536
680423
680333
680217
679866
679573
679560
679469
679345
678793
678765
678614
678563
678406
678336
677879
677751
677676
677503
677441
677234
676825
676767
676724
676686
676675
676674
676657
676612
676569
676497
676285
675649
675594
675572
675550
675379
675303
675269
675212
675107
675104
675024
674804
674707
674700
674693
674563
674525
674295
674119
673877
673825
673738
673593
673471
673409
673342
672960
672943
672887
672848
672847
672774
672734
672649
672616
672429
672405
672398
672361
672262
672161
672070
672062
671966
671934
671889
671661
671644
671541
671382
671314
671035
670972
670929
670505
670484
670361
670360
670335
670223
670036
669906
669666
669144
669068
668999
668807
668677
668137
668134
668099
668094
668082
668053
668023
667471
667393
667302
667286
667095
667092
667026
666898
666783
666751
666728
666572
666535
666341
666221
666219
666183
666150
666124
665836
665831
665382
665279
665222
665159
664973
664930
664642
664631
664523
664512
664460
664425
664412
664371
664318
664152
664129
663921
663895
663646
663544
663528
663515
663447
663443
663207
663181
663179
663052
662920
662821
662789
662731
662672
662644
662447
662322
662286
661933
661919
661916
661867
661863
661840
661661
661604
661531
661510
661461
661209
661191
661114
660838
660582
660576
660419
660377
660268
660169
660161
660062
660003
659950
659772
659583
659563
659407
659362
659329
659298
659293
659177
659081
658941
658869
658798
658665
658649
658608
658562
658521
658514
658435
658049
658043
658032
657848
657620
657465
657245
657187
657168
657113
657021
656920
656726
656715
656579
656576
656534
656230
655973
655957
655834
655815
655487
655164
655126
655031
654941
654667
654661
654622
654515
654373
654259
654124
653996
653964
653809
653689
653656
653514
653505
653233
653137
653047
652916
652885
652739
652641
652368
652337
652237
651950
651950
651832
651771
651549
651487
651394
651344
651344
651319
651280
650433
650210
650144
650120
650106
650052
649926
649752
649719
649561
649392
649262
649197
649147
649135
649102
648910
648857
648702
648633
648576
648544
648452
648431
648406
648365
648352
648246
648127
648001
647946
647634
647588
647554
647361
647268
647257
647119
647027
647013
646870
646798
646776
646739
646534
646436
646083
646063
645993
645875
645875
645765
645745
645688
645572
645557
645497
645459
645217
645148
644927
644700
644400
644303
644200
644195
644191
643819
643535
643526
643491
643457
643394
643345
643341
643330
643168
643110
642922
642699
642678
642645
642571
642443
642410
642336
642222
642195
642087
641918
641764
641753
641746
641685
641632
641510
641146
641102
641081
641043
640962
640930
640879
640722
640617
640386
640117
640005
639993
639983
639909
639881
639850
639797
639619
639490
639414
639412
639358
639302
639284
639233
639188
639146
639136
639006
638918
638904
638894
638739
638705
638231
637932
637457
637267
636957
636873
636806
636710
636617
636399
636130
636066
636025
635881
635814
635805
635570
635511
635378
635346
635341
635189
635183
635147
635108
635106
635102
635051
634996
634977
634934
634922
634766
634753
634583
634530
634484
634453
634405
634226
634209
634069
634035
634017
633973
633818
633704
633704
633676
633573
633548
633544
633403
633328
633223
633133
633122
632996
632983
632969
632895
632879
632860
632678
632342
632165
632156
632107
632021
631913
631805
631788
631748
631484
631383
631216
630980
630968
630766
630759
630751
630747
630565
630531
630379
629816
629733
629698
629603
629575
629432
629363
629295
629248
629206
629198
629176
629131
629049
629034
629029
628900
628681
628524
628494
628321
628304
628295
628295
628243
628187
628053
627880
627732
627713
627308
627282
627175
627138
626864
626819
626797
626787
626776
626756
626703
626645
626542
626433
626396
626358
626069
625964
625907
625833
625591
625543
625467
625164
624862
624713
624623
624605
624596
624475
624419
624414
624381
624247
624217
623754
623751
623580
623578
623430
623183
623100
623025
622926
622751
622553
622499
622486
622288
622194
621857
621831
621823
621666
621591
621556
621555
621450
621411
621405
621301
621221
620973
620896
620793
620780
620694
620615
620505
620471
620417
620293
620198
620176
620095
620094
620060
620027
619827
619805
619699
619686
619667
619539
619526
619494
619402
619101
618970
618881
618851
618744
618619
618571
618427
618330
617982
617553
617547
617458
617456
617414
617350
617313
617300
617254
617080
617057
616964
616960
616685
616466
616298
616048
615993
615939
615839
615600
615583
615513
615412
615409
615370
615256
614645
614591
614503
614302
614250
614147
614141
614136
614078
613729
613524
613417
613389
613318
613292
613227
612978
612926
612799
612638
612521
612396
612355
612107
612049
611916
611837
611803
611611
611438
611306
611245
611140
610879
610728
610515
610404
610386
610264
610187
610185
610146
610025
609862
609820
609550
609397
609343
609318
609304
609286
609198
609114
609008
608969
608865
608661
608526
608473
608254
608177
607972
607901
607820
607725
607683
607623
607318
607000
606574
606570
606562
606532
606423
606332
606210
605966
605904
605898
605854
605763
605687
605684
605671
605625
605579
605491
605406
605355
605232
605184
605133
605040
604977
604944
604935
604914
604867
604823
604782
604497
604321
604297
604191
604173
604115
603414
603301
603203
603166
602845
602842
602836
602831
602818
602596
602473
602338
602084
602059
601878
601764
601682
601553
601521
601452
601402
601389
601224
601114
600986
600971
600609
600484
600434
600377
600338
600199
600094
600072
600005
599900
599681
599589
599474
599460
599434
599376
599284
599261
599215
599204
599142
599080
599043
598877
598686
598511
598356
598353
598040
597962
597934
597532
597404
597211
597186
597179
597095
597029
596867
596448
596347
596333
596228
596208
596104
596065
596058
595977
595921
595789
595743
595672
595658
595388
595370
595206
595152
595142
595073
595038
594675
594573
594498
594181
594081
593982
593710
593353
593140
593037
592950
592691
592169
592150
592117
592103
592028
591993
591812
591661
591348
591077
591033
591015
590850
590799
590648
590536
590533
590504
590483
590482
590343
590329
590261
590212
590208
589891
589890
589783
589729
589692
589597
589498
589381
589200
589162
589148
589141
589135
589032
588802
588791
588773
588742
588704
588677
588490
588482
588418
588310
588096
588057
588055
587949
587805
587772
587653
587602
587334
587085
586980
586873
586861
586805
586769
586701
586581
586576
586522
586520
586433
586429
586402
586359
586200
585976
585814
585660
585615
585332
585231
585177
584973
584921
584729
584583
584479
584474
584450
584418
584309
584241
584071
583992
583988
583968
583657
583634
583554
583309
583302
583034
582988
582914
582465
582438
582391
582111
582096
582027
582001
581953
581887
581882
581848
581734
581643
581425
581190
581125
580905
580599
580511
580494
580394
580370
580281
580162
579824
579668
579532
579529
579492
579491
579277
579272
579127
579073
579049
579026
578950
578787
578742
578455
578239
578208
578188
578051
577483
577480
577238
577208
577050
576929
576716
576668
576651
576650
576633
576554
576282
575623
575608
575567
575565
575533
575456
575164
574889
574817
574747
574714
574665
574350
574089
574017
574014
573491
573423
573360
573161
573151
573063
572978
572966
572963
572952
572941
572928
572868
572545
572520
572470
572468
572369
572286
572246
572164
572154
571971
571949
571929
571732
571599
571554
571540
571471
571292
571182
571018
570890
570718
570709
570677
570650
570593
570404
570397
570394
570273
570213
570157
570157
570082
569951
569666
569611
569555
569553
569516
569409
569374
569296
569262
569115
569072
568572
568543
568542
568414
568362
567875
567864
567774
567571
567519
567470
567417
567379
567357
567310
567197
567171
567033
567011
566958
566705
566702
566699
566545
566431
566333
566174
565692
565630
565617
565554
565538
565517
565468
565384
565383
565333
565151
565071
564981
564800
564507
564309
564179
564112
564088
563878
563751
563730
563500
563205
563192
563166
563166
563087
563077
563038
563031
562977
562913
562804
562768
562729
562710
562700
562691
562483
562331
562256
562180
562127
562113
562083
561920
561906
561842
561709
561586
561545
561451
561346
561037
560515
560508
560428
560380
560319
560101
559915
559906
559636
559487
559413
559244
559231
559230
559196
559114
559092
559091
559087
558886
558762
558622
558433
558420
558336
558220
558058
557993
557992
557988
557901
557898
557766
557761
557760
557618
557545
557541
557427
557320
557209
557127
557122
557112
556939
556913
556875
556485
556286
556158
556100
556031
555896
555680
555561
555514
555495
555190
555071
554778
554752
554732
554718
554579
554541
554533
554508
554455
554440
554140
554081
554059
554046
553942
553829
553570
553553
553411
553373
553325
553275
553193
553128
553116
553112
553027
553026
552917
552820
552813
552709
552635
552573
552324
552228
552036
551666
551567
551542
551520
551517
551382
551350
551301
551099
551062
551061
551032
551028
551010
550978
550850
550633
550632
550519
550366
550292
550242
550071
550064
549964
549945
549934
549602
549507
549462
549343
549315
549128
548986
548942
548901
548785
548488
548458
548363
548169
547648
547644
547628
547566
547544
547524
547491
547369
547357
547348
547017
546977
546669
546598
546330
546323
546241
546186
546103
546021
546015
545931
545872
545761
545693
545529
545369
545276
545189
545161
545031
544782
544766
544729
544630
544369
544325
544050
543791
543708
543634
543591
543580
543543
543419
543396
543250
543242
543212
543198
543197
543176
542878
542870
542795
542502
542367
542153
542120
542027
541919
541854
541840
541740
541692
541513
541477
541438
541350
541302
541224
541197
541100
541076
540955
540931
540897
540893
540740
540657
540599
540595
540591
540119
539950
539576
539568
539535
539501
539357
539212
539132
538848
538833
538608
538375
538197
538193
538158
538075
537991
537913
537766
537729
537597
537444
537287
537249
537199
537064
537004
536948
536866
536852
536747
536654
536304
536280
536239
536124
535959
535825
535784
535783
535698
535670
535543
535535
535532
535520
535490
535458
535255
535167
535011
534830
534597
534073
533864
533669
533438
533434
533346
533060
533058
533048
533002
532836
532810
532621
532596
532587
532400
532360
532279
532235
532074
531976
531918
531914
531887
531614
531343
531275
531078
530913
530784
530645
530575
530545
530544
530491
530489
530166
530126
530118
529992
529761
529676
529671
529662
529445
529407
529385
529319
529234
529211
528969
528914
528889
528520
528409
528300
528241
527833
527778
527766
527756
527704
527643
527259
527239
527227
527136
527074
527045
526999
526966
526818
526804
526642
526521
526515
526380
526336
526327
526326
526081
525787
525787
525773
525745
525668
525664
525642
525519
525338
525253
525245
525214
525171
524861
524510
524509
524193
524137
523969
523874
523786
523586
523390
523367
523363
523323
523250
523164
523139
523133
523111
522523
522160
522112
522080
521854
521705
521495
521422
521407
521338
521265
521264
521216
521188
521140
521103
520943
520942
520539
520539
520441
520390
520352
520255
520168
520126
519992
519964
519804
519739
519444
519243
519241
519150
519118
519094
519066
518730
518549
518412
518398
518388
518282
518206
518068
517989
517960
517843
517768
517638
517516
517507
517021
517002
516978
516913
516904
516900
516797
516784
516780
516694
516685
516550
516511
516351
516242
516128
516108
516071
515923
515530
515489
515418
515293
515159
515038
515007
514971
514750
514710
514524
514413
514218
514118
514101
513888
513859
513855
513819
513616
513336
513186
513032
513016
512902
512901
512900
512741
512738
512685
512273
512232
512224
512198
512012
511882
511864
511780
511749
511415
511154
511129
511039
511028
510849
510765
510699
510638
510623
510497
510424
510398
510395
510236
510210
510157
510139
510137
510134
509902
509878
509779
509752
509719
509596
509427
509375
509274
509254
509208
509176
509117
509047
508942
508844
508837
508811
508656
508644
508588
508346
508214
508116
508069
508056
507965
507832
507808
507791
507730
507523
507510
507510
507481
507365
507318
506960
506888
506823
506443
506415
506024
505945
505939
505924
505859
505784
505515
505506
505132
504749
504734
504307
504174
504146
504023
503954
503847
503751
503730
503702
503695
503646
503586
503424
503422
503200
503119
503028
503011
502988
502942
502873
502683
502503
502417
502327
502261
502235
502149
502131
502028
501901
501691
501635
501529
501442
500919
500838
500597
500541
500484
500389
500365
500317
500229
500161
500000
499865
499833
499778
499594
499438
499337
499317
499263
499207
499189
499142
498890
498776
498506
498409
498299
498252
498229
498024
497998
497942
497662
497549
497230
497219
497065
497060
497036
496848
496651
496563
496548
496488
496474
496405
496293
496180
496035
495987
495761
495693
495683
495637
495474
494987
494977
494971
494867
494794
494719
494690
494506
494193
494143
494081
494063
493888
493750
493726
493617
493578
493572
493571
493490
493254
493014
492987
492936
492791
492735
492724
492548
492532
492145
491962
491956
491783
491625
491477
491427
491383
491370
491076
490760
490686
490608
490330
490286
490210
490184
489994
489992
489848
489820
489675
489558
489308
489238
489223
489017
488831
488670
488658
488643
488520
488512
488501
488469
488393
488311
488299
488184
488152
488063
487981
487834
487746
487745
487706
487607
487442
487411
487364
487269
487261
487241
487176
486999
486799
486335
486159
486147
485995
485995
485927
485881
485742
485712
485566
485556
485351
485038
484980
484972
484892
484864
484785
484739
484622
484476
484264
484256
484176
483928
483411
483393
483381
483205
483044
482906
482876
482843
482779
482710
482701
482569
482545
482534
482487
482471
482242
482214
482122
482112
482104
481695
481660
481584
481487
481422
481328
481294
481277
481237
481070
480679
480676
480394
480385
480348
480345
480312
480188
480047
480046
479968
479873
479805
479721
479678
479495
479438
479178
479175
479095
479030
478918
478899
478805
478720
478689
478551
478500
478441
478296
478239
478182
478118
478110
478109
478071
477977
477750
477694
477565
477540
477520
477428
477044
476926
476878
476788
476512
476272
476167
476108
475924
475667
475666
475566
475495
475487
475064
475014
474794
474744
474721
474706
474676
474305
474219
474119
473960
473860
473801
473784
473722
473613
473529
473482
473447
473362
473173
473085
472962
472745
472703
472642
472633
472532
472328
472064
472029
472009
471926
471913
471837
471741
471713
471675
471631
471628
471626
471613
471548
471468
471156
471096
470966
470952
470607
470464
470315
470162
470051
469985
469936
469815
469502
469452
469442
469424
469412
469183
469122
469117
469014
469006
468952
468739
468677
468634
468610
468557
468489
468459
468458
468362
468311
468246
468225
468149
468109
468105
467980
467840
467624
467429
467380
467348
467295
466963
466778
466667
466662
466476
466426
466298
466201
466164
465952
465910
465908
465721
465250
465124
465061
465040
465002
464833
464778
464761
464725
464660
464581
464524
464353
464341
464028
463860
463707
463664
463636
463335
463280
463015
462994
462952
462689
462580
462565
462548
462405
462268
462236
462167
462147
462129
462123
462084
462084
462063
461995
461890
461870
461732
461731
461688
461653
461587
461581
461496
461478
461397
461396
461395
461274
461185
461093
461022
461008
460962
460885
460832
460818
460798
460772
460764
460675
460417
460175
460127
460120
459912
459805
459768
459301
459166
459079
458957
458700
458621
458514
458494
458418
458399
458240
457852
457847
457561
457512
457450
457397
457274
457105
457048
456917
456864
456855
456816
456792
456530
456485
456479
456362
456328
456314
456236
456194
456104
456031
455994
455821
455725
455724
455716
455668
455629
455579
455321
455263
455122
455116
455005
454778
454760
454702
454673
454487
454476
454454
454406
454401
454169
454162
454144
454107
454042
454018
453939
453867
453785
453563
453384
453353
453328
453276
453260
453144
453094
453083
452987
452906
452900
452844
452766
452674
452476
452470
452297
452113
451859
450772
450504
450470
450371
450133
450058
449907
449887
449736
449597
449205
449133
448546
448496
448323
448130
448068
447913
447847
447846
447842
447562
447542
447508
447453
447375
447374
447302
447237
447188
447148
446982
446893
446827
446765
446730
446552
446488
446473
446373
446362
446095
446033
446019
445763
445697
445637
445635
445511
445382
445211
445164
444989
444982
444885
444461
444396
444208
443917
443621
443579
443505
443488
443465
443358
443279
443266
443177
443165
443107
443063
443049
442747
442587
442561
442484
442425
442334
442040
441868
441790
441750
441692
441686
441563
441481
441421
441311
441103
441090
441060
441032
440801
440581
440555
440331
440281
439896
439887
439868
439613
439564
439464
439354
439255
439227
439010
438972
438733
438698
438575
438551
438421
438268
438218
438206
438148
438036
438002
437969
437919
437903
437824
437799
437597
437562
437471
437388
437007
436969
436520
436464
436368
436223
435935
435900
435845
435827
435807
435775
435758
435654
435641
435633
435630
435571
435520
435348
435345
435309
435286
435193
435102
435063
434647
434549
434372
434348
434190
434070
434069
434042
433534
433148
433109
433104
433099
433097
432882
432796
432769
432769
432723
432645
432516
432478
432378
432351
432261
432224
432143
431973
431941
431853
431841
431606
431591
431538
431449
431270
431179
431094
430998
430684
430637
430340
430225
430222
429974
429658
429474
429320
429313
429206
429184
429174
429103
429089
428774
428722
428510
428351
428239
428057
428011
427985
427920
427890
427774
427628
427557
427550
427470
427381
427283
427282
427265
427160
426998
426985
426945
426806
426804
426463
426461
426374
426128
426037
426035
425977
425768
425709
425575
425574
425545
425544
425478
425416
425398
425313
425312
425306
425140
425075
424829
424806
424804
424615
424592
424540
424536
424524
424450
424309
424247
424206
424193
424167
423971
423936
423872
423861
423857
423850
423648
423622
423576
423261
423224
423214
423111
423055
423014
422946
422640
422622
422528
422417
422382
422218
422004
421950
421822
421700
421668
421607
421498
421468
421446
421415
421376
421365
421330
421324
421298
421235
421078
421005
420865
420800
420721
420589
420323
420199
420187
420004
419821
419660
419595
419564
419466
419210
419208
419203
419166
418846
418768
418720
418460
418449
418434
418284
418186
418136
418093
417941
417934
417853
417633
417369
417258
417250
417140
417118
417065
417022
417002
416787
416602
416223
416141
416012
415998
415884
415744
415524
415489
415206
414929
414881
414878
414777
414756
414453
414416
414071
413993
413976
413909
413896
413724
413665
413567
413358
413134
413096
412939
412718
412650
412485
412439
412377
412371
412367
412192
411739
411466
411421
411405
411257
411183
411096
411047
411012
410875
410852
410832
410773
410651
410625
410570
410552
410269
410066
409943
409740
409709
409433
409426
409410
409393
409163
409140
408988
408967
408953
408835
408813
408780
408739
408583
408574
408494
408289
408231
408072
408003
407769
407450
407384
407352
407269
407122
407052
407017
406673
406661
406656
406646
406626
406590
406539
406461
406431
406254
406234
406077
405902
405888
405843
405381
405195
405157
405015
404997
404749
404610
404570
404373
404265
404165
404015
403931
403726
403719
403692
403464
403236
403167
403140
403064
402985
402876
402862
402851
402834
402792
402717
402664
402491
402453
402295
402287
402276
402149
402097
402065
402039
402010
402007
401925
401702
401641
401488
401476
401387
401251
400883
400641
400554
400373
400334
400198
399765
399685
399643
399572
399494
399386
399354
399227
398961
398876
398816
398807
398597
398421
398287
398273
398221
398061
397550
397422
397299
397299
396964
396887
396883
396881
396816
396806
396664
396611
396605
396540
396478
396471
396421
396252
396007
395980
395881
395832
395802
395775
395756
395575
395565
395325
395275
395216
395182
395008
394935
394873
394713
394670
394524
394455
394416
394300
394239
394088
394070
394069
394015
394008
393992
393969
393836
393781
393451
393313
393202
393073
393055
392940
392735
392733
392604
392399
392296
392142
391993
391990
391943
391940
391906
391880
391723
391579
391567
391541
391239
391237
391091
391028
391025
390891
390714
390608
390456
390404
390271
390113
390097
390066
390008
389917
389908
389888
389866
389539
389476
389458
389436
389418
389239
389235
389068
389040
388995
388924
388861
388688
388682
388625
388479
388438
388373
388217
388212
388209
388090
387932
387891
387766
387734
387733
387592
387517
387487
387360
387176
387119
387076
387043
386841
386621
386465
386262
386225
386097
386044
386010
385966
385843
385750
385642
385439
385390
385088
385047
385007
384990
384824
384767
384659
384659
384649
384618
384613
384599
384531
384504
384448
384388
384355
384270
384252
384073
384012
383560
383354
383231
383216
383140
383114
383014
382946
382823
382822
382734
382695
382646
382602
382601
382460
382260
382238
381992
381957
381952
381934
381808
381801
381735
381646
381629
381600
381580
381565
381527
381510
381501
381429
381423
381346
381317
381249
381188
381186
381052
381018
380944
380751
380642
380461
380146
379973
379912
379736
379706
379694
379684
379682
379664
379515
379408
379308
379256
379248
379191
379187
378896
378639
378576
378565
378555
378530
378510
378411
378355
378292
378195
378108
378070
378035
378026
377902
377840
377839
377744
377353
377279
377230
377051
377033
376984
376924
376888
376792
376762
376732
376450
376204
376140
375988
375919
375537
375527
375432
375411
375192
374981
374980
374964
374899
374538
374420
374308
374295
374270
374270
374261
374229
374015
373973
373891
373608
373510
373486
373337
373286
373272
373163
373162
373086
372996
372879
372796
372625
372572
372557
372268
372176
372147
372080
372036
371924
371824
371809
371805
371798
371788
371782
371682
371622
371560
371504
371412
371382
371291
371129
371116
371081
370920
370868
370743
370685
370462
370146
370142
370075
369902
369886
369886
369844
369800
369769
369630
369579
369550
369511
369424
369365
369354
369315
369233
369220
369141
369064
369054
369022
368933
368749
368456
368428
368134
367878
367776
367773
367748
367595
367388
367345
367104
366996
366619
366492
366396
366192
366048
365829
365682
365650
365586
365563
365542
365391
365237
365179
365176
365099
364825
364657
364559
364497
364408
364250
364151
364151
364149
364134
364121
364012
363730
363572
363552
363471
363290
363192
363151
363008
362942
362820
362513
362415
362369
362199
362143
362090
361888
361868
361763
361731
361632
361603
361266
361228
361225
361158
361013
360793
360700
360209
360029
360021
359786
359737
359641
359568
359556
359345
359181
359134
358754
358666
358536
358522
358251
358090
358043
358026
357840
357490
357401
357348
357290
357020
357018
356703
356655
356606
356544
356470
355813
355713
355451
355311
355187
355171
355099
355066
355050
354920
354883
354872
354867
354856
354737
354713
354507
354492
354457
354247
354244
354224
354185
354101
354017
353948
353723
353570
353408
353325
353251
353221
353081
353051
352902
352814
352792
352762
352676
352579
352431
352400
352366
352206
352173
352119
352102
351870
351723
351668
351660
351654
351092
350952
350677
350621
350411
350368
350259
350212
350134
350032
350028
349821
349715
349454
349380
349295
349266
349227
349159
349018
348984
348955
348891
348883
348692
348556
348467
348406
348358
348295
348264
348247
348180
348169
348142
348003
347957
347879
347732
347659
347429
347391
347356
347350
347111
347090
347073
346510
346506
346418
346385
346285
346283
345604
345550
345441
345388
345367
345262
344919
344799
344755
344753
344752
344744
344737
344616
344538
344517
344465
344335
344303
344150
344139
344103
343976
343192
342956
342915
342908
342907
342686
342675
342572
342441
342415
342414
342366
342289
342237
342213
342212
342194
342189
342149
342104
342064
342041
341901
341366
341347
341329
341146
341137
341102
341049
340750
340699
340692
340682
340632
340521
340314
340308
340241
340173
339949
339905
339823
339611
339565
339198
338969
338906
338596
338497
338485
338459
338275
337889
337728
337656
337612
337390
337272
337265
337242
337107
336864
336732
336694
336656
336437
336376
336288
336186
336156
336139
335835
335780
335526
335281
335102
335074
334980
334969
334868
334821
334789
334731
334703
334612
334604
334408
334012
333716
333713
333619
333317
333235
333205
333157
333001
332981
332965
332854
332530
332526
332518
332411
332142
332086
331896
331874
331863
331749
331674
331636
331605
331492
331437
331348
331300
331131
330939
330933
330931
330684
330669
330471
330153
330087
330048
329962
329901
329861
329754
329693
329465
329345
329230
329045
329020
329004
328950
328897
328834
328779
328699
328641
328565
328489
328400
328348
328332
328312
328309
328305
328191
328022
327951
327948
327707
327627
327625
327551
327440
327408
327335
327216
327050
327011
326960
326886
326810
326749
326677
326383
326376
326372
326137
325598
325596
325252
325154
325015
324757
324619
324322
324207
324148
323946
323924
323911
323444
323397
323249
323236
323207
323178
322960
322749
322678
322630
322595
322559
322546
322306
322299
322236
322145
322062
322041
322028
322016
321957
321917
321880
321831
321678
321674
321623
321506
321405
321323
321233
321157
321059
321059
320998
320948
320825
320778
320756
320721
320523
320462
320393
320371
320153
320072
320033
319879
319802
319754
319701
319612
319565
319477
319446
319418
319338
319290
319227
319045
318841
318764
318459
318438
318432
318430
318230
318210
318049
318041
318023
318017
317921
317760
317728
317644
317581
317538
317403
317382
317281
317132
316945
316888
316877
316782
316601
316520
316386
316380
316367
316355
316315
316089
316001
315989
315906
315889
315710
315402
315225
315126
315054
314912
314884
314707
314659
314592
314494
314420
314254
314103
313986
313898
313720
313598
313591
313568
313246
313110
312999
312967
312917
312803
312768
312679
312347
312293
312165
312099
312076
312050
311958
311861
311753
311740
311473
311396
311371
311322
311213
311211
311163
310951
310714
310686
310628
310558
310539
310386
310243
310124
309964
309922
309688
309545
309445
309381
309367
309305
309221
309094
308869
308853
308773
308538
308472
308427
308364
308247
308062
308030
307987
307855
307841
307707
307610
307591
307523
307296
306846
306713
306654
306521
306519
306446
306255
306226
306178
306147
306081
306058
306003
306000
305952
305631
305608
305557
305301
305080
305070
304991
304694
304581
304476
304386
304368
304327
304324
304300
304246
304233
304216
304096
303986
303704
303666
303650
303340
303312
303298
303283
302913
302855
302800
302732
302624
302523
302450
302049
302001
301921
301870
301801
301636
301605
301533
301453
301320
301313
301271
301212
300962
300936
300846
300810
300788
300552
300532
300242
300187
300142
300132
299910
299763
299655
299370
299266
299235
299165
298965
298958
298785
298766
298442
298394
298393
298258
297901
297753
297752
297551
297126
297019
296981
296935
296932
296823
296786
296399
296245
296167
295854
295842
295702
295698
295684
295528
295517
295369
295282
295281
295226
295173
294893
294713
294709
294523
294507
294503
294455
294363
294112
294110
294095
293902
293893
293868
293633
293579
293577
293513
293470
293072
293021
293006
292962
292830
292782
292678
292612
292598
292503
292493
292312
292223
291929
291660
291643
291575
291554
291326
290880
290873
290817
290642
290638
290542
290524
290359
290164
290158
290034
290026
290023
289970
289937
289915
289820
289617
288964
288938
288903
288609
288473
288373
288322
288266
288247
288243
288207
288128
288090
288021
287982
287738
287735
287699
287651
287624
287612
287505
287218
287188
287183
287143
287101
287058
286985
286980
286857
286826
286787
286770
286458
286339
286293
286066
286032
285905
285892
285890
285705
285665
285626
285569
285360
285244
285141
284833
284823
284795
284759
284724
284709
284654
284511
284393
284340
284299
284196
284163
284125
284028
283985
283934
283807
283680
283600
283505
283452
283290
283041
283027
282946
282726
282685
282377
282269
282141
281868
281785
281409
281336
281282
281259
281155
280960
280668
280652
280554
280549
280536
280492
280364
280357
280243
280140
279924
279833
279748
279617
279533
279528
279260
279137
279099
279085
278957
278894
278842
278837
278708
278545
278540
278531
278518
278370
278322
278238
278204
278029
278008
277956
277728
277698
277614
277269
277085
276957
276929
276916
276863
276726
276680
276584
276567
276512
276452
276396
276274
276197
276051
276020
275916
275803
275772
275741
275707
275671
275647
275481
275462
275211
275167
275023
274913
274865
274835
274759
274526
274342
274314
274137
273996
273683
273672
273666
273361
273352
273333
273320
273246
273083
272733
272707
272686
272665
272601
272565
272558
272546
272534
272269
272161
272106
271740
271717
271601
271588
271515
271514
271339
271168
271099
271033
271023
270774
270744
270572
270329
270194
270135
269921
269905
269883
269869
269833
269733
269667
269409
269226
268978
268975
268676
268650
268649
268561
268387
268114
268034
267960
267950
267824
267796
267793
267548
267545
267480
267402
266811
266764
266725
266710
266642
266602
266552
266536
266520
266445
266368
266339
266162
266132
266047
265883
265814
265772
265726
265462
265347
265204
265064
265006
264981
264960
264862
264772
264721
264617
264598
264557
264509
264293
264277
264178
264165
264154
264027
264009
263821
263676
263518
263484
263458
263381
263378
263340
263309
263279
263011
262910
262848
262826
262767
262609
262556
262537
262429
262323
262223
262212
262209
262064
262020
261943
261893
261629
261403
261190
261128
260947
260434
260423
260355
260089
260020
259995
259915
259904
259872
259839
259755
259404
259394
259361
259332
259316
259298
259252
259192
259163
258931
258710
258659
258563
258549
258471
258394
258328
258264
258222
258118
258114
258046
257997
257963
257769
257768
257511
257267
257039
256863
256779
256590
256499
256436
256349
256333
256292
256285
256188
256170
256168
256049
256018
256006
255870
255836
255534
255366
255197
255193
255111
254757
254701
254551
254508
254491
254489
254272
254078
253977
253916
253848
253842
253696
253538
253429
253378
253335
253171
253157
253106
253036
252890
252855
252800
252784
252619
252426
252422
252366
252362
252032
251976
251959
251947
251736
251541
251531
251342
251321
251048
251046
251025
251006
250971
250855
250694
250385
250366
250366
250318
250303
250272
249844
249727
249647
249210
248899
248812
248606
248436
248259
248226
248131
247977
247840
247778
247661
247386
247152
247101
247079
247074
246943
246798
246663
246625
246616
246569
246537
246512
246511
246409
246154
245955
245937
245882
245812
245803
245762
245645
245644
245579
245517
245374
245129
245109
244752
244684
244682
244630
244628
244559
244529
244461
244373
244216
244172
244145
244132
244105
244001
243897
243863
243621
243611
243580
243551
243544
243283
243038
242885
242859
242746
242713
242542
242521
242467
242443
242431
242387
242311
242127
242119
241990
241885
241871
241791
241741
241728
241370
241321
241262
241241
241146
240734
240708
240566
240543
240521
240404
240215
240116
240018
239941
239850
239689
239435
239328
239327
239102
238996
238909
238890
238874
238870
238685
238578
238527
238255
238204
237967
237963
237874
237814
237667
237618
237536
237250
237079
237046
236983
236919
236871
236794
236739
236363
236226
236193
236070
236000
235937
235912
235882
235809
235686
235672
235628
235587
235425
235356
235306
235284
235253
235248
235232
235230
235145
234804
234800
234650
234524
234477
234414
234412
234316
234056
233996
233944
233446
233436
233339
233300
233241
233123
233055
233022
232974
232940
232880
232852
232829
232750
232671
232632
232514
232407
232206
232156
231998
231918
231917
231837
231814
231795
231752
231731
231685
231598
231548
231464
231287
231269
231238
231215
231120
231023
230916
230625
230347
230317
230264
230163
230003
229947
229910
229847
229824
229716
229442
229133
228960
228954
228738
228668
228368
228306
227932
227913
227836
227778
227727
227722
227577
227446
227321
227266
227170
227111
226956
226927
226784
226643
226339
226156
226129
226109
225854
225820
225795
225620
225506
225418
225116
225044
225016
225004
224892
224866
224755
224741
224691
224622
224557
224481
224425
224413
224316
224149
224065
223983
223868
223672
223669
223643
223462
223443
223350
222956
222907
222883
222591
222587
222544
222519
222382
222330
222284
222252
222233
222194
222165
222151
222021
221907
221734
221717
221643
221633
221612
221510
221460
221449
221255
221197
221081
220984
220981
220964
220658
220476
220181
220158
220056
220006
219934
219802
219785
219777
219763
219719
219690
219627
219613
219581
219554
219437
219344
219344
219284
219216
219158
219141
219031
218985
218926
218903
218695
218439
218374
218373
218238
218235
218164
218082
217985
217806
217637
217602
217408
217292
216994
216851
216669
216598
216282
216166
216129
215952
215591
215571
215479
215356
215192
215067
214847
214837
214751
214708
214551
214511
214398
214232
214057
213950
213873
213859
213744
213606
213283
213184
213133
213093
212979
212911
212839
212830
212821
212672
212654
212584
212548
212512
212279
212264
212148
211910
211839
211653
211607
211587
211472
211432
211413
211271
211124
210909
210744
210697
210644
210576
210463
210461
210283
210253
210250
210107
210085
210051
210045
209855
209836
209729
209539
209479
209392
209042
208565
208538
208268
208234
208192
208021
208009
207906
207828
207710
207688
207669
207639
207506
207499
207496
207443
207395
207246
207207
207119
207114
206970
206968
206968
206940
206820
206511
206400
206346
206168
206131
205903
205897
205826
205774
205600
205482
205433
205415
205382
205011
204883
204695
204663
204554
204403
204381
204333
204319
204318
204260
203957
203873
203612
203557
203381
203379
203206
203113
202978
202831
202742
202621
202428
202417
202332
202198
202192
202184
201913
201854
201748
201711
201654
201603
201576
201519
201493
201487
201182
201137
201135
201103
201075
200878
200876
200828
200581
200479
200413
200357
200303
200151
199944
199613
199561
199518
199450
199439
199403
199368
199168
199117
199090
199002
198963
198875
198874
198780
198688
198638
198565
198501
198381
198304
198297
198257
198207
198185
198142
198020
197583
197442
197329
197260
197248
197016
197001
196723
196699
196678
196359
196291
196247
196203
196058
195786
195755
195402
195365
195123
195077
195072
195005
194886
194828
194547
194478
194424
194285
194280
194075
193847
193828
193544
193498
193394
193207
193107
192913
192788
192678
192455
192267
192220
192137
192132
192109
192061
192035
192002
191966
191964
191521
191272
191272
191268
191053
190926
190504
190445
190303
190300
190130
190072
190040
190030
190028
190026
189978
189966
189956
189758
189731
189679
189658
189657
189646
189546
189527
189374
189232
189114
188849
188805
188795
188715
188701
188684
188644
188575
188547
188239
188102
188040
187996
187667
187590
187453
187426
187422
187133
187034
187030
186978
186892
186872
186742
186503
186503
186476
186458
186412
186280
186224
186015
186014
185972
185692
185491
185484
185334
185308
185270
185196
185113
185062
184795
184724
184704
184611
184473
184275
184211
183880
183841
183603
183497
183376
183348
182744
182543
182477
182431
182288
182263
182224
182070
182032
182009
182005
181978
181906
181817
181732
181671
181642
181551
181496
181208
181159
181042
180981
180882
180879
180871
180747
180241
180169
179843
179823
179755
179668
179520
179397
179361
179331
179198
179144
179109
178830
178760
178709
178644
178577
178529
178357
178272
178196
178141
178120
178111
177930
177806
176958
176831
176612
176489
176405
176106
175928
175836
175739
175712
175650
175482
175329
175275
175158
175049
174865
174843
174667
174506
174492
174300
174231
174132
174035
173891
173755
173585
173583
173511
173306
173283
173161
173142
173087
173057
173047
172708
172679
172585
172358
172181
171981
171978
171957
171901
171832
171795
171725
171612
171526
171473
171381
171296
171144
170883
170879
170765
170716
170698
170623
170598
170564
170525
170235
170070
170036
169612
169478
169470
169430
169196
168984
168976
168923
168565
168249
168206
167794
167658
167651
167626
167565
167534
167492
167316
167183
166925
166913
166813
166811
166747
166743
166681
166601
166374
166322
166261
166242
166222
166201
166149
166080
165996
165558
165525
165332
165306
165190
164951
164780
164765
164598
164574
164458
164291
164162
164113
163883
163857
163824
163200
163182
162975
162917
162790
162651
162642
162359
162342
162307
162280
161901
161883
161790
161752
161733
161720
161704
161625
161494
161477
161452
161446
161446
161423
161412
161404
161374
161280
161249
161231
161211
160868
160829
160811
160786
160628
160618
160583
160536
160525
160448
160434
160415
160215
160205
159972
159845
159816
159717
159616
159473
159441
159386
158611
158084
158067
158044
157859
157761
157692
157575
157416
157376
157267
157191
157077
156933
156907
156644
156639
156381
156189
156154
155990
155979
155936
155761
155675
155517
155499
155485
155343
155311
155174
155147
155142
154570
154418
154299
154062
153917
153708
153657
153438
153428
153426
153224
153149
153145
153059
152962
152540
152407
152245
152143
152123
152104
152082
152032
151988
151906
151902
151876
151820
151767
151745
151739
151670
151458
151403
151312
151167
151166
151048
151046
150799
150673
150672
150344
150145
149984
149722
149600
149400
149377
149318
149305
149290
149286
149228
149104
149093
148954
148946
148925
148806
148748
148734
148672
148567
148546
148417
148325
148189
148120
147974
147776
147565
147504
147281
147184
146762
146711
146557
146165
145877
145846
145793
145739
145737
145592
145574
144978
144877
144875
144799
144743
144582
144574
144511
144367
144239
144192
144155
144118
144110
144084
143921
143867
143809
143553
143499
143434
143366
142981
142818
142703
142607
142489
142469
142437
142298
142294
142161
141847
141817
141754
141718
141705
141658
141637
141593
141533
141451
141442
141442
141349
141332
141195
141182
140851
140830
140695
140637
140481
140397
140384
140262
140108
139988
139881
139817
139805
139749
139704
139484
139334
139262
139045
138978
138950
138929
138779
138692
138622
138493
138284
138194
138121
138082
137881
137793
137479
137346
137340
137290
137238
137190
137127
136940
136735
136629
136629
136609
136454
136379
136367
136360
136239
136211
136191
136071
135802
135371
135310
134968
134924
134906
134868
134846
134726
134723
134530
134472
134394
134390
134367
134095
133715
133637
133551
133188
132916
132906
132542
132525
132382
132058
131942
131933
131908
131845
131842
131617
131590
131533
131304
131279
131166
131148
130907
130830
130731
130684
130635
130616
130577
130502
130497
130425
130310
130303
130221
129988
129943
129892
129833
129795
129777
129472
129311
129175
129067
129062
129010
128982
128927
128850
128749
128573
128548
128541
128515
128426
128287
128145
127999
127808
127694
127627
127605
127397
127325
127316
127299
127141
127119
127067
126883
126845
126842
126830
126756
126541
126422
126290
126191
126115
126083
126006
125637
125532
125515
125345
125281
125122
125040
124953
124866
124835
124673
124369
124310
124256
124208
124199
124103
123808
123603
123586
123501
123358
123305
123200
123092
123021
122811
122750
122739
122674
122661
122596
122547
122498
122113
122091
121987
121976
121735
121620
121611
121521
121373
121191
121190
121146
121126
121009
120818
120749
120735
120729
120726
120702
120468
120317
120292
120261
120249
119759
119636
119601
119544
119403
118985
118908
118749
118581
118518
118367
118230
118214
118190
118158
117933
117788
117532
117461
117325
117321
117257
117240
117237
117152
117118
117013
116955
116728
116319
116305
116076
116031
116003
115931
115814
115813
115809
115804
115777
115691
115486
115425
115240
115211
115151
114950
114820
114806
114765
114594
114485
114426
114347
114225
114150
113997
113992
113716
113431
113398
113344
113295
113293
113188
113095
112927
112801
112641
112630
112472
112394
112234
112174
111954
111821
111820
111796
111764
111568
111500
111461
111236
111158
111007
110994
110892
110745
110743
110144
110112
110087
110017
110008
109905
109836
109488
109475
109471
109370
109137
108939
108771
108481
108290
108159
108032
107854
107792
107749
107748
107694
107683
107335
107196
107079
106948
106774
106743
106655
106515
106477
106475
106441
106371
106137
106130
106008
106000
105630
105227
105047
104741
104648
104607
104532
104382
104320
104303
103916
103916
103884
103865
103819
103807
103630
103629
103184
103100
102983
102889
102850
102835
102746
102708
102673
102479
102465
102420
102368
102237
102171
102168
102013
101965
101885
101697
101435
101342
101311
101160
101138
101123
100992
100929
100862
100818
100432
100379
100213
99823
99756
99744
99738
99587
99587
99346
99306
99032
99006
98634
98508
98430
98416
98375
98322
98213
98174
98052
97968
97388
97318
97271
97229
97199
97136
96819
96809
96750
96722
96315
96289
96228
96148
96105
96082
96006
95985
95975
95975
95961
95808
95622
95564
95509
95379
94943
94787
94776
94741
94651
94633
94556
94470
94435
94320
94128
93984
93930
93860
93819
93707
93624
93562
93562
93538
93403
93225
93105
93018
92997
92945
92944
92844
92670
92548
92206
91864
91840
91769
91764
91693
91547
91528
91381
91318
91286
91222
91169
90844
90780
90732
90726
90701
90642
90611
90574
90558
90504
90499
90207
89788
89535
89044
88825
88823
88753
88602
88463
88311
88256
88042
87882
87877
87702
87657
87554
87495
87409
87384
87374
87352
87315
87044
86959
86929
86875
86864
86774
86695
86629
86628
86614
86558
86498
86402
86383
86303
86225
86054
85809
85801
85478
85466
85409
85346
85053
84979
84915
84907
84882
84642
84566
84477
84411
84258
84252
84073
84019
83645
83603
83581
83577
83314
83166
82789
82665
82654
82491
82338
82318
82033
81948
81864
81838
81737
81706
81628
81576
81520
81504
81464
81296
81247
80944
80759
80720
80710
80594
80487
80392
80178
80140
80045
79957
79938
79937
79797
79722
79527
79403
79343
79251
79195
79030
79020
78915
78845
78783
78762
78638
78630
78584
78534
78507
78342
78234
78092
78018
78002
77963
77926
77766
77702
77584
77525
77442
77423
77257
77125
77121
77093
76954
76874
76824
76702
76696
76675
76499
76334
76296
76209
76206
75883
75821
75610
75538
75405
75151
75032
74751
74721
74639
74544
74524
74466
74342
74270
74209
74031
73999
73937
73924
73729
73729
73322
72999
72995
72892
72885
72882
72871
72504
72480
72344
72269
71984
71920
71838
71831
71779
71692
71368
71342
71311
71237
71076
71069
70867
70833
70778
70587
70574
70558
70515
70139
70104
69931
69889
69736
69608
69427
69292
69290
69223
69216
69192
69156
69151
68961
68831
68745
68505
68377
68309
68183
67812
67761
67520
67374
67108
67087
67043
66923
66882
66841
66752
66723
66306
66303
66094
65939
65932
65920
65774
65637
65572
65519
65435
65134
65060
65050
64797
64707
64668
64647
64294
64210
64098
64046
63852
63733
63660
63561
63528
63512
63445
63439
63435
63375
63345
63321
63285
63201
63061
63007
62908
62862
62841
62829
62738
62478
62454
62377
62355
62329
62251
62186
62179
62153
62109
62067
61884
61878
61819
61676
61641
61411
61123
61091
61055
61019
61017
60827
60586
60540
60473
60448
60430
60343
60309
60213
59937
59927
59657
59623
59475
59457
59385
59351
59306
59174
59154
59114
58910
58824
58702
58699
58694
58662
58550
58539
58368
58352
58337
58315
58288
58190
58152
58068
58048
58037
57791
57779
57691
57671
57656
57610
57553
57425
57358
57329
57129
57005
56905
56888
56610
56519
56460
56220
56189
56142
56102
55999
55903
55780
55701
55671
55596
55533
55460
55338
55319
55299
55285
55197
55192
55095
55062
54853
54816
54815
54754
54734
54563
54500
54289
54211
54211
54170
54131
54095
54048
53834
53770
53525
53478
53414
53199
53162
53045
53029
52997
52875
52673
52662
52575
52566
52298
52274
52261
52183
52140
52102
52068
52066
51962
51814
51535
51202
51180
51127
50988
50820
50640
50616
50512
50250
50066
50041
49478
49361
49170
48991
48752
48693
48684
48549
48504
48290
48101
48100
47723
47698
47523
47362
47323
47274
47056
46942
46896
46724
46717
46515
46509
46392
46333
46308
46212
46183
46096
46036
46030
45990
45793
45751
45747
45719
45612
45559
45495
45457
45000
44965
44854
44822
44817
44754
44713
44675
44601
44587
44535
44466
44414
44341
44197
44105
44017
43851
43720
43535
43534
43360
43264
43253
43180
43178
43142
43026
43025
42863
42779
42611
42410
42385
42209
42007
41725
41698
41550
41204
41168
41156
41129
41121
41072
41013
40913
40876
40636
40623
40565
40391
40209
40132
40121
40117
39980
39972
39732
39646
39213
39116
38998
38987
38773
38613
38566
38494
38332
38318
38160
38113
37776
37743
37564
37520
37322
37064
36990
36813
36734
36647
36622
36593
36545
36209
36114
36053
36009
35770
35637
35590
35560
35291
35140
35077
34825
34563
34039
33965
33937
33842
33693
33524
33458
33421
33415
33345
33093
32715
32677
32647
32560
32394
32229
32186
32077
31778
31702
31658
31560
31552
31511
31437
31425
31385
31366
31362
31345
31256
31220
31203
31126
31084
31068
30992
30864
30847
30649
30641
30628
30458
30445
30442
30008
29995
29617
29440
29391
29356
28945
28768
28650
28488
28467
28425
28408
28371
28232
28148
28097
27908
27643
27624
27616
27361
27331
27161
27139
26985
26960
26835
26504
26490
26449
26437
26432
26376
26205
26091
26046
26002
25934
25811
25693
25662
25523
25194
25033
24845
24763
24680
24647
24419
24351
24241
24162
24069
23938
23917
23914
23871
23797
23741
23560
23475
23322
23108
23012
22834
22733
22687
22576
22253
22229
21926
21908
21818
21730
21686
21682
21661
21592
21212
21177
21130
21045
21027
20900
20640
20558
20261
20151
19897
19733
19659
19519
19509
19362
19330
18904
18854
18730
18650
18631
18496
18298
18282
18000
17808
17786
17748
17534
17314
17187
17177
17155
17115
16825
16804
16711
16623
16619
16595
16402
16363
16218
16167
15952
15612
15568
15524
15490
15320
15294
15020
14999
14852
14768
14599
14576
14537
14511
14481
14408
14403
14337
14302
14191
14007
13847
13776
13642
13610
13503
13322
13036
12899
12774
12695
12497
12495
12445
12369
12263
11988
11933
11833
11703
11688
11592
11467
11422
11411
11345
11332
11303
11285
11285
11220
11178
11159
11000
10682
10664
10473
10460
10286
10021
10008
9952
9870
9859
9845
9831
9599
9584
9579
9509
9345
9154
9034
8989
8980
8968
8965
8888
8801
8785
8676
8675
8648
8587
8555
8391
8364
8152
8124
8039
7920
7739
7680
7171
7116
7110
7090
7084
6930
6853
6737
6699
6202
6173
6173
6127
6038
6014
5907
5876
5818
5643
5594
5538
5029
4855
4839
4712
4487
4452
4382
4380
4363
4297
4096
4079
4009
3980
3961
3945
3847
3813
3806
3698
3674
3622
3565
3334
2832
2714
2578
2395
2281
2214
2146
2107
2083
1412
1358
1320
1290
1142
1070
1067
997
778
725
676
546
273
145
129
24
