100
991082
989380
984747
977103
972804
952673
928602
927215
897097
893092
874457
859022
848729
833479
831942
825587
817714
802967
801291
796270
794344
767297
764614
746541
730921
726285
692363
689885
666926
666645
648936
648459
641987
636515
626249
625606
620490
616212
594327
590026
581609
580340
575612
574633
563704
562039
559056
556532
537417
523120
502103
500817
497584
473660
455230
441144
430464
408597
391995
371028
363793
356588
347563
337764
335107
333892
333223
313165
307294
300577
297855
277603
266919
262992
262804
258124
254199
244721
244677
219179
208076
185217
179704
173612
172372
162356
152238
141245
124565
102228
100093
96251
84388
82942
58134
45662
41012
37595
12255
3730
