1000
998369
997085
994894
993567
993257
991610
991146
990194
989426
988643
988274
987910
987008
986415
985388
985036
984207
983851
983539
982965
979817
976721
974979
974555
974536
974205
972897
972682
972425
971402
971092
970939
970601
967109
963841
963122
962589
961997
961488
960947
960529
959084
958984
956689
956111
949276
948135
947459
945756
944179
943993
943247
943058
942647
942492
940317
939572
938895
938211
936965
936742
934253
932722
932427
930898
930042
928997
928598
926360
923950
923726
922142
921964
920400
919371
917949
917826
917000
912538
908279
907181
907064
906342
906113
905580
904269
899895
898698
898092
897559
897345
897196
897007
893761
893184
892435
890966
890631
890076
888873
888836
886913
886879
883426
883415
882789
882593
880958
880750
880567
878412
877763
876891
875687
869215
867797
867760
867731
867501
865854
864119
857983
856521
856138
855299
854154
853754
853226
852820
852319
851884
851708
851433
850834
849828
849566
848824
848281
847345
847267
847176
845303
844531
843855
843060
841726
840922
838726
837882
835460
835098
834593
833074
832397
832149
831123
829830
826442
823341
821917
821489
820565
820403
819508
817574
816438
814872
814788
814559
813845
813619
811593
810744
810415
808344
807113
806676
804237
803716
802786
801136
800097
799666
799579
799466
799260
798419
798179
797698
797583
795608
795466
795164
794921
794601
793428
792766
792528
791849
791630
790927
790587
790168
789910
783471
782366
780876
779523
779189
778655
777123
776027
775621
774888
774856
774814
774712
772182
771795
768760
768754
768290
766951
766431
765751
763545
763489
763206
762784
762741
761847
760882
760094
759611
759007
757293
756040
755909
754896
754138
752331
751003
750959
747708
747538
747219
747147
746894
744416
743582
743273
742261
739400
739394
738685
738440
735465
735400
734388
733579
733158
732166
730860
730247
729515
729330
728491
726251
725891
723742
723485
723278
721090
719725
719697
719100
717849
717725
716312
714711
714447
713929
712500
710771
710545
708340
708229
707364
707022
706389
704928
702804
702664
700991
700843
699285
697867
696289
695272
693918
693124
692617
691575
691549
691215
690809
689950
688629
687580
687198
684396
684116
683549
683131
681178
680598
680272
676330
675964
675772
675004
674403
674367
673973
673957
670319
668424
668233
664732
660899
660492
658880
658773
657664
657014
656506
655834
655691
655380
654908
653707
650299
649566
647993
647569
647515
645648
644636
642877
642235
641760
641488
638599
638404
638028
633097
632165
631570
631068
629944
629825
629277
628823
627470
626946
626828
625009
624155
623358
622667
619791
617972
616941
615266
613989
613816
613594
613530
613162
612219
611452
610625
610592
608398
608363
607162
606948
605988
605201
603390
601535
600089
599324
599282
598566
598309
597039
596254
596143
593250
593225
593015
587790
586894
586680
586631
583595
581068
579912
579135
577604
575423
575148
574919
570311
566658
566604
564494
564154
564148
562492
561123
561070
560648
559907
558475
557252
556641
556342
556274
552956
551540
551108
551013
549173
548309
548050
547928
546226
545267
541896
541323
541264
539519
539198
538152
536147
535787
535548
535545
535448
534947
534456
530650
528369
527066
526644
526534
525564
523608
522877
522787
522169
519825
519210
518778
515870
515526
514856
513958
513620
513315
512041
511906
510262
509797
509487
508581
508114
507337
505796
504902
503966
502347
501328
501040
499945
499437
499360
499030
498527
496730
496420
495907
493606
493423
493299
490848
490148
488831
488758
485896
485315
485224
484891
482506
482328
481936
481880
481861
481309
480058
476529
476362
475997
475198
474991
473839
473740
473667
472686
469467
468524
468423
466647
466185
465160
464111
463486
461254
461247
460589
460439
458011
457556
456643
456434
455321
452964
452546
452418
452267
452112
449801
446911
446620
446513
445887
444880
444823
443983
443684
443507
443405
440531
439503
438905
438845
435120
435102
434927
432122
431027
430931
429570
428437
428113
427916
427772
427329
426813
425093
423027
422759
420491
419938
418251
415725
415165
413906
411796
408862
408699
408424
407452
406971
404938
403442
401533
398516
398510
397595
397507
397435
397240
394405
394133
393103
392434
392256
391891
390011
389911
388769
386745
386336
385001
384854
384323
383455
383295
381374
381366
380415
378351
376941
376551
376353
375925
373710
373299
371614
371101
369964
369577
368932
367788
367758
367706
366658
364611
364148
363771
363532
363131
362311
361747
358670
358415
357572
355535
354980
354961
354675
353481
352168
350339
349884
349652
347176
346555
345197
344690
344548
342871
342063
341074
340203
339745
339605
339448
336778
336082
335700
335175
333662
333451
332450
331909
331357
330538
329597
329034
327025
326737
325992
325008
323667
322227
321494
321108
320037
319594
318355
315580
313607
311860
311686
310547
310443
309757
309620
307691
304950
304736
304062
303267
302227
301262
300752
300194
295933
295353
294794
293878
291217
290857
290238
288964
283229
282625
282051
282015
280828
279146
277465
276977
275108
274935
274723
273488
272996
272496
272300
271359
270492
268348
266953
264009
263554
262880
262416
261185
260865
260661
260547
260537
260196
260177
259526
259405
258936
256975
255559
255255
254189
253505
250853
250401
248543
248458
248387
248259
245948
245656
245193
244424
244167
242645
242455
241483
238550
236619
236391
236374
235084
233816
233408
232498
231554
229836
228078
224282
224211
223903
222262
221889
217689
217206
215683
215151
215022
213732
213226
212391
211762
210188
209629
206025
205357
204984
204441
204165
202650
202228
201900
201651
201648
201361
197448
197297
196739
196332
196090
195572
194033
193929
192073
191572
189905
189412
187246
185251
184709
184600
183184
181909
181685
180449
178515
178039
177173
176982
175209
174757
173960
171932
171599
170948
170774
170634
168884
168721
167766
167008
164383
164257
164172
163032
161853
158309
158179
157285
157268
156755
156666
155801
155411
154473
153297
152530
150655
149666
148428
147980
147925
147041
146463
145074
144778
143560
139966
138469
137925
137391
136776
135528
134964
133488
133277
133048
127988
126534
124135
119683
118726
118527
117618
117242
117198
116922
116527
115165
114468
114246
111471
109993
107947
107698
107440
106566
105508
104751
104608
103227
99502
98365
97843
96829
96774
96419
96415
96040
95595
95144
94618
94227
94027
91277
90823
88904
88777
85089
84768
84066
83747
83551
82129
81007
80233
80137
78186
77428
77327
77131
76953
75684
75204
73540
72866
69922
66979
65311
64721
64419
63762
63685
63444
61676
61632
60761
59980
57800
56212
54339
53739
53336
52529
50116
48931
48660
47571
46537
45832
44615
44352
42100
41269
40765
40469
39887
39521
39121
37424
37008
36505
34627
34100
33795
32838
31608
31301
30898
30411
29795
29761
28296
27382
26946
26785
26201
25001
23895
22439
19767
18906
16415
14864
14374
13205
13129
12236
11127
10476
8196
7684
7496
5433
4427
3925
