10000
999972
999741
999714
999698
999608
999566
999245
998940
998394
998379
998280
998256
998182
998109
998070
997996
997957
997948
997924
997775
997732
997675
997623
997568
997438
997348
997259
997151
997129
997115
997110
997102
997062
997046
996852
996791
996700
996660
996452
996212
996106
995929
995915
995865
995812
995780
995720
995666
995596
995161
995042
994721
994678
994653
994641
994633
994589
994542
994450
994389
994381
994045
993919
993826
993798
993751
993491
993407
993386
993372
993361
993357
993330
992910
992895
992764
992637
992553
992543
992382
992361
992253
992222
992123
991841
991825
991543
991504
991499
991471
991408
991391
991353
991348
991302
991252
991142
991038
990905
990749
990702
990663
990627
990577
990442
990178
990054
990034
989991
989960
989915
989907
989887
989391
989267
989241
989240
989169
989160
989157
988945
988933
988907
988876
988842
988835
988685
988310
988302
988168
988161
988129
987893
987863
987848
987819
987718
987620
987513
987424
987404
987375
987316
987227
986970
986837
986796
986673
986561
986509
986414
986337
985998
985997
985923
985816
985768
985661
985571
985432
985419
985209
985040
984971
984863
984783
984709
984694
984692
984686
984546
984451
984224
984218
984125
984061
984037
983949
983869
983716
983639
983608
983597
983460
983454
983398
983382
983323
983313
983086
983019
982971
982892
982887
982711
982652
982586
982418
982221
982035
981647
981565
981460
981438
981257
981198
981169
981116
981057
980992
980908
980607
980606
980524
980448
980287
980269
980257
980000
979919
979359
979316
979202
979175
979118
979050
979038
978992
978804
978555
978507
978496
978415
978379
978329
978328
978314
978291
978266
978107
978010
977969
977902
977846
977792
977568
977455
977442
977318
976899
976765
976729
976686
976616
976456
976370
976236
976102
976043
975994
975971
975833
975786
975752
975725
975678
975669
975342
975092
975005
974892
974574
974506
974293
974284
974261
974212
974126
974061
973848
973802
973020
973013
972892
972770
972634
972484
972453
972358
972286
972112
972081
972016
972003
971872
971719
971703
971553
971318
971303
971186
971086
971038
970917
970167
970125
970022
970015
969878
969659
969649
969340
969199
969137
969026
968984
968941
968885
968738
968681
968626
968284
968164
968149
968054
968030
968027
967963
967916
967907
967853
967676
967671
967548
967442
967407
967387
967285
967179
967007
966991
966968
966963
966955
966888
966873
966621
966366
966324
966280
966219
966164
965990
965830
965822
965724
965689
965667
965578
965574
965359
965301
965112
965098
964762
964744
964685
964542
964509
964132
964067
963839
963685
963663
963511
963459
963407
963254
963176
962972
962961
962743
962691
962646
962627
962466
962455
962154
962061
962059
961799
961716
961704
961286
961105
961016
960967
960867
960709
960447
960428
960374
960337
960127
960069
960010
959937
959898
959805
959793
959672
959595
959269
959255
959102
958951
958945
958940
958861
958841
958605
958575
958517
958508
958315
958224
958044
957772
957693
957682
957606
957579
957373
957343
956896
956783
956738
956582
956511
956454
956428
956421
956311
955998
955842
955815
955797
955652
955554
955419
955368
955249
955230
955194
955166
955075
955006
954934
954762
954687
954595
954535
954475
954474
954452
954362
954330
954048
954002
953836
953772
953769
953730
953443
953293
953032
952965
952926
952871
952771
952669
952512
952454
952407
952376
952371
952328
952296
952250
952122
952030
952018
951974
951933
951667
951641
951630
951602
951384
951339
951312
951286
951058
950860
950860
950845
950746
950490
950472
950467
950417
950391
950378
950290
950060
950058
949968
949959
949950
949892
949864
949798
949670
949658
949390
949382
949346
949195
949135
948969
948831
948717
948708
948568
948522
948433
948284
948198
948173
947900
947841
947797
947738
947736
947601
947253
947250
947186
947088
946859
946849
946832
946829
946654
946513
946466
946422
946410
946333
946328
946320
946235
946188
946148
946134
946036
945877
945837
945777
945689
945510
945306
945248
945115
944919
944669
944598
944528
944511
944432
944412
944377
944367
944034
944034
943949
943925
943882
943881
943854
943826
943716
943679
943477
943441
943225
943152
943108
943096
943060
943041
942866
942779
942774
942692
942402
942251
942236
942033
942033
942026
941837
941790
941484
941378
941268
941189
941067
941045
940986
940982
940884
940823
940781
940645
940633
940618
940606
940599
940385
940357
940273
940266
940236
940221
940188
940164
940039
939998
939853
939791
939735
939545
939266
939096
938736
938725
938538
938528
938469
938438
938419
938267
938234
938086
938037
938019
937893
937864
937847
937639
937398
937389
937338
937286
937267
937259
937217
937208
937161
936972
936910
936866
936829
936822
936728
936384
936380
936125
936100
936070
936068
935991
935938
935926
935597
935596
935583
935507
935430
935322
935224
935108
935043
935015
934837
934783
934766
934647
934508
934496
934446
934262
933974
933863
933724
933627
933624
933476
933460
933022
932830
932697
932683
932670
932624
932583
932547
932530
932496
932452
932275
932216
932136
932076
931844
931837
931707
931586
931523
931339
931239
931152
931151
931083
931070
931065
931051
931023
930771
930751
930549
930246
930181
930153
929951
929812
929697
929575
929574
929570
929532
929350
929306
929222
929110
929083
928858
928781
928731
928500
928297
928070
927908
927906
927847
927665
927618
927613
927471
927345
927329
927257
927133
926652
926601
926593
926531
926503
926476
926440
926268
926222
926217
926204
926170
926053
926048
926041
926004
925951
925937
925921
925515
925497
925388
925159
924927
924867
924721
924625
924623
924546
924515
924498
924481
924470
924346
924346
924317
924265
924251
924216
924213
924177
923986
923777
923760
923699
923497
923417
923371
923331
923147
923010
922862
922793
922670
922668
922439
922281
922281
922276
922271
922146
922136
922039
922018
921913
921825
921763
921745
921577
921526
921526
921500
921413
921098
920853
920760
920732
920610
920384
920194
920105
919972
919899
919878
919837
919798
919627
919564
919521
919455
919331
919077
918839
918725
918611
918602
918510
918438
918258
918235
918152
918149
918112
917721
917661
917625
917565
917510
917439
917404
917403
917387
917321
917207
917138
917099
917082
917074
916944
916888
916807
916635
916534
916513
916478
916278
916200
916186
916078
915908
915905
915882
915785
915778
915771
915645
915603
915035
914996
914832
914702
914497
914327
914225
914191
914182
914107
914045
914018
914014
913768
913611
913191
913154
913116
913115
913006
912989
912720
912623
912605
912346
912301
912215
912112
912100
912049
912048
912014
912001
911752
911723
911572
911414
911353
911263
911181
911124
911096
911021
910646
910563
910538
910501
910392
910356
910198
910135
910135
910098
910096
910056
910028
909969
909814
909567
909378
909281
909190
908998
908981
908547
908255
908155
908093
908091
908037
907957
907904
907832
907732
907657
907583
907376
907130
907087
906991
906896
906748
906693
906640
906454
906263
906212
906107
905988
905829
905799
905784
905777
905774
905587
905540
905472
905417
905040
905003
904949
904632
904631
904590
904389
904370
904138
904035
903982
903773
903724
903719
903716
903623
903546
903406
903209
902784
902708
902530
902486
902484
902472
902407
902158
902142
901930
901868
901859
901791
901782
901642
901614
901539
901518
901499
901455
901442
901357
901274
901252
901207
901158
901102
901037
900658
900448
900441
900361
900219
900074
900073
900032
899789
899788
899546
899509
899337
899321
899283
899280
899278
899027
898846
898718
898525
898488
898306
898301
898261
898248
897891
897858
897706
897703
897559
897438
897402
897300
897275
897271
897129
896897
896795
896746
896663
896567
896409
896255
896095
896050
895822
895556
895470
895385
895366
895285
895268
895262
895168
894816
894709
894650
894578
894466
894164
894087
894081
894014
893798
893560
893538
893512
893481
893366
893323
893228
893179
893055
892800
892779
892722
892547
892393
892300
892209
892154
892098
892090
891454
891421
891333
891181
891150
891098
891094
891019
890902
890849
890747
890703
890688
890652
890613
890590
890485
890185
890152
890091
890081
890045
890017
889834
889802
889777
889752
889709
889535
889533
889367
889329
889221
889121
889089
889069
889058
888967
888721
888606
888454
888424
888422
888413
888405
888310
888262
888181
888148
888134
888129
888071
887986
887723
887721
887693
887688
887641
887588
887555
887548
887470
887286
887219
887125
886949
886679
886573
886199
886112
886042
885661
885638
885540
885511
885371
885366
885153
885131
885097
884939
884899
884872
884837
884818
884797
884745
884689
884677
884652
884567
884438
884424
884231
883972
883657
883490
883447
883309
883240
883009
882959
882958
882952
882893
882824
882782
882601
882541
882408
882370
882272
882148
882147
882064
882031
881824
881741
881637
881473
881414
881221
881154
881149
880928
880861
880803
880677
880626
880565
880320
880249
880238
880060
880053
879924
879825
879804
879764
879701
879652
879321
879273
879046
878920
878868
878855
878571
878556
878463
878086
878052
878001
877882
877808
877795
877375
877182
877125
877080
876949
876706
876540
876459
876458
876418
876417
876386
876376
876341
876226
876211
875838
875736
875710
875671
875495
875246
875206
874731
874612
874471
874430
874371
874277
874255
874244
874205
874091
874014
873984
873861
873849
873827
873461
873388
873355
872911
872770
872653
872524
872389
872346
872342
872204
872201
871926
871798
871736
871714
871706
871678
871648
871623
871444
871177
871173
870994
870776
870727
870523
870378
870376
870294
869722
869694
869527
869516
869421
869417
869351
869289
869123
868985
868909
868602
868461
868409
868377
868259
868199
867951
867850
867823
867792
867724
867666
867594
867584
867548
867493
867463
867314
867310
867301
867025
866961
866787
866631
866411
866295
866218
866017
865709
865636
865600
865583
865490
865387
865297
865239
864857
864799
864577
864343
864320
864278
864223
864194
864070
863718
863707
863652
863546
863507
863423
863237
863180
863117
863111
863085
863043
862864
862790
862752
862710
862630
862553
862550
862540
862540
862452
862353
862301
862279
862276
862270
862216
862187
862166
862160
861847
861821
861710
861554
861496
861424
861003
860764
860608
860596
860567
860560
860283
859880
859833
859676
859442
859288
859106
859097
859050
859015
858816
858806
858659
858593
858259
858258
858237
858224
858124
858120
857993
857695
857689
857617
857372
857130
856905
856818
856640
856632
856325
856162
855923
855899
855862
855780
855733
855321
855187
854975
854909
854892
854630
854531
854482
854474
854298
854296
854141
854094
853709
853647
853519
853374
853254
853251
853068
852998
852890
852814
852805
852759
852725
852618
852587
852403
852291
852246
852161
851997
851995
851649
851606
851549
851503
851182
851178
851111
850648
850607
850534
850466
850038
850024
849786
849753
849500
849397
849282
849120
849081
848994
848921
848826
848790
848784
848759
848606
848409
848388
848320
848090
847930
847626
847415
847345
847308
847196
847020
846779
846541
846540
846443
846425
846418
846332
846288
846059
846045
846016
845940
845847
845828
845775
845755
845687
845532
845524
845444
845418
845274
845234
845030
844961
844916
844793
844713
844648
844443
844390
844093
844043
843927
843837
843797
843770
843769
843768
843732
843613
843579
843547
843538
843478
843400
843204
843064
843009
842795
842765
842744
842670
842665
842497
842249
842087
841496
841456
841402
841305
841284
841101
840856
840813
840788
840462
840395
840337
840211
840134
840094
840040
839779
839654
839653
839615
839530
839502
839239
839158
838973
838956
838955
838898
838829
838709
838705
838592
838474
838466
838346
838268
838187
838115
837927
837839
837345
836909
836838
836646
836570
836568
836550
836360
836158
836156
836034
835902
835852
835823
835816
835649
835631
835267
835048
835041
835011
834845
834643
834615
834584
834394
834381
834376
834359
834187
834075
833564
833350
833167
833126
833118
832951
832875
832799
832728
832662
832615
832569
832497
832488
832418
832417
832389
832309
832202
831985
831949
831661
831580
831537
831529
831350
830778
830615
830426
830038
829851
829787
829335
828758
828670
828650
828585
828556
828082
828022
827726
827705
827656
827615
827578
827525
827355
827236
827225
827209
827111
827056
826970
826944
826920
826910
826898
826898
826896
826871
826818
826806
826643
826515
826493
826404
826378
826372
826364
826283
826237
826199
826021
825908
825882
825861
825718
825340
825258
825205
825055
824978
824883
824801
824780
824531
824517
824484
824461
824364
824301
824236
824199
824167
823961
823954
823778
823757
823571
823489
823209
823131
823123
822837
822809
822680
822644
822539
822463
822352
822348
822285
822132
822011
821964
821791
821716
821654
821640
821513
821399
821327
821221
820907
820823
820678
820672
820633
820443
820211
820208
820169
820143
819767
819753
819670
819462
819323
818973
818565
818560
818482
818283
818216
818203
818190
818122
818091
817898
817878
817858
817684
817646
817583
817581
817537
817499
817022
817003
817000
816908
816562
816549
816546
816518
816424
816204
816158
815781
815762
815669
815443
815441
815103
815071
815056
814954
814911
814840
814830
814746
814685
814540
814525
814499
814448
814437
814291
814205
814156
814150
813909
813844
813783
813714
813713
813682
813440
813259
813254
813223
813025
813002
812922
812910
812787
812674
812517
812230
812153
812137
812058
812048
811796
811514
811418
811353
811185
811127
811078
810968
810838
810799
810731
810612
810606
810469
810277
810262
810228
810178
810101
810098
810092
810059
810052
810011
809794
809756
809711
809705
809499
809151
809138
808811
808801
808765
808669
808418
808217
808178
807820
807676
807627
807588
807552
807351
807333
807227
807139
807036
806928
806741
806573
806460
806035
806032
805971
805874
805694
805652
805465
805335
805253
805188
805051
805021
804879
804847
804810
804763
804652
804624
804396
804361
804351
804291
804248
804162
803920
803897
803718
803634
803632
803554
803332
803318
803249
803244
803172
803143
803108
802834
802833
802598
802476
802466
802436
802139
802099
802016
801862
801514
801451
801276
801180
800895
800813
800792
800656
800614
800527
800497
800408
800390
799997
799858
799699
799623
799432
799175
799124
799037
798820
798793
798703
798665
798599
798382
798293
798278
798277
798179
797647
797608
797602
797460
797421
797281
797250
797204
796764
796752
796712
796490
796424
796410
796207
796040
796021
796013
795850
795577
795542
795346
795199
795036
794936
794921
794752
794662
794515
794386
794234
794096
794071
793986
793976
793974
793872
793826
793743
793556
793532
793517
793383
793268
793165
793050
792979
792870
792687
792493
792404
792373
792363
792268
792238
791983
791890
791850
791848
791827
791705
791616
791564
791520
791420
791323
791296
791238
791208
791204
791071
790994
790552
790394
790362
790309
790231
790218
789836
789498
789322
789274
789138
789126
789087
789064
788982
788784
788579
788298
788291
788157
788078
788075
788027
787922
787857
787527
787456
787422
787420
786811
786790
786781
786671
786384
786360
786335
786294
786249
786218
786145
786111
786058
785919
785915
785871
785760
785741
785703
785678
785644
785560
785519
785373
785340
785284
785210
785210
785177
785138
784853
784657
784533
784317
784300
784248
784200
784103
784058
783932
783913
783846
783759
783689
783667
783589
783574
783567
783390
782870
782667
782646
782642
782602
782529
782430
782223
782182
782083
781846
781732
781675
781668
781504
781447
781443
781230
781213
781211
781114
781112
781043
781018
780987
780915
780828
780614
780221
779989
779813
779731
779690
779533
779415
779106
779067
778789
778634
778615
778599
778530
778362
778235
778024
777942
777516
777279
777172
777048
777040
777023
776993
776888
776754
776727
776698
776691
776664
776617
776527
776404
776394
776130
775993
775962
775807
775743
775738
775638
775606
775602
775566
775479
775446
775269
775241
774772
774721
774684
774481
774264
774257
774101
773829
773827
773760
773626
773495
773432
773428
773427
773308
773130
772831
772720
772677
772653
772504
772433
772341
772230
772218
771981
771967
771907
771772
771691
771571
771571
771518
771389
771313
771148
771060
771039
770842
770624
770547
770441
770295
770259
770088
769909
769734
769713
769657
769554
769551
769387
769177
769066
768917
768900
768822
768784
768665
768592
768354
768323
768183
768179
767931
767567
767395
767353
767337
767117
766870
766844
766783
766739
766679
766663
766606
766414
766406
766400
766376
766318
766300
766035
766007
765881
765868
765859
765803
765787
765761
765614
765475
765383
765379
765368
765328
765315
765142
765054
764841
764766
764755
764567
764505
764292
764097
764081
764032
764032
763934
763910
763780
763773
763758
763709
763583
763502
763491
763394
763311
763308
763296
763291
763252
763079
762981
762846
762782
762771
762603
762214
762200
762078
761880
761736
761471
761426
761377
761368
761106
761055
761040
761037
760983
760924
760755
760608
760414
760375
760278
760131
759977
759973
759439
759393
759340
759319
759281
758903
758852
758806
758706
758677
758662
758614
758464
758359
758194
758181
757920
757872
757855
757357
757331
757271
757177
757161
756934
756910
756803
756715
756666
756302
756301
756275
756132
755958
755952
755825
755781
755658
755519
755047
755023
754972
754956
754901
754895
754865
754854
754847
754795
754781
754589
754364
754350
754326
754323
754286
754214
754049
753950
753720
753657
753512
753303
753258
753204
753187
753094
753011
753002
752928
752910
752901
752892
752408
752280
752235
752178
752157
752045
751871
751767
751704
751553
751536
751319
751252
751079
750968
750672
750586
750463
749791
749606
749148
749090
749073
749027
748983
748860
748819
748807
748748
748684
748624
748619
748540
748509
748382
748239
747999
747972
747521
747467
747461
747380
747336
747094
746991
746960
746901
746812
746770
746607
746496
746250
746244
746243
746215
746151
746127
746070
746047
745972
745953
745846
745733
745732
745677
745664
745552
745537
745414
745367
745251
745215
744905
744692
744597
744535
744341
744320
744312
744203
744178
744086
743795
743701
743589
743579
743537
743518
743412
743281
743270
743208
743065
743007
742992
742953
742936
742921
742635
742464
742393
742276
742081
742031
742015
741997
741848
741842
741612
741593
741304
741168
741154
741060
741019
740929
740634
740470
740342
740256
740184
739932
739863
739854
739824
739792
739758
739728
739726
739570
739494
739324
739316
739197
739071
739024
738983
738969
738922
738885
738871
738580
738384
738266
738125
738072
737964
737878
737702
737594
737460
737314
737274
737255
736967
736877
736827
736825
736812
736789
736601
736580
736440
736401
736379
736198
736180
736090
735898
735892
735803
735799
735772
735697
735410
735247
735210
735170
735127
735089
735029
734998
734788
734786
734720
734580
734559
734391
734323
733990
733777
733643
733383
733294
733243
733241
733214
733123
732944
732877
732657
732381
732271
732240
732185
732035
731963
731778
731763
731613
731598
731514
731481
731476
731391
731158
731144
731138
731128
731070
731060
731035
730991
730795
730776
730774
730364
730354
730263
730259
730190
729867
729758
729695
729574
729507
729492
729363
729345
729294
729216
729093
729020
728907
728561
728551
728506
728505
728484
728464
728399
728378
728338
728212
727968
727744
727522
727493
727359
727318
727268
727258
727168
727125
727024
727016
727007
727005
726800
726758
726707
726628
726624
726603
726558
726446
726407
726395
726264
726024
725919
725854
725721
725497
725295
725203
725038
724496
724481
724347
724343
724307
724248
724058
724014
723965
723954
723939
723925
723841
723830
723742
723718
723713
723610
723508
723287
723040
722984
722882
722784
722692
722642
722625
722404
722127
721961
721874
721774
721692
721584
721563
721543
721539
721409
721373
721251
721108
720842
720768
720726
720625
720606
720475
720385
720355
720319
720251
719969
719966
719925
719916
719894
719888
719778
719748
719684
719516
719460
719321
719320
719156
719063
719024
718921
718867
718817
718411
717808
717791
717663
717579
717371
717279
717253
717218
717212
717051
716823
716526
716453
716282
716005
715999
715964
715879
715837
715796
715605
715544
715319
715247
715141
714990
714966
714846
714839
714806
714662
714579
714559
714540
714469
714432
714394
714343
714328
714226
714124
714057
714038
714038
713947
713912
713700
713488
713365
713313
713139
713138
712997
712981
712924
712901
712856
712799
712675
712663
712640
712580
712540
712316
712245
712002
712000
711973
711915
711863
711621
711312
711105
711037
710914
710814
710641
710559
710507
710457
710254
710253
710208
710173
710082
710057
710035
710019
709949
709869
709725
709704
709661
709654
709604
709503
709429
709243
709096
708834
708745
708622
708451
708352
708351
708287
708274
708237
708167
708136
708123
708060
707962
707883
707832
707722
707666
707661
707595
707110
707108
706863
706752
706730
706693
706477
706455
706395
706195
706185
706112
706045
705808
705718
705550
705519
705353
705340
705071
705064
704981
704960
704903
704670
704652
704602
704594
704532
704511
704498
704438
704196
704140
703996
703977
703867
703822
703715
703679
703670
703642
703463
703424
703314
703292
703274
703255
703082
702807
702752
702731
702587
702486
702266
702166
702072
702038
702024
701914
701831
701754
701719
701595
701560
701504
701409
701309
701287
701228
701138
701068
701061
701045
701008
700952
700855
700827
700697
700691
700690
700469
700356
699919
699914
699877
699829
699702
699682
699442
699436
699169
699131
699097
698892
698815
698423
698398
698397
698175
697964
697824
697646
697513
697381
697347
697328
697185
697083
697068
697055
696980
696867
696851
696682
696596
696544
696497
696293
696143
696117
696089
696049
696030
695885
695883
695814
695805
695800
695781
695729
695611
695585
695582
695543
695541
695386
695321
695183
695179
695177
695072
695039
695011
694886
694814
694814
694685
694641
694629
694384
694241
694150
693984
693909
693899
693876
693862
693732
693505
693488
693331
693293
693250
693198
693074
693032
692979
692837
692510
692484
692254
692127
692043
691927
691925
691758
691733
691619
691446
691397
691349
691252
691077
690852
690650
690570
690556
690349
690339
690291
690291
689975
689851
689498
689484
689367
689287
688832
688703
688695
688628
688616
688418
688399
688202
688114
687969
687859
687792
687772
687676
687538
687366
687201
687177
686994
686858
686799
686765
686566
686427
686105
685892
685744
685733
685558
685432
685360
685280
685144
684915
684808
684652
684638
684534
684435
684387
684147
683988
683841
683837
683646
683524
683516
683474
683384
683379
683323
683312
683254
683249
683156
682826
682804
682709
682525
682477
682362
682301
682090
681734
681608
681593
681582
681485
681436
681386
681384
681320
681159
681093
681031
680999
680895
680755
680733
680654
680636
680561
680522
680498
680369
680136
680109
680009
679977
679870
679819
679557
679262
679053
678938
678904
678765
678704
678455
678270
678185
678178
678170
678043
677999
677950
677792
677684
677543
677455
677229
677146
677111
677050
676844
676778
676745
676607
676518
676497
676337
676276
676250
676142
676110
676108
676074
675942
675665
675643
675592
675531
675466
675443
675364
675143
675129
675120
675086
675058
674972
674845
674542
674492
674441
674419
674337
674074
674023
674008
673803
673798
673695
673640
673563
673343
673119
673066
672993
672939
672823
672820
672551
672521
672476
672261
672250
672233
672209
672115
671448
671221
670917
670877
670768
670738
670632
670327
670264
670261
670239
670080
669806
669805
669726
669664
669381
669205
668875
668861
668726
668701
668696
668560
668421
668284
668209
667816
667813
667778
667680
667677
667669
667655
667286
667174
667131
667068
666851
666823
666822
666783
666583
666447
666424
666414
666389
666366
666098
666089
665980
665980
665750
665738
665688
665492
665345
665323
665238
665056
665015
664812
664772
664662
664641
664611
664608
664593
664586
664474
664415
664080
663931
663854
663673
663639
663486
663467
663461
663422
663262
663210
662966
662750
662734
662698
662541
662462
662429
662037
661834
661542
661534
661399
661330
661195
661024
661010
660854
660848
660818
660644
660596
660513
660433
660195
660107
660097
659967
659932
659875
659782
659744
659573
659473
659031
658964
658948
658929
658779
658750
658715
658678
658602
658598
658501
658471
658434
658028
658028
658011
657789
657772
657754
657712
657666
657659
657655
657574
657506
657128
656949
656864
656614
656523
656484
656246
656228
656221
656176
656134
656035
655975
655740
655530
655445
655343
655289
655205
655060
655031
654966
654946
654912
654891
654867
654844
654684
654673
654560
654534
654460
654460
654433
654320
654228
654176
654163
654137
654044
653915
653902
653854
653815
653648
653347
653344
653183
653169
653161
653049
653045
652611
652541
652517
652426
652334
652332
651928
651891
651883
651826
651787
651731
651706
651504
651482
651245
651029
650939
650867
650762
650751
650647
650324
650284
650238
650018
649904
649860
649776
649723
649640
649576
649568
649411
649202
649049
649026
648741
648596
648557
648526
648384
647940
647895
647810
647450
647437
647421
647347
647338
647101
646921
646881
646797
646699
646587
646349
646126
646085
645787
645710
645613
645596
645536
645331
645324
645206
645152
645121
644992
644991
644738
644634
644520
644494
644438
644415
644387
644355
644325
643913
643898
643875
643866
643785
643675
643576
643503
643344
643313
643162
643100
643068
643001
642906
642781
642587
642267
642256
642166
642073
642036
642011
641943
641914
641808
641774
641718
641703
641693
641686
641441
641345
641171
641018
640880
640799
640742
640723
640696
640681
640681
640574
640483
640427
640380
640134
640052
639945
639618
639454
639389
639285
639220
639157
639089
638941
638842
638770
638676
638600
638592
638563
638390
638353
638307
638306
638055
637844
637822
637702
637457
637380
637289
637213
637210
637200
637142
637035
636971
636760
636736
636624
636596
636299
636114
636094
635999
635948
635880
635837
635776
635716
635552
635335
635322
635289
635245
635237
635186
635158
635050
635043
634990
634951
634937
634893
634773
634679
634531
634525
634519
634452
634330
634272
634263
634215
634203
634119
633963
633913
633572
633519
633478
633416
633403
633132
632990
632921
632919
632887
632857
632520
632480
632431
632337
632091
632020
632008
632006
631917
631890
631879
631843
631756
631690
631668
631589
631562
631287
631261
631221
631205
631042
630995
630987
630984
630962
630917
630839
630824
630424
630387
630237
630226
630208
629915
629905
629843
629364
629334
629276
629082
628627
628559
628455
628293
628150
628109
627806
627717
627561
627442
627231
627105
627071
626806
626736
626696
626478
626378
626364
626336
625970
625924
625910
625818
625803
625734
625568
625561
625485
625427
625312
625186
625156
625101
625098
625057
624993
624909
624753
624576
624551
624469
624419
624174
624006
623921
623754
623732
623680
623675
623647
623483
623249
623127
623007
622970
622897
622831
622600
622565
622333
622226
622195
622111
621985
621975
621967
621840
621747
621741
621671
621577
621543
621397
621370
621369
621318
621117
621087
621052
620831
620714
620625
620602
620561
620511
620492
620425
620175
620151
620128
620079
620042
619864
619852
619849
619827
619805
619272
619128
619047
618817
618814
618811
618789
618779
618738
618471
618468
618442
618303
618247
618226
618212
617844
617725
617711
617348
617311
617232
617091
616812
616809
616695
616483
616431
616289
615991
615858
615790
615594
615428
615367
615325
615298
614989
614965
614924
614809
614782
614597
614577
614264
614076
614043
613888
613574
613567
613449
613446
613428
613344
613220
613047
612962
612851
612657
612602
612383
612372
612265
612196
612075
612065
612054
611396
611176
611038
610978
610871
610820
610796
610603
610549
610544
610399
610352
610304
610201
610090
609827
609765
609520
609395
609294
609065
608976
608973
608922
608902
608757
608618
608578
608510
608499
608483
608378
608226
608150
607697
607695
607690
607610
607607
607493
607471
607360
607270
607201
607126
607123
607108
606759
606714
606605
606597
606195
606070
606058
606052
606005
605692
605457
605443
605294
605272
605239
604884
604839
604802
604607
604573
604571
604513
604421
604260
604047
603610
603564
603458
603414
603392
603354
603343
603308
603273
603268
603210
603209
603064
602702
602522
602420
602300
602184
601984
601844
601706
601676
601549
601534
601438
601423
601284
601224
601189
601122
601076
600943
600915
600742
600451
600212
600207
600200
600163
600151
600083
599875
599849
599580
599479
599322
598936
598898
598879
598814
598750
598558
598460
598379
598316
598235
598221
598045
597905
597863
597683
597439
597299
597172
597135
597069
597065
597064
596665
596531
596459
596358
596279
596235
596145
595900
595792
595770
595546
595452
595356
595335
595333
595325
595031
595018
594901
594842
594825
594800
594740
594656
594649
594623
594584
594431
594187
594083
593893
593870
593859
593841
593791
593672
593621
593537
593531
593405
593350
593263
593238
593222
593196
592754
592398
592397
592183
592005
591715
591462
591379
591351
591338
591302
591281
591044
591013
590968
590775
590578
590376
590347
590201
590148
590124
590112
590026
589951
589800
589582
589531
589374
589343
589292
589291
589290
589150
589090
589057
588905
588780
588779
588710
588550
588482
588427
588388
587920
587787
587457
587417
587265
587237
587139
587103
586749
586644
586344
586329
586265
586155
586048
586044
585954
585898
585873
585813
585778
585705
585452
585430
585309
585292
585081
584998
584989
584873
584858
584814
584621
584420
584263
584258
584189
584091
584052
584033
583794
583722
583532
583468
583457
583401
583239
583182
583153
582672
582578
582566
582405
582396
582206
582170
582158
582074
582026
581807
581338
581012
580840
580807
580707
580660
580558
580556
580484
580435
580344
580262
580252
580251
580207
580168
579992
579860
579650
579558
579526
579090
579064
579062
578555
578398
578307
578297
578287
578247
578247
578198
577886
577550
577454
577297
577285
577261
577115
577017
576998
576765
576750
576441
576002
575843
575814
575524
575384
575336
575333
575192
574918
574741
574707
574655
574624
574521
574473
574366
574167
574117
573989
573886
573567
573478
573422
573091
573063
572969
572948
572853
572816
572746
572719
572623
572615
572574
572561
572557
572498
572063
572021
571908
571899
571836
571819
571783
571749
571536
571522
571510
571493
571353
571333
570913
570887
570866
570831
570732
570533
570533
570501
570394
570320
570071
570054
569840
569805
569567
569508
569444
569339
569327
568982
568840
568792
568699
568622
568560
568555
568292
568279
568261
568243
568243
568193
568128
568099
568083
568026
567943
567792
567699
567587
567486
567454
567447
567334
567297
567196
567172
567113
566999
566996
566930
566927
566914
566868
566715
566540
566347
566268
566228
566100
566089
565856
565622
565585
565576
565514
565413
565386
565357
565103
565021
564909
564674
564618
564589
564515
564450
564156
564150
564117
564042
564001
563969
563786
563769
563695
563470
563129
563098
563052
563042
562963
562944
562764
562462
562393
562366
562329
562273
562223
562011
561956
561919
561874
561855
561769
561693
561647
561547
561439
561426
561426
561425
561331
561247
561146
560299
560255
560082
559972
559925
559649
559538
559536
559510
559483
559333
559231
559161
559079
559075
558941
558812
558757
558539
558473
558064
557919
557918
557886
557859
557856
557832
557799
557795
557794
557712
557609
557596
557565
557512
557367
557263
557196
557133
557030
557030
556572
556544
556511
556232
556224
556110
556102
555790
555765
555735
555630
555594
555469
555438
555376
555306
555102
555090
554841
554834
554315
554286
554232
554159
554105
554059
554057
553781
553653
553625
553571
553547
553379
553378
553371
553256
552936
552562
552550
552395
552334
552124
552047
551932
551863
551810
551781
551726
551663
551608
551553
551546
551398
551363
551318
551295
551256
551175
551141
550999
550996
550990
550976
550861
550737
550726
550640
550588
550576
550456
550426
550415
550399
550394
550364
550259
550138
550130
550110
550102
549844
549767
549702
549685
549667
549642
549613
549605
549577
549555
549440
549437
549385
549258
549158
549107
549086
548902
548643
548589
548576
548490
548490
548476
548439
548169
547903
547622
547609
547233
547153
547151
547110
546938
546890
546876
546682
546600
546553
546404
546320
546270
546242
546176
546081
546051
546002
545959
545903
545849
545582
545225
545180
545149
545076
544924
544915
544813
544477
544314
544234
544165
544088
544074
544066
544055
543985
543935
543903
543880
543611
543586
543238
543224
543131
543061
542989
542874
542800
542771
542723
542691
542566
542547
542527
542458
542369
542202
542200
541910
541863
541727
541720
541606
541530
541416
541327
541173
541089
541082
541075
541022
540847
540782
540699
540633
540622
540604
540561
540159
540017
540010
539983
539981
539833
539823
539721
539686
539675
539485
539354
539237
539087
538882
538790
538763
538594
538415
538382
538360
538318
538295
538228
538207
538139
538121
538077
537863
537817
537602
536904
536799
536721
536668
536592
536271
536191
536094
535789
535439
535429
535377
535265
535153
535132
534984
534879
534854
534776
534749
534707
534336
534324
534247
534237
534189
534166
534133
534081
534040
533958
533855
533840
533822
533792
533772
533614
533582
533578
533573
533514
533447
533444
533291
533268
533225
533220
533152
532924
532786
532779
532450
532424
532382
532004
531970
531935
531869
531773
531740
531710
531643
531602
531602
531558
531464
531409
531284
531188
531089
531082
531080
531079
530982
530943
530723
530691
530626
530527
530511
530477
530376
530268
530040
529955
529947
529816
529640
529531
529510
529457
529391
529160
529071
529057
528921
528766
528757
528754
528709
528546
528395
528394
528341
528334
528307
528135
527988
527914
527839
527724
527684
527627
527297
527283
527261
527016
526938
526831
526813
526809
526741
526692
526568
526541
526387
526375
526351
526351
526167
526113
526110
525929
525799
525751
525732
525591
525523
525409
525053
524969
524969
524907
524837
524680
524614
524451
524304
524150
523998
523892
523617
523352
523078
522944
522638
522515
522376
522215
521880
521745
521388
521376
521132
521015
521015
520965
520889
520875
520691
520613
520573
520368
520235
520214
519943
519707
519673
519658
519518
519442
519347
519318
519179
518804
518750
518736
518722
518703
518636
518495
518372
518290
518225
518154
518107
517923
517723
517703
517586
517210
517184
517157
517116
516956
516909
516905
516903
516834
516784
516778
516743
516536
516245
516165
516163
516040
515925
515563
515432
515415
515329
515251
515186
515181
515178
515149
514931
514924
514840
514751
514679
514664
514485
514438
514369
513942
513842
513739
513526
513505
513460
513372
513346
513215
513124
512830
512677
512674
512580
512158
512151
512031
511764
511656
511520
511483
511263
511207
511134
511118
510964
510924
510691
510689
510521
510489
510086
510013
510012
509889
509780
509584
509490
509334
509238
509201
509185
509164
509017
508881
508864
508740
508717
508687
508628
508619
508567
508504
508390
508389
508371
508294
508180
508165
508161
508152
508145
508099
508044
508040
508026
508022
507946
507756
507581
507501
507166
507016
507008
506957
506642
506511
506237
506111
506106
505829
505711
505653
505566
505427
505371
505260
505055
504957
504786
504734
504686
504548
504414
504339
504293
504167
504129
504085
503965
503884
503842
503487
503318
503310
503204
503038
503016
502935
502871
502857
502815
502721
502716
502684
502642
502580
502517
502517
502456
502383
502370
502223
502196
502095
501935
501818
501792
501761
501664
501533
501528
501485
501302
501181
501095
500970
500884
500546
500527
500522
500504
500412
500389
499928
499865
499775
499691
499647
499614
499614
499232
499179
499179
499149
498925
498923
498918
498795
498681
498560
498535
498284
498067
498015
497920
497739
497720
497672
497425
497423
497389
497352
497038
497036
496837
496754
496704
496692
496534
496446
496344
496314
496217
496125
495794
495751
495591
495504
495333
495225
495214
495048
494936
494888
494830
494800
494765
494726
494650
494606
494578
494257
494256
494223
494190
494159
494141
494068
494032
494031
494022
493818
493811
493795
493701
493662
493506
493500
493279
493231
493228
492907
492846
492740
492593
492506
492446
492436
492386
492216
491963
491936
491874
491826
491795
491780
491578
491530
491439
491392
491315
491245
491199
490996
490994
490983
490955
490541
490322
489990
489682
489655
489527
489468
489402
489387
489339
489313
489287
489200
489144
488942
488718
488649
488632
488501
487991
487880
487809
487777
487488
487407
487299
487195
487138
487119
487040
486885
486875
486818
486782
486753
486687
486600
486255
486206
485944
485922
485724
485526
485505
485247
485202
485179
485151
485136
485070
485027
484609
484604
484426
484336
484300
484248
484240
484224
484192
484162
484082
484060
483938
483878
483613
483496
483461
483267
483175
483134
483134
483134
482963
482903
482864
482453
482329
481945
481912
481853
481739
481715
481602
481587
481587
481435
481393
481384
481260
481162
481143
481133
480929
480900
480718
480463
480392
480290
480184
480001
479943
479885
479834
479831
479819
479635
479606
479544
479466
479221
479063
478626
478346
478243
478235
478143
478136
478106
477974
477759
477532
477502
477399
477376
477247
477246
477119
476957
476933
476918
476853
476832
476817
476802
476604
476583
476562
476525
476405
476348
475933
475879
475785
475725
475662
475414
475209
475179
474976
474902
474897
474853
474812
474612
474379
474183
474177
474143
474116
474047
474030
473894
473840
473790
473769
473655
473653
473599
473576
473465
473408
473342
473195
473130
473035
472685
472659
472601
472581
472539
472515
472491
472482
472268
472219
472037
472035
472010
471979
471971
471708
471621
471390
471381
471033
470706
470646
470387
470159
470051
470001
469959
469670
469526
469444
469401
469316
469039
468953
468870
468859
468754
468588
468415
468203
468085
468069
467980
467943
467738
467564
467467
467392
467354
467153
466900
466807
466761
466622
466615
466370
466345
466065
466012
465973
465830
465820
465740
465623
465512
465424
465376
465297
465286
464974
464850
464789
464521
464434
464381
464340
464318
464278
464260
464168
464164
464118
463988
463886
463820
463798
463790
463726
463549
463344
463129
462887
462807
462469
462426
462181
462113
461719
461581
461458
461373
461318
461261
461062
461041
460863
460811
460792
460699
460495
460398
460382
460306
460156
460132
460027
459831
459720
459433
459409
459330
459227
459175
459008
458721
458709
458635
458541
458480
458099
458052
457857
457821
457788
457718
457713
457589
457464
457385
457354
457223
457155
457135
457114
457030
456844
456678
456655
456633
456472
456349
456136
456092
456083
456051
455723
455354
455247
455245
454796
454592
454491
454322
454150
454080
453737
453687
453613
453591
453557
453542
453475
453331
453309
453189
453050
453041
452969
452601
452512
452340
452221
451928
451885
451518
451479
451408
451335
451318
451071
450945
450924
450712
450674
450384
450373
450284
450185
449873
449749
449715
449627
449548
449499
449397
449384
449345
449262
449097
449062
449001
448922
448737
448559
448541
448533
448229
448106
447843
447839
447663
447375
446561
446549
446547
446155
446097
446020
445723
445697
445569
445513
445490
445373
445246
444852
444802
444793
444744
444618
444541
444518
444454
444208
444062
444034
443957
443917
443897
443892
443776
443748
443685
443674
443592
443469
443382
443316
443209
443174
443058
442957
442700
442688
442669
442644
442599
442539
442479
442418
442400
442389
442352
441914
441839
441710
441701
441424
441327
440916
440484
440208
440062
439943
439897
439820
439704
439675
439615
439555
439378
439272
439217
439128
438628
438594
438517
438395
438327
438016
438006
437958
437887
437876
437869
437725
437686
437645
437592
437582
437517
437209
437155
437078
437020
436905
436890
436863
436777
436754
436725
436620
436614
436607
436561
436536
436498
436382
436261
436103
435989
435981
435979
435894
435853
435786
435712
435688
435638
435617
435293
435284
435282
435195
435098
434742
434650
434577
434511
434463
434349
434252
434126
433989
433840
433701
433700
433543
433109
433040
432915
432741
432543
432417
432318
432251
432228
432038
432025
431939
431777
431534
431422
431355
431307
431275
431271
431129
430954
430873
430782
430778
430774
430719
430695
430634
430596
430551
430504
430468
430349
430269
430017
429993
429907
429843
429814
429812
429790
429756
429756
429519
429469
429365
429217
429142
429122
429109
429048
428838
428656
428581
428366
428348
428284
428230
428222
428210
428123
428021
427858
427786
427515
427452
427409
427126
427095
427089
427084
426987
426940
426921
426708
426373
426344
426297
426271
426214
426178
426155
426018
425889
425862
425690
425673
425670
425399
425050
425010
425004
424792
424786
424372
423971
423927
423892
423780
423712
423499
423388
423372
423195
423073
423005
422997
422769
422757
422632
422628
422551
422484
422416
422367
422133
422125
422017
421713
421581
421380
421146
421104
421102
421096
420625
420455
420394
420221
420184
420067
420014
419920
419752
419747
419742
419484
419429
419399
419395
419382
419350
419129
419104
419050
419045
418967
418943
418828
418744
418618
418606
418417
418329
418074
417896
417698
417671
417632
417619
417382
417347
416938
416925
416816
416587
416409
416176
415758
415636
415629
415624
415472
415385
415193
415186
414938
414904
414860
414523
414482
413877
413714
413710
413578
413534
413376
413274
413270
413192
413182
413017
412541
412487
412387
412318
412299
412247
412220
412178
412116
412103
411955
411935
411731
411598
411598
411545
411544
411464
411463
411453
411429
411400
411165
411011
410692
410643
410605
410562
410481
410356
410303
410252
410188
410178
410177
410174
409979
409961
409808
409778
409745
409687
409597
409336
409321
409261
409257
409209
409191
409171
409052
408801
408739
408562
408551
408466
408424
408365
408269
408230
408026
408014
407943
407696
407413
407333
407233
407190
407032
406844
406754
406611
406605
406483
406473
406219
406106
406081
405872
405847
405787
405731
405669
405538
405324
405177
405126
405017
404974
404932
404496
404383
404240
404225
404146
404142
404099
404065
404060
404038
403878
403872
403664
403620
403597
403589
403475
403444
403438
403212
402937
402512
402389
402378
402332
402263
402248
402233
402034
401981
401948
401943
401832
401788
401782
401768
401594
401571
401409
401399
401377
401227
401159
401094
401069
401063
400963
400956
400724
400722
400524
400376
400252
400119
399887
399846
399738
399710
399510
399491
399355
399308
399260
399151
399046
398960
398794
398293
398256
398222
397948
397913
397906
397813
397659
397651
397630
397623
397517
397437
397333
397266
397223
397038
396743
396581
396478
396357
396281
396264
396229
396228
396225
396075
395982
395927
395922
395919
395902
395869
395867
395826
395816
395798
395793
395628
395598
395412
395410
395317
395307
395233
395227
395225
395155
395122
395089
394862
394835
394818
394560
394371
394242
394162
394121
394069
393912
393851
393825
393385
393369
393242
393167
393142
392489
392461
392348
392333
391882
391820
391525
391476
391352
391192
391122
390919
390829
390819
390804
390716
390691
390546
390444
390431
390257
390243
390147
390074
390046
390013
389989
389888
389805
389772
389532
389492
389414
389376
389334
389319
389295
389281
389236
389191
389141
389002
388909
388878
388851
388719
388688
388414
388390
388066
387939
387933
387872
387857
387783
387767
387672
387623
387146
386688
386504
386331
386241
386112
386074
386052
385640
385070
385024
384900
384768
384713
384668
384581
384557
384532
384443
384403
384191
384151
384139
384067
383917
383912
383766
383625
383540
383461
383387
383335
383318
383177
382984
382875
382701
382685
382680
382622
382440
382230
382168
382114
382059
382016
381812
381756
381611
381439
381371
381300
381283
381265
381161
381039
380827
380760
380755
380601
380539
380470
380266
380244
380222
380189
380167
380165
380164
380108
380100
379881
379819
379818
379769
379559
379557
379466
379429
379126
379028
378872
378740
378625
378536
378434
378430
378426
378383
378366
378175
378157
378152
378120
378043
378029
377838
377731
377720
377671
377426
377260
377188
377137
376973
376937
376576
376467
376184
376069
376035
376009
375988
375969
375940
375880
375800
375787
375674
375640
375228
375112
375070
375067
374946
374849
374814
374778
374775
374615
374528
374422
374325
374283
374127
373791
373663
373637
373622
373525
373267
373179
372971
372825
372749
372472
372389
372184
372066
371887
371872
371843
371826
371744
371191
371169
370982
370867
370832
370757
370669
370422
370286
370241
370147
370076
370055
369960
369921
369870
369823
369612
369610
369593
369415
369043
368924
368909
368830
368627
368622
368513
368446
368284
368233
368211
368096
368029
367897
367846
367757
367725
367485
367458
367432
367085
366991
366903
366626
366517
366473
366434
366395
366081
365970
365910
365770
365725
365537
365533
365509
365399
365203
365189
365091
365063
364874
364833
364785
364692
364642
364596
364533
364471
364371
364281
364220
364158
364124
364061
363917
363891
363872
363687
363424
363220
363192
363118
363088
362920
362828
362816
362644
362584
362496
362246
362173
361839
361755
361737
361732
361711
361550
361389
361314
361257
361072
360789
360386
360370
360338
360284
360214
360147
360100
360003
359584
359459
359442
359435
359385
359134
358866
358791
358619
358353
358297
358124
358035
357818
357786
357731
357676
357624
357600
357457
357327
357061
357002
356971
356795
356589
356511
356292
356098
356053
356022
356004
355938
355788
355785
355735
355713
355654
355575
355441
355348
355284
355199
355024
354962
354925
354595
354529
354508
354395
354358
354283
354281
354126
354112
354107
354046
353987
353912
353804
353752
353700
353602
353588
353565
353532
353523
353355
353345
353292
353198
352849
352780
352764
352717
352636
352505
352281
352171
352063
351954
351913
351849
351639
351592
351574
351396
351319
351021
350973
350864
350833
350581
350576
350461
350441
350254
350234
350180
350170
350052
350051
350040
349574
349292
349250
349186
349053
349035
348982
348855
348605
348495
348472
348432
348162
348151
348136
348087
347906
347775
347670
347659
347586
347574
347532
347409
347363
347277
346316
346108
346061
345993
345814
345689
345586
345518
345451
345389
345159
345113
344835
344721
344677
344574
344219
344099
343833
343698
343673
343599
343530
343497
343495
343432
343397
343270
343145
343124
343083
342967
342884
342869
342815
342607
342496
342403
342000
341971
341940
341883
341708
341622
341592
341315
340952
340799
340569
340498
339865
339749
339739
339522
339493
339473
339394
339287
339227
339164
339132
339116
339084
339046
338870
338830
338802
338762
338729
338666
338497
338492
338448
338356
338300
338204
338185
338128
338105
338042
337988
337455
337420
337357
337215
336984
336954
336872
336636
336612
336503
336495
336485
336467
336383
336192
335976
335965
335780
335773
335750
335739
335569
335523
335351
335326
335261
335100
335076
335030
334976
334754
334640
334588
334501
334496
334456
334406
334379
334249
334075
333930
333885
333774
333388
333360
333344
333316
333302
333251
333225
333217
332943
332927
332922
332730
332643
332576
332554
332511
332495
332333
332275
332271
332063
331881
331878
331873
331763
331600
331525
331366
331249
331188
331065
331005
330920
330795
330713
330605
330493
330323
330236
330160
330052
329948
329904
329889
329843
329831
329725
329578
329574
329480
329456
329215
329193
329089
329007
328958
328902
328730
328727
328668
328567
328556
328450
328331
328308
328245
328230
328220
328168
328120
328073
328056
327972
327928
327686
327675
327523
327258
327254
327194
327156
327139
327022
326907
326902
326834
326774
326772
326674
326660
326399
326396
326342
326259
325821
325809
325775
325634
325560
325520
325509
325302
325151
325102
325029
324990
324187
324111
324030
323912
323909
323738
323505
323481
323251
323245
322938
322874
322861
322834
322732
322674
322662
322468
322454
322424
322414
322396
322360
322350
322247
322030
321884
321867
321707
321675
321671
321509
321487
321227
321188
321140
321135
321043
321009
320909
320759
320610
320339
319838
319779
319699
319682
319662
319541
319473
319276
319200
319037
319033
318962
318925
318854
318817
318810
318793
318667
318468
318377
318333
318283
318254
318156
318079
317601
317443
317184
316960
316836
316725
316567
316561
316558
316540
316460
316386
316382
316345
316142
315917
315894
315746
315711
315600
315418
315362
315337
315105
314744
314478
314461
314328
313746
313565
313558
313516
313390
313331
313300
313227
313089
313059
312923
312833
312725
312572
312494
312467
312178
312178
312113
312098
311974
311946
311892
311879
311826
311764
311724
311414
311217
311182
311140
311106
311097
310924
310868
310819
310396
310240
310034
310004
309851
309835
309735
309678
309611
309608
309319
309314
309153
308883
308857
308697
308627
308582
308306
308295
307905
307732
307592
307592
307359
307324
307270
307076
307043
307036
306931
306572
306499
306494
306453
306348
306292
306211
306109
305897
305754
305704
305688
305662
305132
304417
304356
304322
304313
304108
304078
303950
303896
303896
303895
303849
303823
303807
303752
303739
303725
303684
303644
303601
303577
303344
303324
303173
303128
302950
302862
302859
302713
302618
302552
302483
302331
302283
302269
302265
302118
302079
301980
301962
301948
301873
301596
301484
301477
301294
301258
301179
301164
301143
300981
300938
300917
300871
300868
300824
300643
300435
300387
300194
300004
299715
299687
299544
299487
299445
299326
299310
299281
299095
298991
298770
298714
298703
298604
298547
298538
298022
298013
297924
297830
297811
297749
297667
297666
297617
297611
297522
297323
297312
297247
297240
297041
296875
296812
296766
296704
296599
296592
296570
296562
296552
296517
296486
296112
295954
295763
295602
295551
295453
295187
295051
294795
294772
294628
294420
294349
294211
294095
294075
293992
293829
293723
293710
293678
293670
293571
293564
293507
293414
293272
292946
292805
292682
292638
292576
292424
292321
292297
292133
292057
291906
291813
291791
291719
291700
291642
291634
291546
291389
291211
290780
290552
290479
290238
290211
290098
289896
289836
289828
289813
289464
289329
289202
289177
289077
288872
288772
288722
288704
288645
288630
288233
288003
287898
287695
287687
287635
287619
287415
287307
287229
287083
287030
286792
286688
286630
286547
286467
286403
286357
286234
286133
286127
286100
286084
286068
286060
285899
285817
285589
285495
285405
285128
285091
284898
284887
284852
284658
284530
284348
284327
284324
284318
284217
283932
283895
283885
283860
283653
283601
283584
283571
283366
282826
282649
282334
282099
282005
281891
281789
281776
281611
281548
281406
281387
281380
280905
280857
280693
280672
280545
280474
280428
280359
280299
280244
280130
280074
280059
280055
279568
279491
279419
279372
279364
279311
279238
279234
279107
279041
278918
278793
278537
278383
278032
278009
277986
277830
277814
277558
277470
277408
277367
277166
277004
276983
276936
276753
276657
276646
276474
276355
276130
276115
276038
275927
275925
275914
275860
275844
275812
275789
275755
275739
275698
275651
275498
275448
275406
275292
275236
275232
275129
275019
274990
274910
274712
274634
274613
274442
274394
274349
274320
274305
273946
273864
273854
273827
273672
273625
273617
273581
273505
273220
273190
273180
273028
273008
272870
272749
272682
272593
272540
272484
272414
272349
272256
272247
272216
272118
271885
271873
271776
271619
271516
271433
271313
271175
270990
270877
270842
270779
270750
270727
270535
270514
270473
270316
270265
270191
270057
270057
269803
269688
269558
269510
269480
269453
269446
269348
269344
269141
269132
269049
268998
268654
268638
268563
268557
268259
268153
268076
267803
267783
267503
267313
267301
267192
267050
266987
266950
266705
266411
266378
266336
266093
266069
265937
265855
265812
265742
265632
265521
265343
265316
265111
265043
264829
264690
264375
264305
264120
264092
263978
263943
263865
263788
263781
263739
263632
263425
263118
263044
263038
263022
262833
262683
262546
262512
262379
262351
262113
262073
261919
261874
261866
261735
261520
261473
261440
261340
261296
261149
260958
260878
260845
260774
260763
260652
260104
260067
260066
260066
259785
259698
259545
259412
259410
259350
259290
259269
259236
259097
259087
258924
258918
258847
258756
258748
258620
258586
258440
258085
257970
257818
257634
257515
257510
257459
257347
257279
257262
257142
256945
256924
256866
256652
256474
256430
256344
256336
256252
256228
256205
256090
256019
256011
255827
255716
255711
255678
255677
255657
255584
255237
255157
255051
255000
254644
254379
254192
253984
253975
253932
253768
253737
253726
253489
253391
253366
253133
252783
252692
252657
252635
252611
252577
252501
252409
252288
252265
252258
252229
252209
252158
252112
252047
252030
252006
251999
251860
251846
251803
251782
251686
251633
251607
251456
251399
251398
251240
251099
251038
250986
250789
250751
250733
250714
250578
250525
250477
250460
250296
250160
249977
249856
249651
249639
249628
249592
249582
249092
249017
248952
248952
248942
248939
248800
248601
248546
248511
248345
248333
248303
248223
248188
247905
247882
247856
247750
247646
247585
247296
247243
247113
246998
246941
246872
246844
246737
246467
246461
246448
246395
245887
245832
245742
245670
245538
245532
245492
245337
245266
245091
244906
244729
244677
244533
244406
244326
244324
244241
244167
243995
243762
243587
243583
243531
243524
243392
243284
243267
243252
243214
243186
243084
242599
242593
242555
242548
242547
242349
242219
242128
242108
242029
241399
241301
241245
241219
241203
241072
240958
240688
240494
240189
240134
240109
239969
239960
239869
239595
239565
239476
239445
239389
239306
239299
239222
239213
239210
239131
239099
239099
239007
238969
238965
238939
238806
238803
238775
238695
238493
238391
238286
237998
237935
237796
237721
237612
237603
237554
237402
237241
237202
237152
236814
236812
236748
236709
236652
236284
236111
236100
235928
235852
235740
235524
235511
235445
235203
235079
235046
235023
234931
234775
234691
234658
234607
234605
234603
234556
234432
234329
234158
234157
234042
233953
233894
233885
233640
233187
232893
232747
232691
232450
232425
232251
232140
231721
231535
231486
231443
231377
231153
231064
230850
230829
230824
230797
230548
230407
230323
230267
230249
230183
230139
230018
229931
229919
229897
229796
229715
229530
229425
229392
229074
229065
228995
228898
228815
228656
228294
228260
228192
228118
228072
227955
227907
227783
227580
227541
227423
227094
226991
226959
226645
226623
226533
226453
226385
226330
226324
226095
226075
225984
225953
225883
225791
225625
225533
225487
225407
225389
225189
225022
225001
224941
224922
224841
224819
224658
224553
224550
224497
224262
223958
223863
223837
223806
223745
223735
223601
223490
223451
223379
223168
222987
222852
222464
222349
222288
222138
222090
221989
221835
221775
221693
221569
221475
221402
221349
221175
221038
220605
220567
220542
220419
220276
220201
220018
219925
219784
219757
219724
219709
219335
219296
219056
219039
218915
218720
218619
218519
218292
217807
217647
217578
217264
217261
217181
217121
217028
216649
216458
216392
216161
216138
216113
215733
215718
215664
215661
215547
215502
215411
215248
215082
214984
214834
214565
214184
214003
213993
213973
213519
213451
213413
213403
213267
213057
212970
212849
212777
212681
212566
212482
212308
212279
212278
212222
212047
211931
211779
211722
211648
211562
211497
211484
211349
211321
211214
211163
211070
210776
210330
210208
210199
210063
210059
209859
209516
209322
209298
209256
209060
209038
208983
208932
208677
208573
208347
208303
208274
208142
208089
207952
207947
207906
207846
207822
207699
207614
207485
207366
207131
206980
206906
206898
206700
206631
206622
206494
206417
206297
206268
206064
205989
205911
205846
205426
205184
204888
204771
204470
204464
204271
204220
204007
203847
203810
203599
203537
203531
203455
203138
202940
202894
202569
202507
202475
202222
202104
202102
201677
201650
201541
201428
201408
201365
201283
201095
201018
200899
200861
200614
200601
200530
200444
200406
200283
200204
200169
200111
200092
200078
200015
199796
199654
199633
199417
199184
199033
198837
198635
198631
198294
198292
198112
197999
197889
197836
197757
197460
197388
197355
197347
197235
197191
197069
197000
196961
196931
196909
196740
196680
196481
196204
196195
196138
196049
196000
195901
195589
195454
195296
195287
195232
195215
195190
194987
194971
194918
194811
194755
194629
194280
194264
194087
193983
193888
193851
193610
193539
193533
193530
193383
193363
193283
193236
193032
192883
192870
192776
192728
192722
192683
192302
192291
192273
192233
192086
191996
191988
191948
191835
191715
191709
191645
191591
191562
191543
191463
191358
191309
191100
190999
190936
190798
190780
190740
190514
190301
190014
190002
189957
189393
189337
189330
189255
189208
189050
189045
188825
188704
188685
188615
188549
188414
188374
188043
188020
187979
187913
187787
187529
187337
187303
187237
187210
187188
187093
186880
186811
186699
186642
186540
186469
186461
186131
186105
185928
185921
185913
185806
185790
185790
185765
185746
185729
185698
185651
185638
185584
185487
185469
185446
185368
185336
185299
185230
185229
184999
184912
184826
184751
184659
184435
184423
184178
183898
183793
183739
183698
183693
183680
183607
183551
183516
183402
183340
183036
182995
182838
182675
182585
182562
182275
182270
182051
181838
181701
181619
181544
181535
181516
181449
181305
181289
181143
181055
180996
180957
180807
180627
180604
180566
180518
180415
180358
180328
180155
179845
179780
179720
179636
179465
179341
179250
179214
179084
178947
178842
178813
178724
178495
178314
178199
178198
178195
178124
178101
177973
177966
177822
177745
177626
177477
177411
177378
177377
177291
177168
177158
177084
176750
176603
176568
176525
176380
176222
176161
176068
176041
175803
175771
175724
175663
175537
175461
175310
175283
175085
175017
174838
174692
174661
174621
174618
174533
174488
174432
174428
174401
174343
174302
174207
174140
174018
173906
173733
173579
173527
173472
173246
173049
172976
172896
172463
172392
171936
171903
171802
171688
171364
171281
171203
171131
171119
171091
171034
171034
170936
170918
170751
170729
170607
170551
170264
170233
170159
170084
170062
169999
169929
169756
169731
169675
169674
169612
169603
169397
169357
169278
169264
169181
169096
169014
168940
168737
168282
168173
168169
168021
167973
167841
167790
167738
167562
167073
167055
166864
166811
166767
166694
166646
166602
166546
166364
166347
166263
166251
166219
166131
166000
165908
165702
165585
165553
165511
165476
165447
165413
165257
165204
165147
165135
165127
165038
164851
164834
164772
164721
164482
164440
164426
164388
164341
164315
164216
163966
163837
163542
163534
163527
163378
163285
163001
162800
162780
162657
162603
162566
162494
162493
162439
162261
162184
162160
162145
162100
161811
161724
161635
161535
161452
161292
161098
161021
161015
160924
160636
160459
160427
160325
160321
160315
160312
160305
160266
159950
159918
159878
159858
159749
159553
159484
159348
159336
159191
159134
159045
159039
158766
158530
158445
158271
158230
158177
158117
158109
157930
157929
157759
157594
157500
157332
157098
157018
156931
156805
156733
156711
156524
156303
156196
155995
155991
155890
155830
155824
155745
155693
155632
155573
155473
155380
155295
155225
155132
155103
155056
155028
154902
154832
154774
154701
154593
154567
154525
154346
154233
154174
154145
154130
153988
153986
153911
153824
153678
153321
153299
153141
153079
153051
153012
153002
152948
152875
152825
152645
152546
152517
152457
152413
152334
152201
151949
151937
151795
151704
151617
151455
151383
151346
151019
150883
150834
150672
150548
150470
150450
150423
150415
150388
150273
150233
149975
149952
149869
149844
149670
149471
149410
149296
149287
149106
149025
148964
148925
148780
148588
148515
148439
148369
148257
148120
148043
148014
148014
148004
147745
147717
147649
147634
147558
147475
147470
147310
147231
147200
147114
146997
146965
146935
146711
146447
146363
146243
146228
146145
146020
145994
145953
145787
145707
145682
145594
145489
145338
145338
145309
145206
144938
144909
144678
144661
144600
144555
144140
144028
143975
143826
143537
143516
143193
143192
143134
143134
143087
143058
143017
142929
142786
142742
142727
142708
142682
142484
142370
142188
142174
142107
141644
141466
141046
140985
140969
140936
140811
140682
140407
140366
140176
140118
140040
139950
139944
139637
139584
139413
139404
139334
139172
138894
138836
138746
138664
138508
138270
138207
138188
138140
138016
137947
137822
137510
137404
137273
137196
137182
137151
137040
136925
136804
136699
136686
136655
136632
136562
136533
136516
136496
136462
136280
136256
136214
136152
136097
135931
135904
135772
135535
135514
135479
135471
135325
135308
134971
134892
134864
134862
134799
134766
134653
134628
134500
134460
134450
134361
134186
134155
134131
133825
133756
133727
133272
133179
133178
133054
132940
132928
132901
132672
132563
132535
132431
132401
132250
131942
131698
131628
131596
131512
131492
131467
131400
131400
131249
131204
131192
130945
130852
130610
130606
130597
130494
130369
130300
130217
130216
130208
130110
130026
129929
129810
129773
129734
129716
129307
129242
129139
129063
128914
128827
128805
128679
128653
128616
128504
128375
128345
128145
128068
128052
127993
127880
127860
127759
127347
127184
127050
127035
127012
126904
126866
126770
126584
126523
126388
126085
126082
126041
125898
125701
125642
125638
125451
125121
125017
124856
124618
124522
124479
124440
124262
124212
124048
124032
123823
123644
123394
123211
123111
122973
122816
122655
122436
122433
122414
122152
122049
122041
122028
121852
121843
121743
121702
121613
121612
121548
121303
121127
121065
121029
121019
121008
120968
120786
120635
120580
120500
120458
120349
120237
120158
120123
119788
119723
119585
119474
119452
119441
119238
118990
118905
118431
118144
118105
118100
117938
117890
117761
117656
117503
117430
117373
117122
116720
116564
116496
116494
116344
116330
116163
115967
115927
115905
115879
115779
115654
115514
115463
115456
115004
114921
114848
114839
114788
114737
114313
114171
113949
113917
113900
113772
113757
113716
113648
113597
113563
113557
113511
113481
113404
113329
113221
113205
112897
112896
112880
112756
112532
112481
112358
112340
112289
112222
112151
112087
112064
111970
111672
111590
111468
111321
111213
111145
111133
110839
110773
110672
110660
110549
110431
110247
110214
110001
109957
109937
109909
109803
109558
109434
109431
109358
109283
109241
109224
109107
108978
108975
108809
108568
108553
108549
108523
108496
108454
107963
107905
107797
107638
107579
107455
107160
107127
107088
106992
106948
106884
106810
106701
106655
106298
106049
106017
105877
105698
105402
105257
105235
105127
104988
104744
104615
104596
104535
104420
104364
104281
104207
104196
104192
103990
103963
103822
103782
103766
103340
103295
103246
103193
103185
103152
103128
103053
102931
102616
102553
102360
102313
102280
102186
101968
101841
101796
101722
101684
101617
101410
101258
101188
101177
101046
100833
100785
100751
100482
100416
100389
100388
100365
100303
100279
100211
100192
100192
100075
99936
99855
99762
99681
99675
99487
99424
99279
99010
98801
98679
98505
98413
98271
98238
98203
98166
98153
97798
97638
97625
97532
97485
97285
97279
97123
97070
97066
97051
96962
96806
96805
96782
96730
96487
96330
96273
96214
96103
96011
95831
95824
95821
95647
95566
95559
95402
95272
95229
95184
95096
95055
94967
94922
94877
94825
94687
94588
94341
94220
94181
93781
93513
93462
93294
93222
93208
92996
92957
92886
92708
92639
92374
91997
91821
91607
91506
91450
91266
91252
91221
91147
91102
91101
90835
90822
90753
90750
90413
90407
90398
90397
90197
90173
90153
90058
89836
89793
89646
89547
89526
89364
89344
89268
89180
89142
88968
88856
88841
88742
88547
88528
88526
88519
88503
88473
88427
88411
88389
88266
88213
88153
88033
87982
87920
87872
87743
87696
87629
87399
87317
87011
86989
86958
86872
86869
86806
86539
86539
86473
86454
86335
86298
86224
86079
85821
85762
85723
85617
85532
85336
85204
85185
85074
84889
84848
84743
84698
84654
84633
84594
84539
84423
84408
84208
84155
84146
84133
84080
83949
83874
83712
83528
83324
83216
83161
83054
82942
82676
82583
82182
82160
81808
81747
81470
81389
81226
81090
81083
81082
80949
80943
80860
80617
80608
80320
80262
80066
80022
79918
79776
79751
79638
79537
79532
79283
79229
79201
78912
78902
78896
78843
78735
78627
78512
78419
78416
78248
78038
77941
77888
77781
77714
77539
77525
77503
77438
77363
77342
77179
77094
77093
77059
76971
76777
76662
76594
76455
76418
76403
76202
76184
76071
75827
75805
75732
75706
75684
75496
75412
75286
75160
75091
74985
74939
74579
74404
73764
73729
73618
73588
73446
73387
73324
73242
73205
73126
73051
72824
72753
72573
72556
72514
72428
72374
72203
71963
71813
71807
71746
71703
71564
71555
71327
71304
71279
71269
71249
71222
71110
70852
70845
70812
70744
70689
70557
70436
70366
70363
70265
70170
69904
69775
69736
69688
69504
69463
69440
69149
69102
69021
68996
68925
68624
68506
68475
68434
68328
67973
67918
67821
67818
67772
67531
67394
67335
66944
66705
66290
66247
66189
66050
66015
66010
65896
65597
65556
65334
65189
65035
64827
64675
64569
64494
64346
64056
63756
63662
63547
63468
63431
63404
63351
63332
63115
62984
62872
62843
62637
62443
62264
62175
62166
62146
61981
61919
61867
61865
61673
61660
61628
61559
61554
61534
61492
61448
61269
61254
61089
60936
60912
60769
60570
60473
60346
59748
59747
59670
59494
59458
59334
59246
59223
59176
59147
59123
59072
59064
58973
58930
58781
58764
58555
58495
58320
58258
58249
58137
58071
57603
57480
57406
57302
57238
57142
57100
57093
57026
57012
56920
56827
56695
56657
56511
56271
56149
56060
55985
55887
55824
55777
55742
55714
55501
55412
55375
55332
55325
55324
55289
55256
55231
55221
55205
55129
54592
54574
54455
54401
54316
54197
54036
53929
53789
53636
53615
53443
53419
53419
53346
53265
52949
52860
52450
52185
52074
51715
51441
51332
50979
50877
50527
50514
50445
50230
50144
50004
49966
49941
49898
49738
49619
49614
49363
48982
48957
48751
48682
48624
48517
48512
48263
48175
48160
48129
48052
47507
47502
47444
47428
47144
47088
47065
46653
46099
45768
45684
45582
45291
45152
45131
45109
44996
44971
44962
44860
44828
44722
44641
44589
44000
43804
43658
43541
43451
43334
43211
42529
42335
42325
42183
41979
41673
41621
41608
41576
41561
41349
41315
41111
41066
40956
40923
40865
40825
40762
40423
39804
39738
39737
39643
39552
39548
39496
39358
39260
39032
38902
38670
38559
38481
38445
38362
38284
38204
38199
38190
37934
37896
37892
37567
37453
37264
37207
37196
37191
37160
37021
36973
36956
36948
36913
36880
36871
36632
36578
36535
36501
36394
36257
36084
36025
35873
35716
35605
35600
35579
35570
35560
35489
35404
35231
35222
35083
35053
35001
34903
34895
34860
34568
34429
34384
34356
34304
34196
34178
34152
34140
34081
34074
33930
33728
33626
33443
33142
33094
32966
32902
32896
32653
32631
32624
32622
32579
32527
32503
32444
32241
32132
32124
32000
31913
31890
31655
31638
31385
31275
31151
31057
31029
30782
30741
30707
30680
30593
30554
30541
30520
30510
30444
30404
30402
30399
30138
30097
30037
30007
29905
29874
29775
29774
29750
29406
29347
29225
29209
29024
29018
28945
28773
28582
28446
27956
27573
27404
27378
27187
27184
27132
27110
26953
26859
26671
26649
26603
26541
26522
26452
26343
26264
26179
26149
26103
26040
25859
25853
25795
25733
25472
25466
25462
25256
24916
24873
24732
24728
24671
24476
24437
24347
24243
24193
23893
23753
23665
23612
23347
23321
23190
23088
23033
22958
22899
22854
22853
22845
22602
22593
22245
22203
22127
22050
21994
21993
21969
21967
21642
20639
20380
20379
20322
20247
19987
19785
19784
19688
19525
19385
19330
19317
19294
19256
19219
19183
19174
19088
18900
18733
18570
18515
18432
17927
17920
17916
17754
17549
17416
17405
17283
17187
17160
16843
16754
16665
16608
16395
16388
16356
16064
15960
15875
15628
15572
15527
15304
15261
15175
15100
15007
14840
14621
14537
14480
14437
14369
14349
14194
13957
13763
13737
13139
13121
13081
12803
12728
12613
12597
12346
12311
12253
12206
12061
12050
11975
11975
11915
11874
11651
11570
11332
11272
11196
11171
11147
10944
10722
10710
10647
10462
10303
10200
10192
10071
9833
9832
9821
9657
9621
9613
9605
9598
9563
9538
9468
9412
9410
9403
9399
9259
9242
9105
9037
8985
8766
8595
8586
8567
8542
8501
8404
8307
8254
8148
8050
7981
7862
7680
7679
7587
7454
7427
7420
7416
7266
7157
7122
7078
6973
6871
6751
6616
6541
6537
6412
6338
6174
6156
6112
6005
5956
5742
5654
5639
5488
5458
5452
5424
5384
5320
4908
4901
4864
4856
4749
4738
4656
4522
4420
4244
4078
4045
4008
3985
3980
3969
3916
3886
3872
3784
3750
3484
3432
3408
3288
2988
2933
2868
2757
2747
2600
2469
2342
2220
2200
2192
1910
1899
1835
1723
1695
1523
1428
1250
1247
1230
1085
1062
974
853
768
560
525
17
