10000
66
68
77
130
265
392
455
471
565
571
625
838
1044
1400
1403
1419
1471
1562
1726
1813
1884
1896
1967
2047
2074
2235
2242
2269
2288
2295
2307
2452
2472
2475
2478
2561
2582
2810
3029
3036
3200
3254
3322
3436
3526
3543
3569
3708
3797
3879
4027
4040
4177
4213
4273
4309
4329
4532
4620
4670
4734
4861
5069
5121
5260
5324
5541
5738
5798
5835
6087
6135
6152
6268
6269
6478
6532
6541
6676
6900
7152
7380
7455
7460
7478
7502
7547
7649
7687
7906
8052
8195
8303
8438
8671
8680
8790
8865
8900
8914
9002
9064
9254
9285
9409
9421
9589
10063
10341
10462
10582
10631
10656
10688
10703
10734
10786
10931
10955
11063
11091
11103
11147
11215
11215
11216
11306
11340
11530
11620
11695
11853
11866
11932
12214
12500
12564
12564
12772
12832
12919
13024
13058
13152
13431
13486
13579
13611
13624
13812
13892
14207
14231
14308
14424
14466
14503
14706
14881
15108
15142
15351
15370
15761
15790
15802
15802
15806
15958
16081
16265
16268
16329
16413
16475
16650
16817
16843
16946
17446
17450
17463
17592
17656
17665
17714
17769
17795
18033
18133
18308
18309
18322
18378
18604
18629
18684
19012
19033
19057
19069
19099
19388
19414
19489
19508
19570
19632
19668
19766
19782
20031
20219
20260
20392
20455
20463
20482
20484
20517
20696
20788
20865
20876
20981
21094
21114
21157
21161
21170
21266
21433
21517
21533
21776
21784
21818
21972
21988
22016
22030
22121
22183
22552
22588
22667
22704
23057
23118
23138
23140
23163
23205
23369
23378
23386
23609
23644
23665
23719
23778
24016
24043
24077
24081
24154
24173
24197
24284
24325
24455
24574
24584
24639
24693
24714
24931
24964
24969
25248
25280
25524
25666
25710
25768
25779
25798
25895
25901
25971
26902
27121
27357
27446
27567
27570
27591
27595
27689
27690
27824
27900
28105
28120
28122
28160
28175
28316
28328
28389
28403
28415
28464
28530
28784
28805
28810
28931
28952
29049
29085
29441
29498
29636
29637
29753
29822
29957
29970
30206
30325
30500
30603
30945
30974
31031
31311
31337
31409
31674
31685
31699
31716
32220
32333
32542
32774
32801
32830
32838
33181
33193
33404
33474
33520
33607
33643
33914
33924
34224
34255
34272
34380
34577
34887
34905
35215
35294
35412
35695
36180
36257
36314
36331
36403
36422
36598
36727
36728
36768
36903
36922
36973
36989
37080
37577
37581
37651
37655
37722
37728
37946
37974
38010
38055
38138
38201
38295
38302
38311
38357
38549
38563
38685
38746
39046
39172
39197
39198
39363
39380
39554
39579
39594
39645
39684
39713
39802
39895
39900
40100
40123
40156
40432
40487
40596
40618
40632
40676
40988
41234
41507
41570
41744
41864
41951
42280
42413
42743
42781
43079
43463
43680
43941
44239
44421
44588
44650
44687
44715
44720
44732
44931
44972
44973
45047
45086
45148
45250
45434
45508
45515
45610
45826
45906
45925
46105
46145
46288
46439
46444
46601
46617
46668
46693
46914
46981
47282
47295
47353
47370
47562
47610
47625
47627
47690
47756
47783
48083
48120
48429
48563
48645
48696
48701
48769
48840
48862
48898
49001
49012
49154
49242
49337
49361
49451
49475
49623
49785
49786
50031
50065
50174
50181
50275
50440
50491
50543
50596
50665
50690
50790
50896
50943
51034
51072
51169
51416
51527
51601
51620
51697
51752
51920
51965
52041
52041
52430
52872
52956
53151
53203
53289
53599
53719
53999
54011
54084
54168
54187
54329
54484
54498
54591
54663
54679
54721
54902
54943
55127
55226
55315
55578
55674
55684
55690
55707
55791
55909
55946
56062
56335
56351
56555
56684
56912
56975
57106
57147
57169
57187
57475
57758
57809
57835
57897
57899
57981
58250
58475
58494
58593
58707
58737
58765
58887
58922
58939
59228
59249
59303
59371
59376
59423
59471
59519
59633
59821
59940
60098
60208
60329
60415
60453
60459
60481
60575
60708
60833
60849
60898
60982
61121
61122
61130
61235
61473
61607
61719
61815
61984
61996
62028
62038
62107
62330
62336
62338
62339
62402
62518
62546
62807
62960
62967
63141
63188
63241
63400
63477
63629
63646
63665
63730
63802
64071
64093
64238
64368
64396
64462
64463
64486
64622
64890
65030
65177
65586
65591
65852
65861
66029
66112
66123
66137
66148
66297
66316
66338
66526
66551
66689
66699
66840
67112
67224
67300
67421
67454
67472
67629
67639
67706
68030
68091
68239
68279
68307
68345
68377
68419
68680
68871
68953
68995
69134
69138
69143
69154
69349
69443
69516
69595
69711
69822
69826
69915
69967
69986
70042
70130
70204
70248
70388
70587
70607
70870
70888
71036
71072
71158
71162
71266
71541
71567
71573
71576
71692
72001
72038
72039
72063
72285
72359
72395
72456
72509
72602
72739
72800
72949
73012
73090
73093
73163
73207
73395
73430
73455
73641
73653
73676
73759
73805
74082
74233
74330
74506
74599
74736
74769
74887
74950
75013
75108
75203
75222
75269
75403
75576
75713
75835
75837
75949
75957
76070
76088
76129
76160
76336
76552
76683
76691
76701
76733
76804
76962
77091
77178
77191
77340
77482
77607
77638
77698
77704
77711
77803
77810
77839
77858
77891
78016
78068
78188
78312
78387
78411
78418
78544
79125
79167
79348
79803
80169
80180
80352
80525
80533
80640
80858
80886
80952
80974
80977
81094
81174
81292
81293
81295
81338
81374
81411
81441
81494
81579
81603
81694
81963
82055
82087
82102
82254
82316
82354
82456
82544
82639
82753
82972
83026
83331
83390
83534
83558
83676
83725
83941
83979
83987
84083
84177
84239
84463
84745
84814
84820
84909
84955
85061
85102
85185
85216
85228
85339
85443
85606
85782
85785
85813
85870
86065
86303
86383
86450
86479
86828
86912
86974
87078
87247
87324
87399
87408
87496
87499
87583
87647
87755
87828
87830
87871
88025
88166
88260
88273
88284
88292
88344
88499
88527
88592
88632
88670
88837
88892
88897
88898
88999
89023
89076
89152
89219
89395
89421
89490
89569
89625
89634
89712
89753
89814
89878
89936
90011
90021
90087
90233
90290
90339
90339
90353
90556
90596
90652
90790
90953
91093
91382
91451
91490
91709
91723
91965
92049
92049
92076
92119
92177
92211
92287
92365
92497
92541
92550
92589
92613
92732
92781
92810
92812
92942
93210
93411
93422
93733
93741
93841
93915
93925
94063
94191
94218
94362
94465
94467
94485
94510
94549
94601
94963
95225
95267
95413
95414
95459
95567
95574
95744
95744
95843
95939
95940
96191
96248
96259
96284
96357
96373
96563
96811
96814
96878
96939
97017
97018
97037
97086
97208
97260
97324
97355
97773
98164
98174
98282
98367
98559
98829
99005
99225
99238
99459
99488
99509
99568
99597
99690
100105
100108
100452
100567
100590
100749
100772
100845
101039
101165
101183
101478
101510
101721
101735
102345
102489
102490
102585
103003
103232
103267
103336
103392
103434
103480
103661
103793
103866
103898
103911
103923
104079
104139
104242
104351
104523
104739
104786
104947
105030
105489
105499
105576
105678
105684
105732
105737
105870
105995
106158
106219
106268
106361
106475
106537
106618
106701
106844
106919
106980
107016
107204
107343
107366
107549
107648
107680
107836
107903
108013
108018
108121
108127
108193
108312
108622
108633
108686
108689
108692
108790
108947
108975
109003
109027
109117
109137
109207
109221
109484
109522
109853
110037
110125
110129
110205
110263
110465
110507
110541
110600
110671
110765
110782
110839
111007
111054
111064
111091
111150
111219
111250
111618
111782
111845
111934
111965
111984
112227
112324
112398
112407
112425
112613
112638
112774
112918
113000
113140
113232
113257
113298
113420
113539
113750
113755
114037
114173
114349
114494
114497
114552
114815
114842
115014
115076
115161
115235
115284
115310
115684
115740
115764
115805
115826
115849
115899
115902
116005
116008
116038
116048
116108
116158
116159
116333
116427
116450
116497
116568
116774
116807
116872
116891
116961
117018
117417
117435
117543
117683
117844
117849
117883
117911
118164
118236
118246
118434
118588
118618
118652
118668
118683
118773
118961
119108
119129
119166
119180
119227
119295
119463
119522
119603
119707
119784
119875
120054
120055
120189
120206
120267
120323
120435
120439
120797
120897
121013
121049
121128
121243
121579
121844
121993
122073
122286
122371
122489
122559
122584
122586
122638
122801
122836
123011
123013
123135
123159
123179
123199
123233
123243
123262
123267
123277
123483
123568
123587
123634
123767
123768
123853
123874
123891
124112
124197
124417
124439
124699
124717
124745
124758
124806
124855
124883
124997
125063
125088
125278
125362
125471
125549
125562
125615
125618
125653
125676
125819
125859
126067
126100
126115
126188
126301
126301
126397
126546
126582
126587
126612
126904
127010
127021
127049
127441
127565
127618
127878
127992
128023
128261
128339
128353
128840
128881
128992
129012
129188
129244
129282
129289
129485
129658
129673
129777
129993
129993
130065
130115
130177
130204
130330
130383
130400
130413
130539
130556
130718
130812
130827
131061
131127
131277
131281
131365
131506
131537
131847
131933
132067
132447
132704
132744
132774
133126
133185
133325
133397
133443
133520
133574
133750
133794
133960
133979
133980
134186
134777
134797
134875
134898
134964
135066
135155
135243
135301
135316
135526
135557
135608
135740
135824
136028
136369
136426
136503
136553
136633
136673
136678
136925
137003
137195
137208
137224
137635
137639
137858
137909
138052
138064
138154
138210
138286
138470
138533
138726
138735
138758
138883
139045
139239
139284
139286
139370
139459
139612
139893
139915
139950
140115
140545
140672
140711
140924
140941
140950
141162
141170
141498
141584
141608
141831
141902
141913
141923
141991
141997
142210
142409
142467
142563
142563
142686
142713
142745
142857
142908
143055
143110
143226
143428
143615
143690
143701
143809
144053
144153
144264
144284
144470
144471
144603
144622
144745
144812
144964
145003
145046
145072
145167
145291
145328
145350
145569
145622
145664
145734
145841
145852
145923
146100
146128
146191
146304
146313
146654
146858
146936
147287
147352
147455
147476
147496
147576
147621
147805
147812
147896
148293
148317
148327
148385
148460
148741
148771
148824
149004
149042
149043
149186
149224
149459
149528
149536
149716
149745
149772
149774
149957
150052
150100
150140
150249
150508
150572
150704
150704
150876
151123
151160
151182
151188
151290
151369
151532
151573
151600
151620
152192
152664
152682
152717
152972
153023
153073
153153
153247
153256
153293
153357
153460
153654
153676
153703
153771
153831
153835
153988
154088
154169
154548
154637
154733
154873
154965
154994
155106
155149
155185
155362
155441
155483
155689
155773
155778
155783
156062
156099
156111
156135
156166
156241
156314
156401
156465
156564
156727
156788
157235
157271
157357
157470
157575
157652
157681
157991
158331
158390
158502
158527
158602
158777
158794
158971
159107
159111
159142
159453
159943
160011
160190
160223
160278
160322
160413
160418
160441
160444
160644
160737
160775
160896
160906
160908
160964
161006
161014
161025
161075
161084
161361
161438
161499
161583
161814
161939
161973
161979
161995
162160
162292
162336
162370
162375
162570
162577
162589
163195
163254
163261
163356
163662
163773
163780
163782
163817
163973
163982
163998
164022
164026
164310
164381
164463
164538
164727
164765
164790
164955
165051
165090
165213
165217
165279
165287
165467
165652
165684
166011
166138
166261
166389
166410
166484
166565
166630
166764
166816
166847
166963
166982
167154
167159
167165
167219
167227
167318
167370
167486
167546
167623
167785
167834
167964
167972
168382
168384
168389
168619
168660
168663
169066
169215
169251
169337
169352
169362
169514
169739
169865
169937
170088
170129
170349
170363
170456
170457
170465
170736
170768
171223
171322
171678
171731
171741
171782
171830
171891
171950
172070
172192
172349
172483
172577
172585
172606
172693
173294
173417
173491
173502
173634
173981
174002
174055
174087
174090
174144
174182
174308
174362
174503
174690
174699
174772
175038
175119
175243
175337
175592
175605
175746
176038
176096
176129
176183
176190
176223
176258
176306
176335
176338
176438
176536
176630
176827
176828
176944
177089
177347
177357
177478
177776
177933
178040
178052
178124
178386
178413
178428
178810
178819
178836
178862
179161
179183
179455
179533
179542
179819
179872
179938
180031
180186
180196
180214
180477
180510
180646
180759
180920
180937
181062
181073
181105
181229
181237
181246
181314
181620
181625
181627
181834
181842
181855
181937
182176
182312
182461
182542
182563
182813
183280
183363
183382
183544
183761
183796
184033
184093
184169
184200
184233
184332
184349
184501
184585
184637
184782
184873
185119
185149
185290
185437
185460
185476
185487
185700
185726
185850
186000
186022
186267
186332
186429
186454
186783
187026
187350
187516
187556
187589
187660
187688
187701
187774
187948
188077
188267
188417
188490
188756
188826
188839
188946
188972
189078
189080
189172
189220
189233
189359
189406
189529
189663
189672
189894
189921
190240
190243
190263
190421
190467
190498
190514
190525
190631
190660
190695
190746
190836
190867
191041
191257
191345
191439
191581
191826
191847
191874
191962
192036
192324
192497
192658
192671
192711
192773
192874
192900
192997
193048
193060
193062
193162
193254
193425
193426
193426
193619
193696
193732
193954
194139
194155
194218
194508
194546
194715
194729
194799
194820
194894
195010
195091
195256
195309
195809
195811
195820
195998
196259
196319
196358
196418
196480
196506
196706
196715
196880
196898
196930
196978
197019
197220
197237
197704
197722
197746
197749
197979
197997
198049
198057
198097
198166
198304
198406
198595
198598
198652
198821
198824
198863
199067
199130
199222
199476
199556
199787
199857
200007
200110
200216
200338
200470
200566
200596
200677
200760
200826
200839
200888
201306
201312
201603
201646
201682
201739
201801
201860
201861
202031
202108
202516
202623
202632
202796
202853
202941
203003
203060
203145
203228
203235
203557
203578
203649
203715
203863
203963
204202
204358
204470
204537
204594
204607
204672
204829
204837
205131
205139
205185
205189
205260
205345
205346
205550
205569
205653
205845
205890
205901
206085
206086
206305
206377
206485
206498
206529
206875
206911
207036
207296
207577
207634
208055
208193
208406
208498
208509
208583
208612
208622
208655
208681
208761
208968
209037
209048
209182
209202
209203
209364
209372
209450
209571
210011
210011
210100
210128
210283
210336
210353
210435
210466
210543
210549
210563
210745
210750
210767
211185
211231
211233
211422
211558
211583
212095
212110
212171
212380
212484
212531
212667
212783
212798
212865
212872
212885
213117
213128
213165
213178
213241
213342
213362
213412
213461
213567
213644
213690
213879
213981
214126
214132
214136
214145
214232
214289
214293
214312
214391
214413
214645
214679
214742
215014
215184
215236
215278
215300
215393
215590
215593
215634
215725
215726
215758
215790
215879
216110
216233
216260
216378
216489
217202
217260
217376
217822
217941
218190
218316
218325
218327
218434
218454
218480
218492
218555
218653
218727
219181
219269
219385
219569
219639
219681
219685
219781
219850
219909
219917
220519
220737
220757
221051
221064
221118
221124
221167
221366
221367
221543
221756
221855
221959
222100
222307
222458
222486
222714
222721
222777
223048
223104
223316
223448
223466
223520
223586
223869
223887
223911
223941
223966
224016
224086
224192
224212
224345
224419
224745
224775
224803
224906
225004
225055
225128
225196
225353
225397
225505
225513
225619
225696
225783
226023
226253
226408
226477
226572
226787
226905
226918
226940
226948
227051
227061
227131
227156
227181
227298
227335
227337
227390
227724
227731
227739
227794
227795
227855
228195
228237
228388
228509
228696
228869
228872
228926
228965
228969
228996
229014
229058
229105
229125
229229
230010
230054
230152
230180
230206
230260
230304
230312
230327
230445
230461
230549
230598
230663
230994
231057
231101
231149
231302
231628
231636
231662
231673
231679
231682
231718
231781
231810
231918
231995
232152
232278
232311
232589
232828
232855
232956
233008
233066
233096
233171
233188
233217
233494
233614
233639
233652
233675
233714
233774
234073
234165
234364
234427
234526
235018
235019
235058
235174
235428
235448
235484
235513
235553
235706
236057
236183
236263
236359
236363
236409
236483
236644
237480
237506
237633
237831
237859
237870
238042
238107
238285
238326
238732
238812
238933
238998
239000
239096
239114
239153
239186
239188
239244
239340
239346
239413
239450
239579
239639
239645
239727
239820
239905
240132
240200
240254
240262
240279
240293
240379
240437
240525
240593
240764
240841
241057
241127
241230
241239
241251
241298
241362
241443
241448
241512
241543
241661
241772
241947
241947
241975
242075
242094
242218
242356
242369
242402
242526
242541
242607
242649
242694
242696
242814
242863
242896
242913
243037
243148
243233
243321
243430
243502
243531
243621
244761
244795
244836
244937
244965
245032
245216
245245
245258
245352
245412
245555
245556
245568
245669
245748
245861
245887
245909
245937
246094
246094
246138
246197
246220
246253
246275
246370
246687
246758
246790
246916
247097
247145
247263
247306
247483
247516
247588
247625
247695
247735
247984
248066
248501
248545
248569
248594
248714
248795
248920
248961
249027
249066
249097
249216
249250
249555
249614
249698
249905
249929
250004
250023
250209
250246
250266
250415
250516
250568
250780
250814
251258
251265
251283
251339
251709
251815
251984
252047
252289
252329
252329
252373
252425
252503
252615
252702
252758
252875
253009
253015
253103
253109
253184
253444
253462
253610
253824
253871
253897
253990
254154
254155
254201
254239
254441
254471
254783
254811
254918
255185
255277
255670
255759
255778
255800
255932
256235
256322
256348
256512
256755
256777
256813
256919
256983
257023
257225
257537
257669
257710
257807
257839
257850
257995
258072
258236
258323
258355
258685
258697
258796
258856
258903
258999
259041
259158
259158
259187
259531
259717
259751
259820
259929
259961
259978
260229
260467
260492
260552
260599
260601
260681
260688
260749
260832
260870
260913
261095
261181
261199
261295
261363
261390
261432
261699
261855
261861
261956
262063
262072
262376
262399
262464
262645
262847
262850
262993
263175
263317
263421
263422
263698
263836
263861
263870
263945
264151
264179
264335
264367
264427
264463
264680
264720
265103
265149
265150
265296
265536
265542
265629
265716
265770
265796
266103
266146
266172
266177
266245
266249
266310
266559
266611
266684
266709
267163
267231
267255
267289
267415
267506
267579
267625
267671
267905
267985
268001
268079
268080
268141
268223
268320
268429
268494
268505
268536
268608
268636
268915
269048
269152
269243
269261
269310
269442
269462
269521
269534
269667
269668
269866
269881
270173
270174
270296
270492
270522
270842
270915
271336
271401
271530
271555
271600
271757
271848
271848
271969
271989
272106
272113
272176
272358
272751
272837
272842
272895
273152
273294
273393
273593
273620
273754
273802
273928
273957
274031
274065
274086
274126
274234
274351
274411
274455
274568
274811
274836
274925
275010
275036
275253
275309
275347
275382
275450
275534
275665
275795
275859
275930
276208
276242
276251
276355
276497
276513
276593
276839
276843
277157
277192
277194
277225
277270
277295
277306
277356
277393
277410
277807
277826
278215
278291
278313
278387
278482
278487
278602
278667
278733
278890
279294
279384
279405
279444
279525
279565
279782
279980
280006
280049
280093
280135
280195
280286
280323
280329
280378
280525
281107
281287
281443
281520
281626
282025
282141
282207
282226
282274
282275
282322
282380
282385
282423
282511
282515
282573
282955
282983
283047
283126
283187
283198
283272
283297
283301
283417
283487
283524
283700
283740
283798
283812
283824
283949
284043
284152
284413
284568
284605
284777
284960
285032
285151
285369
285389
285655
285985
286151
286272
286422
286514
286601
286601
286726
286939
287015
287124
287527
287547
287562
287572
287579
287622
287631
287794
288255
288344
288397
288603
288636
288744
288842
288906
289100
289125
289355
289412
289550
289660
289792
289940
289994
290230
290321
290435
290544
290558
290601
290622
290667
290752
290859
290925
291017
291070
291124
291326
291395
291451
291500
291677
291738
291878
291937
292093
292207
292404
292440
292448
292692
292774
292889
292997
293034
293063
293378
293469
293814
293834
293852
293856
293949
293961
294030
294132
294224
294349
294435
294552
294587
294764
294780
294812
294825
294893
295208
295252
295270
295350
295636
295820
295874
296126
296275
296292
296353
296453
296708
296822
296862
296904
296999
297091
297131
297278
297365
297461
297540
297654
297771
297812
297844
297908
297970
298098
298128
298152
298307
298310
298331
298348
298370
298379
298480
298519
298544
298560
298568
298666
298754
298824
298914
298922
298951
299035
299221
299358
299472
299633
299759
299843
300071
300293
300371
300410
300491
300740
300763
300824
300903
300921
301199
301243
301277
301361
301746
301863
301880
302086
302152
302154
302264
302362
302554
302805
302927
302935
302935
303093
303109
303376
303537
303764
303923
304024
304084
304169
304381
304447
304794
304795
304821
305297
305428
305568
305589
305657
305665
305754
305788
305900
306075
306083
306214
306297
306434
306572
306702
306747
306836
306936
306941
306941
306986
307070
307104
307292
307515
307558
307704
307710
307856
307883
307937
307963
307966
307983
308007
308024
308123
308134
308254
308277
308456
308593
308739
308923
309296
309434
309581
309584
309777
309818
309932
310071
310325
310330
310337
310341
310493
310554
310655
310898
311280
311316
311363
311424
311514
311554
311615
311698
311893
311902
311934
312011
312067
312105
312180
312280
312296
312337
312396
312457
312512
312688
312693
312700
312850
313106
313126
313177
313331
313551
313825
314131
314246
314246
314886
315134
315203
315226
315477
315568
315745
315785
315836
315900
315936
315969
316069
316162
316215
316243
316338
316428
316572
316773
316845
316918
316950
317124
317162
317236
317343
317396
317424
317491
317635
317807
317808
317987
317993
317999
318185
318483
318532
318696
318703
318891
319168
319203
319208
319369
319880
319939
319950
320029
320101
320265
320544
320743
320820
321467
321727
321759
321885
321893
321987
321995
322304
322370
322441
322445
322572
322625
322833
323005
323064
323192
323229
323245
323446
323497
323732
323869
323871
323988
324073
324186
324358
324478
324546
324785
324888
324911
324980
324999
325255
325279
325563
325595
325670
325767
325773
325836
325898
325921
325928
326068
326071
326266
326410
326488
326524
326583
326598
326654
326814
326970
327005
327059
327060
327153
327205
327244
327318
327437
327450
327504
327552
327563
327635
327687
327721
327890
327891
327956
327979
328042
328046
328130
328143
328173
328344
328399
328412
328678
328726
328838
328857
328864
328896
329082
329134
329339
329461
329489
329555
329569
329593
329595
329670
329744
329779
329937
330084
330210
330271
330323
330450
330533
330555
330577
330675
330956
331018
331161
331181
331259
331379
331470
331543
331590
331795
331847
332062
332080
332246
332266
332378
332425
332515
332542
332558
332601
332707
332733
332812
332905
332984
333003
333007
333074
333186
333344
333348
333428
333434
333510
333615
333625
333660
333671
333732
333775
333922
334009
334051
334200
334350
334354
334434
334589
334688
334826
334889
334941
334956
335021
335170
335194
335302
335389
335487
335845
335942
335966
336002
336244
336322
336390
336909
337010
337023
337438
337510
337645
337726
337808
337826
338018
338276
338279
338422
338533
338720
338745
338782
338901
339022
339042
339065
339219
339312
339348
339762
340015
340225
340270
340305
340336
340565
340677
340687
340750
340892
340924
341045
341122
341174
341202
341227
341284
341391
341441
341576
341751
341909
341931
341976
342039
342043
342105
342323
342328
342374
342418
342735
342782
342983
342994
343085
343087
343379
343430
343620
343759
344115
344118
344119
344161
344209
344292
344294
344344
344413
344500
344542
344573
344776
344800
344815
344833
344888
345068
345176
345207
345406
345411
345528
345595
345798
346038
346049
346115
346229
346299
346478
346530
346595
347039
347309
347391
347544
347598
347619
347695
347869
347892
348080
348266
348418
348511
348865
348914
348922
348966
348972
349007
349097
349113
349183
349569
349763
350042
350069
350071
350075
350381
350497
350519
350642
350790
350894
351114
351230
351351
351460
351469
351508
351565
351618
351957
351979
352049
352186
352255
352262
352326
352336
352380
352518
352823
353011
353054
353073
353215
353217
353230
353461
353504
353515
353555
353589
353722
353959
354070
354212
354259
354269
354337
354420
354457
354605
354718
354758
354763
354855
354867
355005
355146
355161
355185
355270
355276
355280
355310
355425
355577
355617
355752
355902
355953
356010
356115
356237
356249
356301
356355
356360
356398
356508
356511
356520
356526
356718
356733
357000
357146
357146
357164
357255
357383
357456
357553
357629
357636
357644
357655
357656
357749
357951
358154
358314
358472
358527
358562
358658
358925
358997
359070
359132
359138
359239
359316
359343
359426
359433
359479
359764
359808
359817
359912
359916
359959
359973
360052
360222
360494
360588
360838
360860
360972
361009
361145
361253
361267
361268
361308
361464
361554
361589
361599
361626
361792
362054
362207
362225
362280
362306
362435
362807
363073
363291
363327
363477
363499
363765
363858
363881
364002
364025
364072
364166
364187
364225
364272
364310
364409
364594
364599
364815
364873
364885
364915
364941
364996
365104
365309
365310
365418
365504
365527
365619
365848
366071
366091
366103
366156
366216
366369
366375
366700
366847
366876
367060
367194
367287
367431
367521
367577
367766
367767
367936
368036
368065
368161
368491
368578
368652
368880
369158
369192
369617
369758
369769
369837
369871
369944
370140
370218
370271
370592
370667
370689
371182
371228
371358
371379
371470
371543
371588
371681
371707
371747
371775
371937
371946
372219
372230
372280
372387
372589
372603
372674
372908
372924
373008
373021
373293
373413
373610
373783
373820
373980
373984
374021
374101
374245
374472
374781
374783
375018
375104
375348
375657
375690
375823
375904
375918
375920
375945
376000
376060
376188
376347
376455
376503
376581
377009
377096
377127
377181
377206
377217
377264
377342
377619
377988
378046
378093
378252
378447
378584
378609
378674
378908
378933
378943
378989
379063
379093
379170
379178
379191
379199
379232
379394
379624
380168
380251
380368
380497
380675
380692
380705
380781
380891
381030
381095
381241
381279
381499
381633
381751
382110
382335
382359
382405
382503
382583
382772
382804
382810
382821
382923
383079
383356
383405
384020
384028
384123
384123
384222
384438
384469
384562
384565
384722
384780
384805
384903
385073
385287
385335
385413
385430
385670
385740
385759
385871
385943
385966
386109
386138
386354
386411
386577
386820
386924
387256
387540
387603
387673
387872
387974
387975
387979
388127
388160
388248
388342
388425
388517
388607
388681
388700
388871
388872
388966
389022
389126
389185
389415
389635
389776
389921
389967
390119
390462
390475
390644
390664
390785
391147
391156
391273
391384
391445
391489
391496
391744
392310
392497
392523
392670
392671
392750
392754
392764
392776
392802
393030
393041
393042
393093
393206
393249
393300
393414
393474
393498
393666
393712
393932
394147
394268
394440
394946
395127
395276
395387
395480
395493
395633
395651
395693
395725
395730
395869
395936
395959
395981
396059
396132
396175
396194
396376
396379
396397
396569
396600
396680
396680
396695
396763
396870
396898
396914
396947
397089
397148
397238
397259
397384
397500
397510
397592
397612
397628
397669
397731
397955
397972
398128
398240
399165
399185
399195
399399
399778
399780
399811
399835
399847
400270
400307
400406
400445
400683
400844
400879
400973
400984
400994
400997
401026
401064
401341
401399
401462
401468
401738
401757
401807
401985
402089
402101
402263
402267
402583
402708
402841
403053
403150
403272
403435
403487
403545
403569
403705
403706
403717
403732
403892
403987
404220
404359
404441
404506
404634
404746
404829
404855
405096
405198
405423
405469
405494
405571
405573
405605
405627
405657
405865
405995
406001
406073
406204
406235
406310
406392
406410
406580
406652
406725
406896
407072
407114
407355
407438
407501
407578
407598
407633
407746
407747
407773
407780
407783
407865
407868
407925
408199
408268
408454
408525
408622
409026
409106
409174
409203
409222
409233
409244
409277
409435
409677
409887
409995
410063
410117
410144
410229
410264
410302
410359
410599
410693
411009
411184
411226
411282
411406
411516
411634
411664
412055
412187
412522
412655
412740
412895
413083
413125
413335
413394
413447
413552
413818
413865
413873
413899
413922
413996
414025
414410
414587
414599
414908
415052
415161
415174
415180
415268
415324
415437
415483
415495
415498
415636
415808
415828
415873
415902
415932
415941
415997
416132
416243
416443
416608
416979
416990
416990
417211
417547
417568
417683
418113
418339
418425
418772
418812
418919
419118
419119
419247
419249
419266
419291
419967
419974
420104
420183
420235
420667
421015
421146
421217
421343
421365
421603
422017
422144
422237
422433
422587
422650
422790
422976
422996
423122
423239
423249
423351
423394
423547
423556
423607
423617
423924
424125
424189
424197
424671
424694
424714
424779
424841
424955
425063
425142
425188
425221
425405
425480
425513
425563
425886
426285
426287
426288
426465
426539
426680
426859
426880
426951
427068
427147
427251
427313
427373
427515
427599
428108
428141
428191
428446
428506
428524
428655
428690
428849
429040
429180
429197
429383
429421
429443
429569
429615
429645
429778
430217
430229
430397
430535
430886
430896
430900
431059
431122
431183
431290
431294
431302
431440
431613
431802
432152
432154
432175
432182
432294
432342
432374
432781
432852
433021
433098
433200
433247
433279
433303
433320
433560
433605
433683
434388
434420
434597
434620
434708
434748
434873
434893
435020
435057
435074
435078
435220
435230
435300
435378
435422
435834
436008
436212
436364
436428
436499
436638
436779
436800
436840
436853
436885
436896
436921
437100
437188
437233
437311
437348
437384
437471
437479
437612
437853
437889
437905
437934
437972
438043
438080
438144
438157
438217
438294
438422
438454
438638
438764
438844
438849
439082
439222
439417
439492
439524
439576
439634
439726
439746
439765
439936
440197
440276
440408
440436
440590
440887
441046
441329
441398
441724
441955
442149
442240
442324
442365
442428
442442
442480
442609
442633
442712
442826
443098
443183
443307
443346
443402
443565
443591
443974
444115
444467
444472
444544
444563
444596
444619
444754
444765
444766
444777
445247
445264
445390
445602
445640
445694
445784
445900
445981
445982
446014
446131
446215
446454
446635
446795
447235
447431
447594
447612
447689
447806
447878
448003
448082
448144
448307
448308
448346
448403
448426
448717
448765
448840
448928
449229
449234
449441
449538
449597
449701
449705
449892
450219
450223
450226
450313
450376
450477
450499
450546
450560
450584
450667
450678
450771
450789
451253
451257
451391
451516
451536
451800
451948
452076
452123
452521
452562
452706
452821
452852
452933
453047
453584
453637
453744
453788
454076
454107
454177
454196
454370
454375
454447
454600
454635
454695
454804
454805
455079
455116
455268
455281
455347
455360
455721
455821
456125
456180
456311
456334
456404
456420
456455
456480
456545
456837
456971
457048
457206
457533
457756
457981
458002
458151
458209
458294
458644
458798
459123
459133
459289
459454
459495
459515
459533
459604
459724
459892
459921
460007
460116
460133
460208
460217
460272
460281
460536
460567
460734
460751
460948
461267
461367
461430
461486
461845
461846
461851
461891
462050
462088
462253
462469
462525
462565
462676
462706
462734
462822
462855
462970
463116
463131
463207
463669
463700
463839
463851
463916
463957
464089
464099
464138
464367
464480
464915
465294
465334
465337
465514
465757
465939
465979
466142
466151
466206
466215
466254
466267
466307
466405
467132
467163
467308
467347
467637
467903
467952
468173
468189
468228
468342
468376
468434
468590
468598
468921
469147
469174
469260
469291
469458
469468
469530
469604
469626
469719
469868
469939
470019
470036
470051
470089
470151
470200
470294
470395
470580
470599
470796
470842
470913
471061
471162
471258
471389
471408
471524
471565
471641
471847
471873
471991
472000
472075
472110
472124
472167
472179
472265
472363
472461
472699
472813
472820
473069
473482
473514
473517
473573
473613
473710
473804
473927
473995
474130
474230
474395
474434
474618
474699
474748
474749
474758
474790
474895
474926
474955
475055
475413
475420
475425
475571
475762
475864
475994
475997
476010
476011
476055
476176
476290
476391
476825
476876
476950
477095
477136
477188
477214
477233
477243
477254
477303
477382
477457
477632
477777
477872
477922
478030
478051
478151
478167
478174
478213
478499
478503
478542
478754
478756
478972
479069
479126
479364
479370
479416
479441
479505
479547
479592
479639
479760
479763
479903
479965
480029
480078
480142
480188
480415
480499
480574
480579
480652
480757
480815
480899
480940
480978
481159
481502
481695
481825
481851
481868
481902
481911
482046
482068
482119
482136
482255
482349
482401
482408
482430
482449
482614
482635
482714
482800
482927
483090
483301
483312
483335
483373
483449
483617
483768
483791
483960
484049
484342
484617
484761
484814
485196
485271
485316
485602
485642
485652
485685
485695
485748
485905
485950
486008
486162
486308
486329
486377
486399
486729
486799
486802
486818
486957
486988
486999
487033
487035
487108
487142
487350
487387
487394
487523
487657
487676
487704
487938
488036
488175
488198
488356
488608
489079
489090
489091
489153
489406
489477
489519
489529
489608
489704
489870
489872
490140
490364
490447
490475
490797
490958
490979
491072
491114
491175
491192
491290
491297
491351
491370
491552
491623
491666
491792
491992
492209
492436
492483
492499
492547
492620
492675
492939
493009
493187
493220
493277
493282
493315
493361
493585
493638
493708
493723
493904
493997
494054
494078
494203
494381
494500
494654
494870
494880
494889
494941
495082
495115
495157
495231
495279
495328
495404
495414
495425
495442
495595
495670
495672
495684
495857
495867
495962
496183
496200
496227
496400
496603
496686
496763
496836
496901
496998
497250
497436
497554
497654
497668
497669
497712
497803
498028
498104
498229
498349
498446
498467
498518
498531
498568
498801
499068
499129
499180
499480
499500
499582
499602
499615
499639
499664
499856
499911
500086
500093
500144
500421
500454
500555
500683
500723
500724
500860
500883
500971
500983
501007
501270
501319
501347
501356
501418
501500
501550
501687
501839
501852
502065
502111
502133
502237
502259
502328
502334
502494
502549
502589
502600
502687
502724
502819
503122
503165
503210
503280
503356
503436
503549
503619
503707
503784
503799
503932
503988
504202
504384
504389
504435
504572
504600
504662
504753
504810
504912
504924
504967
505090
505124
505389
505451
505468
505492
505554
505657
505751
505803
505989
506031
506187
506276
506323
506356
506376
506508
506530
506625
506626
506943
506950
507143
507259
507417
507528
507719
508164
508536
508604
508688
508730
508855
508941
509000
509245
509266
509367
509559
509669
509906
510013
510061
510112
510177
510219
510351
510369
510398
510473
510560
510655
510851
510852
511175
511336
511376
511420
511469
511543
511552
511582
511683
511838
511967
512148
512170
512337
512437
512701
512806
512847
512849
512893
513042
513244
513361
513421
513433
513436
513514
513538
513675
513712
513739
513832
513869
513885
513943
513965
514011
514027
514203
514265
514306
514364
514511
514515
514744
514787
514795
514801
514827
514884
514936
514992
515028
515151
515198
515219
515256
515435
515440
515449
515458
515469
515684
515848
515969
515983
516205
516210
516352
516403
516549
516637
516680
516815
516932
516993
517083
517095
517110
517162
517509
517741
517760
517884
517993
518014
518225
518268
518291
518354
518403
518578
518770
518832
519027
519048
519117
519300
519563
519579
519596
519850
519895
520077
520095
520127
520342
520644
520682
520708
520804
520894
521035
521056
521100
521127
521203
521232
521292
521552
521595
521835
521862
521990
522023
522431
522477
522597
522825
522829
522904
522995
523069
523078
523126
523142
523196
523311
523385
523385
523522
523646
523674
523828
524028
524253
524285
524499
524573
524638
524809
524836
524916
525326
525431
525565
525773
525864
526021
526023
526033
526093
526114
526131
526198
526278
526317
526448
526504
526566
526622
526692
526716
526758
526786
526898
526924
526983
527075
527139
527294
527720
527734
527884
527990
527990
528042
528093
528191
528319
528379
528381
528389
528621
528640
528722
528732
528880
528889
529090
529173
529179
529236
529539
529550
529566
529627
529800
529897
529965
530445
530568
530569
530594
530615
530697
530783
530867
530897
531215
531252
531305
531586
531717
531963
532039
532039
532147
532168
532327
532548
532628
532660
532889
532952
532959
533015
533073
533416
533532
533608
533664
533667
533741
534062
534211
534380
534403
534672
534874
534974
535068
535141
535171
535180
535284
535328
535401
535467
535497
535590
535682
535722
535960
536208
536242
536268
536365
536637
536679
536749
536768
536808
537008
537080
537153
537210
537447
537506
537763
537804
537895
537967
538010
538092
538100
538138
538389
538446
538449
538489
538675
538701
538714
538918
538948
539054
539059
539071
539108
539125
539273
539286
539784
540037
540186
540318
540472
540625
540758
541281
541474
541482
541582
541631
541643
541922
541941
542003
542112
542127
542143
542149
542241
542282
542282
542422
542485
542547
542609
542787
542826
542838
542920
543057
543077
543122
543125
543128
543211
543310
543323
543447
543601
543643
543848
543989
544056
544263
544341
544430
544616
544779
544812
544980
545197
545248
545465
545469
545605
545825
545888
545899
546020
546035
546209
546278
546296
546627
546662
546735
546757
546769
546926
547041
547073
547078
547106
547329
547412
547492
547602
547975
548004
548095
548199
548343
548359
548600
548628
548753
548844
548884
548944
548976
549133
549165
549177
549197
549349
549399
549535
549946
550057
550231
550491
550491
550524
550993
551061
551121
551136
551408
551497
551498
551504
551578
551604
551659
551677
551933
552235
552237
552299
552327
552353
552570
552746
552817
552852
553242
553328
553355
553424
553438
553477
553697
553872
553896
553936
554013
554079
554159
554206
554352
554453
554803
554877
555065
555250
555308
555316
555476
555813
555962
555986
556158
556260
556282
556452
556598
556604
556637
556638
556680
557129
557277
557406
557581
557690
557770
557774
558213
558215
558235
558410
558545
558744
558824
558891
558955
558958
558985
559044
559072
559124
559149
559180
559381
559850
559970
560018
560044
560145
560379
560558
560760
560824
561031
561079
561100
561159
561297
561429
561491
561632
561741
562089
562102
562113
562125
562313
562416
562476
562485
562494
562682
562701
562708
562912
563036
563040
563081
563175
563314
563354
563425
563465
563526
563555
563630
563684
563696
563860
563915
564202
564355
564368
564381
564445
564459
564481
564577
564620
564779
564781
564904
564909
564943
565057
565152
565230
565291
565322
565405
565457
565589
565675
565691
565859
566104
566244
566260
566304
566359
566450
566536
566598
566722
566915
566929
566936
566955
567074
567217
567223
567245
567333
567417
567612
567634
567767
567962
568093
568341
568537
568617
568739
568786
568839
569227
569318
569332
569366
569488
569508
569514
569920
569980
570121
570528
570566
570576
570718
570733
570760
570804
570989
570995
571027
571144
571275
571402
571481
571531
571576
571871
571896
572008
572036
572100
572177
572199
572364
572603
572651
572761
572787
572810
572836
572977
573016
573181
573214
573282
573319
573476
573521
573681
573725
573735
573877
573910
573968
574167
574352
574438
574572
574610
574684
574778
574935
575135
575197
575465
575541
576021
576056
576684
576716
576738
576820
576865
577007
577141
577203
577288
577299
577302
577579
577762
577824
577826
577941
577982
578081
578187
578445
578466
578595
578717
578733
578754
578801
578811
579101
579443
579631
579680
579740
579849
579870
579889
580020
580023
580140
580148
580204
580297
580412
580495
580606
580696
580699
580704
580730
580829
580999
581070
581194
581200
581460
581464
581521
581582
581639
581716
581969
582186
582234
582269
582329
582350
582499
582538
582544
582562
582712
582740
582762
582779
582812
582912
583005
583025
583081
583155
583244
583455
583509
583511
583516
583574
583717
583870
584445
584549
584626
584753
584775
585007
585028
585153
585232
585274
585395
585543
585559
585629
585642
585817
585898
586360
586452
586492
586599
586625
586648
586660
586920
586951
587203
587355
587431
587488
587502
587502
587537
587585
587729
587740
587813
587865
587887
587927
587956
588184
588294
588355
588366
588536
588709
588905
589010
589136
589168
589178
589498
589598
590184
590235
590313
590392
590443
590494
590639
590675
590825
590876
590903
591154
591202
591262
591476
591538
591706
591751
591756
592162
592163
592276
592310
592336
592357
592813
593001
593085
593180
593235
593361
593370
593409
593615
593741
593782
593818
593842
593913
593954
594039
594082
594106
594184
594457
594685
594718
594918
594948
594962
595086
595379
595672
595734
595850
595887
596038
596047
596228
596309
596561
596679
596717
596958
597256
597365
597379
597419
597588
597604
597626
597675
597718
597818
597872
597899
597911
598013
598371
598546
598552
598555
598592
598607
598644
598743
598748
598796
598904
599047
599159
599284
599290
599436
599497
599537
599550
599629
599788
599791
599799
599988
599990
600026
600190
600193
600214
600436
600508
600594
600635
600664
600689
600749
600774
600972
601268
601344
601370
601408
601470
601520
601593
601593
601625
601749
601809
601845
601883
602106
602378
602431
602517
602531
602557
602615
602627
602669
602739
602924
603018
603048
603284
603287
603324
603439
603460
603700
603779
603843
603861
603927
603967
603981
604122
604122
604146
604192
604389
604464
604519
604993
605017
605049
605212
605357
605366
605366
605429
605628
605647
605759
605880
605899
606021
606062
606065
606132
606197
606291
606301
606348
606427
607126
607464
607468
607678
607718
607812
607900
607955
607979
608194
608228
608261
608300
608344
608427
608512
608545
608993
609092
609098
609347
609560
609807
609815
610077
610083
610101
610163
610357
610428
610449
610452
610550
610580
610594
610648
610797
610861
610873
610983
611142
611228
611268
611332
611586
611972
612595
612609
612621
612646
612655
612673
612867
613119
613139
613433
613555
613569
613586
613670
613706
613717
613881
613935
614040
614123
614152
614340
614348
614360
614409
614558
614576
614619
614731
614877
614946
615017
615201
615307
615488
615512
615767
615932
615933
615946
615969
616000
616064
616152
616187
616201
616302
616327
616380
616539
616580
616616
616626
616821
617088
617311
617321
617375
617413
617484
617563
617682
617830
617865
617891
618075
618153
618176
618220
618438
618476
618496
618670
618686
618696
618703
618924
619103
619130
619204
619310
619332
619363
619512
619850
619853
619951
620182
620253
620277
620350
620435
620632
620646
620712
620940
620975
620987
621058
621187
621354
621371
621371
621395
621516
621543
621622
621628
621738
621808
622000
622159
622180
622201
622350
622418
622484
622596
622719
622728
622770
623121
623232
623346
623350
623488
623504
623549
623807
623927
623933
623939
624145
624426
624598
624651
624848
624902
624974
625046
625104
625164
625202
625256
625266
625300
625342
625722
625744
625801
625854
625921
626137
626139
626273
626409
626443
626542
626620
626647
626716
626851
626868
626871
626928
627080
627087
627123
627132
627174
627233
627382
627448
627663
628103
628192
628275
628320
628414
628450
628612
628843
628922
629107
629190
629358
629365
629366
629410
629675
629765
629976
630029
630103
630175
630213
630410
630568
630725
630881
630975
631005
631247
631254
631362
631379
631408
631420
631595
631635
631876
631920
632117
632287
632326
632364
632386
632540
632543
632579
632588
632820
632848
633030
633090
633172
633206
633395
633422
633479
633577
633589
633634
633748
634046
634242
634326
634446
634455
634593
634800
634859
634920
634939
634993
635031
635472
635480
635538
635662
635959
636018
636116
636155
636171
636209
636210
636498
636525
636538
636558
636734
636740
636845
636892
637116
637210
637411
637483
637782
637807
637999
638046
638112
638212
638248
638302
638306
638504
638545
638602
638738
638927
639147
639204
639223
639228
639377
639441
639446
639548
639667
639814
639854
639898
640080
640132
640339
640389
640396
640417
640796
640860
640965
641027
641170
641241
641286
641408
641444
641494
641887
641989
642135
642321
642752
642752
642903
642994
643085
643343
643404
643431
643520
643581
643633
643681
643729
643766
643795
643800
644017
644024
644300
644315
644345
644742
644979
645092
645173
645320
645564
645868
646148
646152
646194
646197
646256
646305
646337
646384
646559
646611
646620
646707
646713
646884
646997
647009
647057
647177
647190
647224
647225
647595
647627
647830
648233
648266
648267
648274
648297
648446
648574
648597
648681
648713
648772
648853
648859
649108
649281
649507
649704
649838
649902
649918
650013
650084
650108
650122
650181
650198
650225
650473
650485
650751
650917
650941
651058
651059
651070
651201
651391
651576
651689
651755
651776
651913
651996
652245
652511
652550
652554
652612
652754
652767
652786
652876
652967
652985
653122
653253
653270
653287
653450
653680
653868
653871
653933
654459
654572
654591
654759
654863
654916
654956
654975
655032
655155
655205
655417
655482
655511
655633
655894
655934
656032
656075
656232
656320
656351
656371
656596
656611
656813
656837
656893
656978
656999
657044
657113
657229
657240
657282
657520
657544
657658
657696
657834
657835
657837
657837
657837
657990
658033
658285
658298
658312
658329
658334
658446
658452
658498
658531
658604
658655
658757
658900
658917
658970
659252
659253
659351
659369
659626
659645
660004
660010
660079
660148
660172
660261
660267
660318
660433
660484
660638
660642
660651
660987
661049
661189
661204
661252
661374
661393
661547
661642
661728
661829
661913
662134
662220
662379
662478
662925
662968
663000
663216
663324
663426
663628
663722
663776
663802
663824
663912
663923
663985
664111
664119
664249
664266
664281
664470
664672
664949
665018
665152
665276
665426
665570
665860
665902
666084
666527
666625
666857
667350
667563
667782
667893
667919
667925
668158
668231
668239
668275
668295
668551
668562
668617
668813
668822
669081
669083
669124
669215
669261
669349
669366
669518
669615
669660
669678
669756
669801
669815
669863
669864
669953
670075
670114
670135
670308
670315
670526
670660
670800
670921
671287
671380
671538
671667
672021
672058
672151
672174
672203
672220
672232
672249
672249
672286
672409
672673
672710
673360
673469
673503
673710
673717
673789
673863
673983
674043
674205
674258
674264
674328
674415
674509
674733
674835
674847
674851
674990
675025
675067
675128
675261
675310
675310
675379
675521
675542
675736
675969
676322
676518
676592
676949
677049
677574
677767
677944
677983
678012
678041
678290
678347
678463
678477
678506
678780
678971
679032
679117
679137
679209
679253
679284
679353
679617
679739
679946
680219
680309
680367
680491
680605
680629
680661
680734
680737
680931
681322
681538
681578
681581
681584
681621
681861
681935
681972
682004
682028
682269
682362
682375
682601
682633
682688
682735
682841
682927
683230
683247
683317
683325
683411
683424
683614
683900
683922
684065
684089
684320
684329
684377
684486
684550
684730
684784
684802
684899
685048
685075
685076
685146
685164
685302
685354
685648
685702
685806
686063
686143
686150
686309
686341
686624
686711
686817
687067
687073
687602
687715
687804
687806
688080
688188
688210
688218
688229
688289
688463
688523
688660
688751
688802
688813
688818
688875
688948
689015
689090
689257
689272
689368
689405
689405
689421
689450
689655
690064
690116
690159
690646
690654
690663
690792
690848
690864
691068
691074
691075
691145
691284
691515
691606
691707
691806
691857
691945
692273
692366
692392
692392
692396
692452
692549
692566
692769
693131
693187
693244
693455
693562
693666
693853
693893
693936
693954
693975
694195
694462
694515
694517
694576
694843
694937
695176
695283
695325
695425
695453
695498
695725
695817
695853
696075
696441
696475
696598
696829
696852
696947
697002
697090
697099
697200
697259
697284
697562
697893
698040
698072
698162
698173
698241
698469
698680
698727
698947
699630
699639
699690
699731
699821
699877
699899
700082
700094
700109
700138
700265
700284
700289
700350
700495
700500
701011
701038
701095
701325
701363
701463
701588
701654
701886
701953
702051
702156
702168
702735
702768
702835
702894
702908
702987
703064
703107
703292
703494
703603
703882
703929
704171
704177
704192
704261
704326
704370
704419
704426
704431
704591
704669
704736
704754
704778
704782
704844
704854
704940
704946
705219
705375
705410
705606
705629
705755
705784
705785
705995
706125
706163
706271
706279
706282
706364
706432
706439
706534
706601
706643
706790
706800
706857
706991
707011
707047
707154
707315
707336
707380
707393
707466
707631
707847
707904
707914
707982
707985
708007
708219
708619
708643
708648
708660
709032
709254
709270
709436
709436
709448
709470
709573
709603
709611
709647
709829
709903
709932
710034
710225
710325
710354
710369
710373
710447
710532
710562
710600
710709
710747
710979
711176
711246
711249
711334
711387
711507
711566
711608
711762
711774
711846
711924
711999
712021
712104
712175
712232
712277
712321
712366
712671
712838
712878
712996
713196
713251
713361
713449
713463
713472
713650
713683
713696
713782
713784
713792
713861
713871
713934
714112
714116
714155
714198
714207
714280
714339
714375
714388
714429
714459
714638
715043
715136
715184
715260
715764
715857
715869
715954
716054
716251
716400
716734
716793
716905
716973
716985
717090
717096
717304
717362
717525
717652
717658
717676
717841
717848
717897
717948
718058
718132
718235
718245
718352
718487
718661
718727
718747
718813
718818
718930
718985
719363
719430
719526
719781
719791
719858
720156
720530
720548
720573
720608
720679
720705
720799
720820
720901
720956
721119
721264
721323
721455
721557
721820
721940
721960
721980
721982
721994
722236
722346
722374
722399
722515
722538
722621
722694
722739
722827
723008
723043
723345
723439
723538
723621
723713
723763
723914
724012
724342
724413
724527
724667
724896
724897
724969
725004
725040
725308
725336
725364
725528
725598
725603
725607
725753
725863
725996
726064
726089
726233
726404
726407
726649
726714
726792
726815
727055
727260
727377
727417
727431
727593
727649
727853
727891
728005
728068
728342
728491
728582
728973
729010
729256
729337
729362
729405
729424
729552
729565
729601
729738
729925
729952
729995
730006
730227
730304
730551
730706
730806
730848
730884
730937
731038
731105
731158
731384
731689
731701
731795
731879
732061
732230
732263
732320
732343
732421
732475
732475
732626
732727
732774
732976
732981
733024
733080
733193
733281
733431
733513
733523
733538
733647
734224
734261
734344
734369
734524
734625
734656
734709
735238
735387
735579
735636
735722
735962
735965
736016
736026
736039
736042
736062
736415
736431
736500
736630
736849
736864
736867
736915
737093
737170
737175
737256
737447
737509
737608
737689
737741
737823
737928
738051
738087
738135
738227
738352
738480
738541
738602
738658
738733
738792
739083
739468
739629
739741
739904
740175
740197
740226
740474
740560
740583
740592
740620
740634
740691
740733
740739
740778
740792
740928
740984
741311
741451
741652
741701
741729
741793
741797
742023
742028
742033
742053
742309
742563
742882
742920
742932
742941
743225
743258
743348
743504
743625
743659
743983
743994
744009
744103
744149
744187
744214
744239
744348
744547
744900
744925
744950
745086
745096
745194
745195
745256
745510
745611
745673
745872
745874
745952
746003
746054
746364
746403
746681
746870
747001
747105
747156
747251
747379
747511
747731
748008
748104
748132
748201
748449
748927
749255
749299
749468
749533
749606
749739
749745
749804
749902
749906
750017
750206
750239
750242
750299
750302
750361
750475
750582
750586
750662
750665
750766
750911
750969
751022
751060
751111
751118
751420
751428
751441
751569
751634
751647
752050
752066
752070
752323
752391
752414
752567
752724
752802
753058
753457
753876
754248
754554
754585
754634
754660
754774
754858
754901
755317
755359
755440
755538
755747
755908
756183
756309
756347
756395
756632
756807
756862
756954
757048
757049
757066
757100
757145
757338
757362
757460
757595
757604
757612
757735
757810
757880
757901
757957
757964
757990
758076
758132
758182
758396
758692
758862
758978
759039
759351
759354
759438
759559
759730
759930
760058
760351
760653
760756
760810
760820
761004
761155
761303
761325
761374
761609
761757
761777
761902
762054
762155
762454
762564
762629
762904
762952
763000
763229
763445
763619
763642
763700
763734
763793
763991
763994
764074
764172
764276
764282
764381
764398
764589
764653
764744
764884
764916
764963
765686
765712
765727
765851
765998
766047
766066
766086
766250
766289
766295
766316
766421
766657
766744
766810
766824
766837
766990
767107
767137
767336
767464
767510
767526
767691
767790
767903
768036
768102
768200
768207
768235
768285
768578
768642
768669
768686
769018
769027
769339
769339
769346
769377
769590
769673
769688
769694
769765
769799
769995
770158
770617
770675
770761
770940
770959
771153
771261
771557
771592
771903
771986
772235
772324
772354
772448
772454
772456
772504
772552
772565
772600
772771
772797
772981
773026
773236
773243
773272
773283
773410
773431
773906
773909
773938
773964
774011
774059
774070
774113
774374
774447
774639
774724
774726
774896
774909
774984
775068
775110
775134
775147
775158
775256
775283
775433
775535
775632
775666
775682
775819
775998
776089
776259
776386
776465
776508
776514
776665
776884
777091
777471
777487
777494
777603
778064
778082
778109
778116
778144
778166
778439
778528
778597
778604
778707
778729
778889
779025
779094
779135
779272
779315
779476
779532
779536
779561
779561
779673
779722
779888
779961
780142
780435
780504
780575
780701
780875
781011
781108
781145
781342
781361
781595
781627
781645
781794
781815
781844
781928
782007
782049
782062
782225
782426
782431
782673
782858
782953
783000
783100
783359
783421
783669
783866
783902
783940
783964
784264
784309
784416
784453
784554
784841
784959
784972
785243
785374
785426
785481
785496
785545
785698
785736
785789
785820
785923
786072
786410
786490
786520
786636
786692
786752
786762
787069
787079
787207
787279
787482
787668
787944
787952
788011
788193
788377
788411
788441
788528
788688
788838
788839
788977
789124
789209
789388
789448
789706
789720
789845
789860
790152
790163
790276
790328
790393
790462
790533
790787
790826
790852
790890
790958
790963
791078
791085
791140
791332
791436
791530
791632
791803
791914
792023
792082
792105
792188
792207
792291
792338
792346
792365
792548
792559
792631
792666
792753
792897
792943
793167
793183
793194
793265
793716
793915
794388
794515
794521
794615
794621
794625
794764
794770
794819
794821
794937
794941
795056
795100
795391
795506
795773
795799
795837
795904
796016
796074
796100
796171
796174
796201
796249
796480
796654
796669
796717
796813
796932
796973
797043
797204
797378
797448
797650
797784
797901
797990
798141
798385
798397
798549
798793
799121
799148
799641
799663
799677
799696
799884
800023
800281
800413
800540
800583
800636
800678
800818
800908
801262
801395
801417
801440
801564
801604
801755
801787
801797
801826
802020
802076
802184
802213
802261
802311
802484
802509
802530
802617
803101
803402
803643
803788
803876
803945
804046
804103
804183
804223
804236
804244
804298
804711
804932
805000
805020
805081
805270
805355
805624
805675
805812
805845
806001
806131
806215
806246
806264
806462
806599
806629
806632
806813
806853
806871
806876
806981
807000
807022
807178
807231
807249
807293
807393
807556
807586
807645
807682
807895
808082
808139
808186
808220
808258
808263
808481
808507
808545
808560
808713
808763
808838
808987
809004
809151
809467
809566
809631
809730
809814
809895
809950
810246
810325
810362
810535
810777
810828
811107
811407
811591
811822
811831
811975
812025
812046
812197
812292
812627
812673
812743
812854
812873
812906
813009
813081
813150
813318
813380
813390
813504
813513
813553
813580
813610
813674
813889
813989
814006
814082
814160
814234
814477
814583
814661
814835
814902
814992
815024
815223
815373
815376
815398
815436
815452
815524
815553
816045
816120
816182
816188
816215
816246
816280
816540
816663
816704
816719
817004
817169
817209
817289
817403
817443
817474
817500
817505
817614
817665
817789
818050
818059
818070
818091
818145
818149
818334
818420
818474
818542
818638
818815
818820
818824
818867
818909
819042
819437
819629
819639
819646
819667
819785
819793
819830
819851
819852
819940
819993
820126
820192
820237
820257
820381
820450
820494
820502
820533
820626
820675
820805
820868
821100
821206
821213
821333
821414
821543
821816
821876
821946
821948
821955
821963
822033
822067
822093
822093
822184
822202
822221
822301
822686
822910
823087
823161
823235
823282
823343
823497
823584
823587
823659
824055
824238
824557
824643
824791
824855
825194
825225
825235
825283
825299
825420
825427
825547
825801
825847
826155
826574
826642
826791
826793
826821
826886
827025
827184
827394
827458
827531
827682
828209
828325
828329
828342
828770
828968
828981
829031
829167
829194
829205
829270
829431
829532
829633
829740
829766
829796
829833
829834
829865
829868
830010
830128
830217
830263
830455
830547
831045
831131
831218
831322
831333
831463
831483
831608
831685
831822
831870
831917
831965
832040
832042
832051
832105
832261
832471
832533
832692
832704
832856
832987
832999
833081
833190
833486
833631
834147
834186
834316
834323
834323
834416
834432
834459
834777
834974
834978
835160
835235
835421
835488
835492
835567
835600
835672
835680
835693
836085
836406
836676
836754
836897
837198
837424
837543
837607
838004
838029
838187
838242
838247
838256
838411
838654
838725
838962
838974
839001
839050
839353
839390
839398
839494
839589
839762
839786
839856
840003
840088
840134
840145
840202
840315
840430
840633
840740
840774
840806
840973
841064
841076
841205
841388
841565
841585
841762
841784
841799
842012
842025
842085
842180
842503
842569
842572
842671
842708
842762
842762
842870
843065
843107
843205
843279
843421
843427
843753
843777
843968
844089
844165
844168
844311
844480
844496
844657
844698
844730
844853
844910
844966
845065
845299
845422
845485
845500
845820
845847
845914
846025
846099
846346
846349
846516
846679
846710
846748
846770
846852
846909
846923
847104
847167
847330
847359
847456
847508
847557
847592
847932
847944
847961
848270
848282
848423
848432
848649
848878
848930
848931
848955
848990
849019
849111
849257
849338
849394
849467
849552
849561
849639
849693
849983
850010
850023
850058
850059
850119
850212
850371
850387
850520
850596
850674
850730
851005
851047
851133
851252
851412
851617
851676
851748
851781
851820
851859
851935
852140
852397
852449
852456
852459
852487
852729
852846
852919
853037
853116
853278
853512
853520
853620
853781
853847
854002
854077
854079
854249
854428
854507
854527
854659
854757
854886
855020
855353
855395
855415
855503
855508
855601
855660
855792
855851
855926
855989
856127
856162
856295
856313
856358
856452
856684
856818
856850
857022
857046
857128
857146
857164
857178
857202
857328
857453
857587
857632
857673
857694
857797
857860
857951
858061
858116
858136
858199
858345
858641
858768
858872
858896
858994
859106
859161
859315
859330
859376
859388
859486
859552
859637
859730
860009
860212
860426
860552
860583
860709
860912
861073
861104
861114
861191
861275
861303
861312
861374
861442
861502
861544
861555
861660
861765
861801
861893
861916
862050
862082
862272
862605
862941
863077
863150
863228
863757
863800
864036
864088
864129
864275
864501
864514
864578
864738
864747
864767
864788
864890
865066
865078
865116
865124
865202
865519
865537
865688
865815
865872
865980
866095
866106
866109
866223
866227
866336
866402
866499
866525
866531
866674
866719
866807
866861
866946
866972
867006
867042
867655
867748
868020
868046
868169
868252
868367
868391
868417
868448
868741
868757
868770
868788
868818
868839
868897
868954
869102
869271
869380
869399
869525
869616
869665
869688
869746
869805
869908
870065
870138
870161
870174
870227
870316
870417
870493
870518
870546
870634
870850
870979
871080
871382
871461
871579
872120
872133
872172
872179
872234
872329
872450
872527
872546
872572
872684
872868
872879
872895
872988
872995
873268
873438
873442
873491
873562
873583
873725
873775
873835
873914
874006
874032
874188
874203
874648
874651
874841
874968
874982
875025
875116
875384
875392
875435
875505
875658
875740
875749
875754
875774
875964
875971
876077
876345
876359
876414
876416
876534
876596
876807
876858
877011
877063
877110
877227
877240
877281
877351
877358
877403
877404
877814
877823
878007
878032
878048
878079
878141
878377
878379
878386
878525
878583
878904
878992
879099
879111
879314
879443
879449
879523
879595
879625
879684
879692
879696
879878
879892
879907
880082
880132
880249
880296
880323
880394
880420
880514
880604
880674
880751
880849
880941
880967
880988
881040
881048
881204
881490
881520
881541
881581
881608
881986
882191
882216
882331
882337
882404
882532
882568
882790
882837
882868
882883
882905
883046
883431
883596
883688
883740
883752
883767
883919
883925
883974
883983
883984
884000
884121
884274
884278
884308
884350
884475
884488
884535
884651
884695
884726
884767
884850
884873
884877
884898
884945
885338
885515
885535
885593
885674
886118
886157
886188
886415
886494
886544
886618
886665
886675
886788
886817
886928
886972
887202
887208
887401
887772
887812
887868
887915
888039
888050
888147
888169
888205
888230
888398
888405
888414
888457
888493
888503
888546
888586
888748
888795
888833
888993
889048
889075
889142
889146
889163
889243
889383
889447
889507
889612
889674
890024
890041
890060
890179
890223
890233
890278
890395
890774
891135
891162
891185
891298
891307
891308
891350
891444
891832
891946
891992
892061
892105
892189
892204
892260
892614
892802
892845
892851
892864
892959
892962
893148
893244
893356
893478
893519
893589
893710
893789
894029
894175
894219
894254
894439
894610
894963
894986
895003
895034
895143
895352
895706
895806
895886
896014
896062
896095
896300
896446
896538
896652
896756
897101
897135
897401
897904
898049
898187
898217
898222
898602
898630
898676
898746
898825
898887
898973
899279
899564
899728
899806
899889
900037
900051
900071
900443
900447
900556
900560
900583
900660
900730
900800
900924
900999
901089
901286
901320
901344
901490
901523
901534
901577
901586
901765
902086
902169
902198
902273
902376
902402
902432
902563
902669
902806
902838
902913
902939
903115
903195
903473
903535
903574
903585
903590
903659
903733
903794
903925
904069
904229
904387
904504
904609
904647
904661
904684
904699
904835
904983
905042
905043
905191
905262
905280
905308
905526
905602
905652
905713
905778
905853
905977
906179
906240
906392
906522
906546
906692
906787
906835
906871
906910
906926
906931
907220
907231
907358
907418
907503
907584
907586
907732
908129
908161
908233
908290
908324
908373
908774
909135
909149
909178
909266
909356
909502
909775
909833
909877
909920
910062
910090
910152
910172
910216
910280
910356
910417
910463
910607
910762
910897
911054
911124
911444
911457
911528
911744
911803
911841
911860
912494
912627
912655
912869
913147
913367
913402
913452
913686
913929
913966
914055
914059
914126
914176
914233
914261
914314
914368
914379
914964
915041
915129
915163
915307
915311
915414
915444
915480
915628
915772
915789
915839
915861
915935
916017
916170
916234
916260
916262
916399
916547
916682
916828
916882
916923
916935
917004
917055
917141
917158
917239
917255
917279
917284
917352
917377
917503
917560
917610
917678
917861
918022
918154
918186
918307
918517
918523
918530
918707
918779
919014
919118
919124
919214
919410
919511
919621
919765
919991
920048
920088
920103
920141
920191
920200
920424
920628
920646
920660
920698
920728
920828
920961
921203
921286
921628
921798
921821
922091
922337
922558
922711
922797
922864
923018
923093
923119
923459
923637
923665
923749
923804
924041
924104
924149
924184
924472
924590
924660
924693
924813
924919
924941
925094
925182
925204
925736
925807
925838
925951
925955
925966
926047
926051
926055
926083
926223
926225
926225
926267
926332
926347
926375
926615
926723
926832
926859
926877
926932
926990
927032
927065
927673
927721
928029
928045
928102
928184
928625
928641
928710
929035
929073
929220
929402
929414
929483
929528
929529
929705
929720
929822
929906
929942
930381
930603
930838
930884
930976
930993
931286
931347
931433
931528
931676
931706
931873
931933
932371
932460
932471
932534
932746
932889
933019
933126
933165
933189
933245
933260
933435
933755
933932
933967
934183
934186
934254
934280
934351
934664
934946
935166
935513
935624
935630
935850
936253
936319
936340
936342
936393
936405
936419
936648
936713
936740
936940
937055
937187
937386
937448
937651
937818
937960
938052
938345
938428
938442
938533
938566
938580
938617
938676
938716
938726
938899
938918
938996
939069
939072
939116
939292
939445
939478
939665
939914
940100
940128
940304
940319
940463
940481
940511
940640
940641
940669
940718
940865
941182
941265
941295
941297
941419
941424
941442
941528
941608
941663
941672
941830
941876
941948
941961
941971
942085
942125
942421
942429
942523
942744
942970
942983
943173
943216
943227
943305
943603
943662
944094
944173
944189
944232
944349
944413
944465
944496
944705
944744
944772
945019
945210
945361
945408
945661
945682
945842
945926
945976
945985
945995
946372
946639
946673
946790
946822
946835
946846
946946
946966
946984
947133
947143
947430
947481
947733
947762
947928
947944
947957
947995
948012
948085
948244
948255
948370
948598
948769
948787
948971
948982
949182
949270
949310
949487
949647
949742
949746
950115
950204
950385
950499
950503
950708
950755
950878
951082
951475
951559
951576
951619
951626
951676
951681
951768
951824
952034
952051
952052
952103
952127
952272
952337
952360
952443
952567
952817
952886
953100
953192
953351
953378
953386
953731
953782
954469
954625
954783
954811
954830
954834
954970
955049
955184
955201
955272
955433
955497
955543
955729
955746
955756
955816
955926
956059
956117
956306
956353
956373
956430
956787
956931
957007
957385
957425
957430
957430
957449
957493
957550
957629
957629
957912
957993
958065
958207
958221
958258
958367
958466
958530
958568
958681
958874
958941
958949
958971
959087
959160
959169
959262
959296
959417
959596
960025
960037
960159
960181
960192
960205
960276
960393
960746
960935
961000
961024
961056
961345
961375
961562
961580
961615
961769
962117
962182
962185
962329
962367
962489
962539
962571
962708
962840
963139
963296
963409
963449
963513
963572
963692
963707
963897
964365
964373
964444
964474
964563
964583
964620
964738
964811
964949
964955
965016
965121
965186
965222
965410
965412
965576
965685
965744
965797
965823
965904
965968
966001
966034
966105
966249
966329
966337
966412
966445
966514
966518
966729
966903
966997
967171
967334
967548
967835
967977
968004
968117
968217
968256
968321
968516
968529
968612
968619
968639
968704
968724
968775
968930
968943
968952
968953
969172
969205
969254
969526
969547
969684
969744
969799
969890
969989
970035
970426
970582
970884
970927
971000
971044
971057
971153
971160
971213
971330
971501
971547
971574
971793
971870
972114
972300
972328
972339
972437
972446
972487
972519
972669
972791
972828
972865
973191
973382
973493
973494
973527
973593
973629
973732
973747
973835
974068
974099
974118
974203
974288
974382
974498
974560
974729
974815
974823
974828
974912
975063
975221
975277
975325
975341
975350
975499
975594
975611
975734
975986
976125
976511
976635
976663
976691
976720
976727
976799
976894
977040
977056
977156
977463
977547
977627
977642
977697
977708
977789
977860
977937
978061
978258
978365
978378
978420
978512
978512
978568
978604
979036
979463
979628
979730
979878
979971
980027
980049
980199
980416
980845
980902
980916
980978
981268
981304
981559
981643
981708
981856
981944
982002
982026
982061
982065
982204
982206
982216
982351
982528
982599
982735
982843
982868
983001
983240
983289
983306
983451
983572
983801
983871
983901
984033
984148
984206
984251
984324
984327
984698
984806
984856
984909
985109
985226
985346
985502
985615
985636
985943
986098
986292
986310
986338
986413
986462
986485
986728
986850
987277
987316
987322
987402
987475
987694
987851
987868
987916
988150
988198
988380
988438
988558
988604
988636
988640
988657
988778
988873
988913
988986
988998
989166
989247
989348
989591
989741
989748
989891
989970
990195
990235
990257
990439
990454
990680
990761
990833
991469
991508
991562
991570
991950
992147
992260
992654
992753
993196
993317
993335
993756
993758
993831
994022
994026
994046
994133
994174
994244
994262
994336
994412
994483
994570
994678
994770
994881
994910
995238
995340
995369
995457
995823
995991
996007
996047
996086
996107
996261
996323
996509
996680
997030
997041
997147
997238
997406
997489
997563
997608
997829
997929
998238
998269
998270
998391
998436
998476
998527
998551
998749
998762
998864
998875
998878
998958
999040
999320
999366
999421
999446
999622
999755
999815
999817
999980
