1000
1399
1842
4221
4484
6500
8275
8668
10124
12150
12693
17135
18317
19296
20342
21304
22673
24191
24716
24736
24938
24941
25082
27430
27488
28248
30546
31901
32882
32894
33451
34606
35070
35342
36422
36576
38057
39146
39387
40718
43811
43925
43939
44428
44800
48048
48683
49134
49209
50053
51306
51914
53646
54137
55300
56249
56318
57020
57390
61015
62569
64661
64913
65298
65308
65310
66714
66967
67346
68982
69265
70565
72839
73576
74305
74755
74816
74817
75246
75375
77101
77696
79774
81546
81960
82338
83024
84482
90328
91802
92500
93041
94985
95705
97325
97355
99303
99643
99884
100090
100888
101309
101609
102797
102963
103864
104326
104347
104385
104905
105975
106456
106788
109422
110588
110771
111193
111231
112848
114709
116628
117416
117816
118247
119977
120569
122259
122346
122618
125533
126260
126498
127633
127695
127866
128441
128575
131474
131979
131986
132191
132231
132678
134493
135432
136329
136669
137413
138641
139072
139290
139480
140789
141438
142025
142408
142830
144723
145151
145293
148946
149511
151302
151325
153403
155118
156675
157381
157649
158127
158204
158816
159069
159566
159818
160682
161681
162959
163019
163237
163616
163706
164269
165053
165141
165318
165901
166075
166960
168631
169705
170328
172307
173271
174177
174768
175119
175443
175528
175922
176646
177294
180669
182654
183490
183924
187457
189313
191208
192120
192499
192790
193993
194860
195017
196792
198837
199028
199865
200803
201048
201180
201987
202300
205738
208980
209772
214266
214712
214804
215517
215840
215927
219571
219829
220212
222913
223696
224104
226883
228230
229996
230836
232693
232735
233758
234252
236738
237200
238115
242549
243839
244628
248962
249817
252129
259011
259463
260919
261819
262003
263529
263550
265340
265809
266680
269629
270053
271287
271560
271831
272521
272601
273114
273145
274345
275274
277024
277525
277547
278769
280689
281628
284094
284152
284516
284574
284601
284895
285049
286584
288840
290227
290843
291944
292053
294173
295097
295958
296054
298159
299357
299644
299736
300925
301061
302392
302437
305112
308114
308152
308169
309656
310544
312104
313502
313566
313778
314379
314802
315915
317473
317780
318520
320537
321908
324361
325038
326211
326715
326974
326990
328235
330519
331197
331992
333877
334742
335189
335286
336186
336687
337073
337294
338491
339566
340914
342279
344148
344233
344267
345057
345653
346610
348731
348944
349749
349929
350124
350859
351601
353107
353180
353297
353556
353803
354104
354484
357407
358695
361601
361806
362074
362296
362951
364854
366988
367125
369117
369204
369831
369944
370264
372409
373202
377204
377618
377766
379253
379670
379805
379933
380428
380877
381820
382730
382942
383883
385485
385791
386551
388400
388411
389025
390091
390650
394119
394376
397126
397559
397637
397823
399138
399156
399960
402985
403176
403330
404604
404643
405846
405930
407439
407775
408495
409774
410768
411352
412035
412790
413594
413782
414397
415471
415664
415865
416989
417377
417768
421351
423154
424707
427628
427673
427771
429566
429833
430345
431121
432935
434141
434802
436653
437664
438374
439526
441087
444450
446461
446478
447271
447382
447669
448752
451703
452004
452692
453125
456079
456733
459311
459801
461830
462355
464201
464542
464903
465747
465924
466423
468410
470772
473570
473662
475306
475903
477270
479039
479617
480339
482678
483614
485336
487516
494217
496581
498077
498140
498358
498773
499411
500199
501322
501404
502325
502818
504346
504499
505369
506900
507365
507850
508773
510133
510582
510885
511345
511404
514875
514976
515647
516162
517093
518008
519751
520249
520574
520639
522600
527014
527437
528988
529120
530809
531056
533016
535417
536046
537115
537116
537742
540399
540900
542745
546442
547079
548955
549282
549991
552077
552319
552852
553691
554624
556156
558146
558330
559825
560045
561475
561835
564406
565411
568690
569036
569875
570731
571024
572718
573347
575447
577597
578204
578622
580259
582225
582879
586830
587353
589751
589825
589929
590396
592101
592446
593111
594619
594746
595958
596119
597267
597289
597933
598190
600217
604933
605048
606544
607329
607567
609688
611621
612171
612456
613024
613232
614650
614721
614768
615050
618331
619235
619535
623791
625273
626040
628131
629996
630234
631246
633513
635398
635577
635635
635950
636648
638840
639527
641549
642449
642670
642825
645224
646302
646546
646724
647280
647761
648134
648661
648878
649487
650494
650529
650926
652328
653415
656928
657130
659678
660459
660983
661627
661764
666505
667873
669135
669204
670853
670863
671179
672005
673676
674357
674537
675128
675224
675698
676746
677326
677412
679359
679508
680167
680371
680389
682260
682453
683021
683409
684379
686228
686427
686473
686875
688694
690251
691426
692120
693005
693058
694486
695445
697609
698346
699961
702066
702505
703571
705092
705424
706578
707008
709456
710324
713688
713747
713924
714613
715652
716240
717994
718355
718852
719210
720442
721268
723437
725515
727063
728914
729112
730976
732051
732882
733274
734583
735408
735945
735974
737989
738773
740158
740242
741584
742037
742875
743028
744864
745985
746251
746475
747792
748166
749212
749911
751230
751570
751663
752734
752945
755573
756039
756317
756340
757618
757859
758022
758792
759232
759590
760163
760692
760984
761069
764937
765200
765523
765537
768399
769391
769718
770049
770983
771695
772905
773678
776291
779203
779773
780289
780652
781737
783145
783242
785621
785746
786181
789568
790605
792611
793253
796782
797114
797120
798635
798883
799159
800659
803351
803938
804160
804553
804646
807747
808082
811447
811871
812087
812406
813025
813054
813784
814712
814757
815590
815609
815723
815756
816799
817476
818220
819162
819171
819546
819793
820073
821192
821769
822442
823279
823607
823847
825899
826891
827355
830757
831109
831540
832220
832320
834200
834597
834729
835175
836288
836671
839025
839737
839792
840804
841465
842588
843835
844498
845059
845091
845785
846289
846840
846865
847350
850116
850244
851332
852176
852548
856482
856942
857896
858544
858854
859190
859725
859911
860590
861383
861513
862475
863624
864336
864673
865041
870265
870496
872979
873100
873391
874114
874456
875473
878372
878381
878774
879495
879969
881683
882680
884573
885385
886181
886380
887671
888300
888926
890957
891027
892558
894149
897230
897683
899179
901292
901992
904250
904375
905528
906181
906582
908869
909814
909842
912639
914449
915909
916124
918165
918368
919565
919845
919899
920112
923649
923736
924767
924948
926869
929488
930002
931879
932102
932583
932672
932798
934251
934758
935565
940529
942849
943219
947550
948073
949631
949952
949963
950352
950439
955591
957336
957638
957639
958066
960356
960506
960713
961057
961515
963349
965178
965448
965494
965604
966715
968570
969519
969982
970752
971475
973472
977382
977397
977900
980556
984133
985108
985699
986445
987683
987950
989185
990527
990571
990667
991315
992185
993196
995301
995513
997077
999487
999942
