100
3713
5988
8374
12545
23413
24253
62782
65397
68936
76273
80610
90675
91023
96486
116290
120003
134565
139381
154299
166765
172564
183840
189087
194825
210654
218932
227870
231369
244289
247169
247287
255586
257678
266555
281253
282112
289408
300880
304093
311202
314687
322198
324968
325682
327721
366828
368888
383036
389095
399097
403916
421266
449172
463458
468879
473665
502855
515418
528804
540140
555730
556700
563721
567737
589616
611128
611905
619944
626478
631768
643720
677029
679648
680082
680791
683881
715348
736229
737885
750850
754772
768302
790831
796578
800558
811340
812463
820948
822652
857473
870100
914661
931383
931640
933488
963068
967026
974809
994576
997454
