10000
999962
999923
999844
999829
999800
999691
999665
999613
999603
999483
999483
999462
999385
999270
999204
999176
999175
999152
999108
998951
998774
998620
998341
998327
998279
998066
998062
998037
997933
997738
997691
997661
997324
997249
997138
997101
996823
996759
996672
996658
996656
996647
996638
996522
996350
996115
995973
995953
995833
995679
995501
995457
995403
995394
995386
995162
995153
995149
995129
995104
995096
995067
994988
994893
994821
994727
994681
994614
994593
994319
994147
993876
993618
993613
993498
993478
993425
993404
993250
993137
993132
992873
992806
992331
992320
992301
992267
992265
992125
992101
992046
991878
991809
991799
991706
991596
991593
991462
991384
991214
991160
991137
990935
990912
990904
990830
990747
990593
990579
990384
990057
989984
989890
989845
989838
989807
989754
989714
989629
989510
989303
989267
988953
988940
988777
988584
988284
988281
988144
988016
987969
987879
987588
987582
987452
987347
987139
987071
987036
986963
986927
986830
986707
986687
986676
986662
986614
986552
986510
986488
986260
986190
986165
985957
985674
985413
985311
985289
985183
985167
985138
984963
984870
984724
984631
984464
984445
984394
984277
984200
984113
984057
983900
983865
983808
983608
983275
983247
983055
982957
982809
982765
982436
982351
982303
982220
982079
982002
981727
981492
981430
981423
981415
980990
980988
980962
980757
980746
980739
980683
980566
980551
980523
980512
980508
980417
980157
980076
979757
979660
979641
979491
979450
979305
979302
979127
978993
978618
978554
978515
978347
978256
978152
977747
977734
977717
977538
977485
977445
977389
977341
977257
977172
977157
977152
977139
977092
977079
977075
977069
977062
976983
976977
976929
976833
976763
976681
976511
976445
976431
976299
976294
976255
976242
975865
975771
975655
975608
975520
975348
975049
975032
974981
974938
974794
974552
974214
974190
974184
974153
974078
973915
973875
973741
973518
973495
973482
973478
973465
973460
973289
973224
973212
972949
972944
972675
972447
972281
972050
972004
971997
971954
971845
971842
971712
971644
971626
971545
971440
971384
971059
971046
970981
970932
970706
970685
970551
970416
970269
970216
970130
970016
970005
969906
969602
969588
969550
969542
969534
969432
969273
969071
968770
968763
968563
968526
968367
968285
968262
967982
967670
967547
967533
967512
967479
967391
967186
967170
966790
966782
966693
966624
966611
966610
966603
966585
966526
966382
966105
966071
965913
965863
965821
965460
965306
965208
965203
965102
965086
964866
964824
964664
964652
964624
964408
964400
964343
964314
964287
964014
963771
963421
963326
963272
963191
963113
963060
962913
962871
962864
962796
962786
962457
962334
962308
962163
962072
961909
961735
961623
961594
961412
961404
961382
961264
961256
961070
961010
960912
960742
960724
960623
960604
960601
960538
960408
960397
960182
960010
959849
959812
959791
959603
959481
959471
959403
959377
959294
959285
958832
958641
958636
958161
958080
957941
957507
957369
957351
957285
957245
957207
957206
957192
957128
957014
956864
956857
956629
956369
956350
956215
956102
956056
955998
955874
955843
955824
955746
955742
955579
955418
955110
955035
954996
954972
954814
954455
954438
954323
954182
954113
953959
953849
953844
953817
953426
953291
953291
953220
953205
953168
953040
953013
952815
952683
952653
952559
952160
952114
952079
952075
951974
951743
951711
951672
951445
951315
951058
951049
950982
950878
950828
950533
950504
950453
950419
950305
950259
950025
949806
949664
949615
949603
949546
949456
949423
949404
949398
949378
949309
949280
949165
949152
948780
948776
948566
948420
948401
948374
948371
948263
948158
948020
947874
947497
947402
947207
947148
947089
947085
946924
946826
946807
946799
946785
946692
946668
946354
946318
946151
946028
945925
945821
945708
945608
945452
945390
945322
945156
945122
944990
944881
944870
944744
944511
944499
944463
944394
944356
944354
944098
944006
943988
943734
943639
943556
943531
943499
943468
943468
943347
943050
943046
942863
942740
942112
942063
941933
941473
941296
941285
941207
941173
941171
941150
941111
941037
940950
940477
940172
940130
940122
939564
939515
939508
939470
939281
939252
939250
938832
938575
938459
938398
937957
937954
937917
937865
937545
937470
937404
937287
937252
937235
937232
937147
937142
936947
936931
936776
936698
936693
936592
936516
936413
936252
936159
936087
936077
936034
936001
935850
935582
935523
935512
935497
935490
935262
935179
935120
935083
934972
934945
934859
934829
934796
934731
934625
934579
934464
934356
934269
933879
933747
933627
933592
933580
933570
933492
933373
933326
933300
933163
933125
932931
932930
932880
932788
932688
932640
932468
932464
932229
931955
931874
931801
931761
931614
931467
931426
931399
931328
931305
931214
931212
930776
930721
930590
930587
930548
930393
930302
930149
929954
929847
929708
929508
929406
929375
929143
929060
928917
928871
928794
928763
928605
928583
928529
928513
928509
928491
928465
928437
928404
928220
928197
928138
927930
927820
927532
927340
927135
926937
926775
926769
926758
926663
926634
926408
926401
926347
926321
926140
926077
926048
925872
925861
925854
925794
925641
925576
925438
925303
925297
925204
925035
924954
924941
924916
924898
924878
924629
924561
924535
924195
924177
923952
923732
923644
923490
923464
923379
923306
922883
922815
922802
922715
922649
922458
922291
921897
921856
921818
921732
921598
921454
921433
921258
921256
921186
921101
920960
920880
920745
920732
920562
920550
920419
920319
920312
920208
920123
920109
919981
919968
919956
919858
919818
919584
919539
919369
919241
919035
918869
918830
918540
918147
918072
918068
917769
917663
917651
917544
917367
917175
917103
916985
916814
916515
916506
916317
916239
915906
915689
915662
915543
915463
915429
915342
914806
914659
914609
914529
914378
914343
914291
914228
914175
914077
914024
913951
913853
913770
913452
913181
913127
912992
912915
912911
912873
912764
912661
912458
912367
912107
911355
911319
911218
911167
911123
911038
910860
910848
910679
910627
910613
910546
910518
910510
910364
910331
910311
910280
910272
910141
910078
910060
909948
909875
909820
909786
909754
909725
909340
909252
909063
908675
908657
908626
908578
908502
908343
908330
908129
908025
907824
907672
907629
907504
907285
907256
906685
906582
906558
906499
906353
906313
906164
906162
906109
906098
906021
905992
905761
905662
905522
905395
905387
905385
905362
905249
904868
904771
904763
904641
904615
904587
904518
904517
904360
904331
904293
904266
903825
903819
903753
903547
903410
903250
903155
902793
902752
902738
902722
902540
902425
902354
902352
902330
902302
902246
902158
902008
901857
901721
901680
901630
901564
901490
901474
901420
901412
901183
901176
900864
900863
900820
900770
900767
900750
900717
900682
900577
900572
900543
900414
900374
900277
900249
900243
899878
899786
899698
899578
899552
899551
899513
899492
899393
899347
899342
899080
898753
898509
898466
898369
898334
898327
898224
898083
898028
897805
897728
897541
897478
897403
897384
897355
897294
897291
897277
897265
897127
896985
896972
896902
896899
896809
896665
896657
896528
896457
896416
896395
896361
896280
895993
895986
895981
895947
895868
895802
895448
895397
895382
895329
895120
894885
894809
894789
894749
894709
894655
894555
894456
894436
894332
894325
894232
894114
894049
893865
893762
893713
893588
893499
893341
893086
893054
892916
892816
892800
892719
892620
892382
892167
892117
892037
891951
891920
891842
891666
891660
891620
891530
891509
891494
891350
891198
891173
891019
890981
890975
890960
890789
890648
890576
890533
890454
890422
890368
890323
890175
890170
890167
890125
890080
890059
889964
889724
889599
889567
889404
889270
889066
889027
888984
888853
888695
888665
888649
888574
888474
888411
888357
888257
888123
888077
888060
887946
887912
887849
887815
887718
887664
887440
887419
887404
886849
886716
886516
886409
886210
886076
886028
885988
885879
885871
885863
885857
885817
885751
885728
885608
885538
885288
885273
885153
885025
884855
884847
884803
884718
884698
884653
884634
884366
883935
883910
883901
883570
883499
883455
883430
883411
883376
883078
883063
882964
882736
882710
882666
882632
882517
882476
882427
882425
882215
882118
882105
882103
882029
881998
881990
881927
881844
881817
881665
881639
881569
881395
881347
881283
881261
881223
881075
880937
880883
880786
880759
880036
879878
879725
879516
879308
879069
879062
878953
878758
878755
878427
878405
878380
878361
878252
878152
878147
878093
878060
878054
877946
877710
877560
877526
877522
877434
877431
877216
877175
877175
877159
877042
876964
876848
876830
876786
876539
876414
876409
876265
876115
875957
875948
875816
875714
875694
875622
875443
875441
875405
875282
875038
874842
874624
874319
874284
874272
874220
874184
873918
873801
873726
873548
873512
873482
873456
873305
873283
873266
873236
873200
873011
872987
872856
872833
872824
872785
872661
872659
872638
872490
872482
872427
872320
872319
872307
872051
871963
871941
871888
871848
871657
871630
871607
871443
871121
871089
871069
871066
870803
870718
870597
870573
870491
870443
870396
870377
870300
870211
870190
870136
869993
869859
869737
869532
869398
869321
869135
868764
868675
868444
868359
868224
868142
867991
867970
867939
867924
867795
867713
867534
867530
867440
867339
867307
867294
867172
867073
867058
866740
866537
866526
866382
866300
866138
865981
865952
865938
865692
865528
865453
865422
865323
865281
864978
864937
864914
864881
864613
864604
864319
864171
863911
863903
863860
863828
863788
863582
863553
863309
863308
863216
863192
863132
863055
862944
862894
862708
862586
862570
862529
862395
862321
862004
861967
861892
861872
861827
861714
861554
861517
861500
861429
861402
861399
861272
861075
861053
861002
860968
860864
860472
860417
859897
859786
859706
859602
859577
859422
859324
859308
859301
859117
858981
858947
858768
858693
858601
858430
858382
858235
858185
858140
858120
858060
858042
857991
857977
857976
857767
857760
857694
857452
857403
857362
857348
857251
857072
856903
856465
856435
856237
856094
855720
855645
855557
855502
855451
855403
855173
855166
855103
855072
854932
854816
854808
854590
854580
854572
854461
854278
854075
854018
853965
853896
853895
853760
853708
853561
853453
853386
852969
852952
852883
852758
852709
852378
852363
852252
851997
851967
851900
851885
851763
851739
851725
851705
851695
851543
851519
851441
851345
851286
851164
850983
850864
850767
850761
850744
850596
850499
850435
850413
850350
850330
850162
850007
849991
849953
849919
849863
849855
849819
849770
849693
849692
849556
849354
849276
849197
849111
849055
849048
849026
848928
848415
848347
848315
848303
848203
848186
848126
848084
847984
847941
847914
847895
847824
847691
847545
847540
847490
847407
847380
847365
847219
847162
846912
846710
846683
846660
846575
846497
846426
846374
846344
846201
846175
846006
845988
845949
845854
845753
845724
845647
845630
845570
845520
845476
845466
845362
845345
845322
845206
845193
845102
845073
845048
844872
844870
844815
844778
844547
844523
844380
844095
844009
843962
843955
843903
843857
843764
843706
843700
843447
843443
843441
843304
843219
843094
843031
843019
842985
842928
842926
842681
842644
842556
842459
842436
842415
842289
842146
842085
841881
841664
841634
841626
841570
841255
841248
841242
841151
841143
841020
841005
840960
840899
840876
840846
840569
840557
840544
840278
840032
839925
839893
839774
839750
839570
839382
839337
839337
839281
839244
839092
839031
839030
838812
838806
838797
838784
838765
838595
838571
838568
838554
838502
838175
838154
838145
838079
837979
837925
837779
837753
837742
837486
837379
837288
837141
836995
836959
836949
836824
836811
836511
836359
836290
836250
836108
836062
836018
835794
835790
835726
835513
835287
835283
834852
834536
834351
834301
834206
834061
833967
833885
833851
833754
833733
833683
833514
833496
833305
833286
833276
833188
833168
833126
832941
832902
832867
832695
832628
832590
832495
832230
832015
831948
831942
831899
831872
831732
831615
831431
831401
831376
831336
831324
831241
831078
831005
830980
830903
830836
830810
830720
830701
830662
830513
830375
830301
830223
830049
829811
829270
829174
828987
828984
828861
828834
828625
828601
828346
828244
827902
827848
827711
827682
827590
827571
827447
827434
827320
827213
827189
827045
827007
826802
826790
826728
826652
826596
826419
826406
826372
826368
826363
826330
826237
826147
825731
825494
825444
825281
825238
825169
825028
824999
824968
824885
824852
824771
824707
824694
824686
824642
824568
824539
824538
824453
824375
824151
824132
824124
823955
823885
823804
823776
823767
823759
823661
823596
823546
823456
823248
823185
823047
822954
822929
822860
822682
822625
822607
822602
822551
822489
822479
822399
822164
822128
822104
821916
821775
821714
821622
821614
821596
821358
821275
821122
821062
821003
820841
820769
820761
820650
820615
820602
820548
820357
820314
820300
820292
819955
819947
819920
819836
819694
819533
819256
819036
818992
818992
818760
818751
818702
818695
818671
818659
818174
818131
817866
817707
817679
817670
817496
817290
817251
817146
817099
817087
817052
816868
816636
816573
816469
816378
816321
816276
816175
815910
815901
815668
815661
815584
815512
815261
815224
815128
814814
814812
814583
814469
814290
814278
814167
814157
814137
814129
814002
813935
813805
813597
813343
813342
813334
813252
813129
813047
812816
812811
812771
812543
812530
812261
811828
811753
811732
811518
811491
811412
811410
811328
811158
810993
810290
810057
809969
809901
809831
809645
809613
809551
809510
809505
809457
809346
809246
809111
809075
808996
808971
808946
808791
808745
808716
808679
808445
808400
808310
808248
808180
808159
808108
807885
807835
807814
807541
807478
807391
807386
807344
807264
807182
807146
807132
806978
806824
806800
806702
806623
806622
806568
806564
806434
806398
806283
806209
806019
805941
805718
805656
805505
805467
805414
805242
805117
805099
804935
804909
804879
804859
804673
804587
804523
804265
804171
804100
804062
804000
803974
803928
803892
803783
803774
803386
803348
803276
803215
803129
803029
802995
802863
802821
802807
802689
802505
802108
801970
801949
801898
801847
801758
801718
801704
801661
801596
801519
801516
801499
801431
801430
801424
801167
801064
801051
800931
800823
800792
800685
800637
800631
800411
800383
800209
799885
799874
799368
799296
799066
798857
798706
798617
798578
798413
798411
798066
797895
797892
797873
797806
797797
797770
797756
797719
797622
797517
797409
797224
797197
797074
797027
796957
796763
796742
796702
796669
796662
796214
795749
795708
795703
795619
795443
794968
794893
794854
794744
794741
794711
794685
794596
794532
794417
794363
794298
794037
793991
793971
793951
793946
793941
793913
793773
793745
793615
793607
793563
793343
793166
793023
793010
792963
792896
792872
792828
792576
792390
792339
792337
792287
792133
791861
791817
791754
791444
791398
791378
791368
791364
791290
791271
791167
791118
790966
790957
790910
790726
790517
790479
790368
790164
789907
789823
789759
789728
789455
789445
789405
789360
789311
789299
789244
789200
789084
789046
789030
788948
788936
788880
788846
788819
788750
788675
788359
788146
788012
787788
787764
787724
787591
787373
787348
787225
787025
786769
786724
786679
786623
786578
786539
786508
786395
786318
786209
786183
786158
786149
786137
786018
785946
785926
785813
785556
785499
785265
785254
785211
785108
785094
784523
784521
784201
783991
783946
783912
783838
783745
783721
783637
783488
783425
783416
783306
783245
783197
783182
782974
782911
782758
782681
782636
782603
782544
782460
782414
782355
782275
782251
782230
782107
782058
782040
781705
781670
781480
781477
781471
781342
781124
781053
780963
780650
780587
780532
780457
780420
780417
780309
780260
780064
779853
779802
779748
779689
779642
779468
779407
779405
779313
779069
778964
778891
778519
778328
778322
778321
778281
778253
778212
778173
777716
777615
777547
777353
777334
777331
777260
777112
777100
777075
777015
776892
776879
776728
776690
776374
776321
776312
776297
775923
775750
775737
775726
775609
775536
775273
775178
775151
774845
774668
774406
774335
774216
774004
773994
773684
773646
773584
773480
773470
773452
773338
773226
773051
772940
772928
772910
772902
772806
772648
772588
772586
772328
772176
772041
772022
771730
771722
771692
771603
771499
771420
771394
771291
771247
771060
770985
770914
770801
770766
770762
770759
770757
770751
770741
770624
770589
770582
770558
770554
770510
770509
770407
770399
770228
770165
770164
769785
769650
769606
769528
769424
769342
769193
769176
768978
768919
768708
768648
768451
768268
768251
768206
767818
767787
767632
767572
767422
767357
767332
767310
767282
767239
767132
766985
766953
766933
766776
766614
766582
766550
766311
766174
766122
766093
766090
766028
765677
765537
765521
765456
765368
764841
764835
764343
764169
764127
764040
763860
763838
763703
763679
763606
763581
763551
763318
763263
763070
763059
762922
762595
762568
762377
762318
762266
762143
761696
761634
761368
761283
760904
760648
760579
760526
759957
759908
759832
759749
759729
759723
759707
759586
759529
759348
759307
759182
759175
759172
758984
758758
758731
758600
758529
758489
758412
758346
758271
758022
757730
757719
757709
757532
757506
757378
757324
757305
757196
757129
757126
756879
756877
756817
756732
756731
756362
756327
756191
756145
756121
756076
756056
756023
755888
755435
755311
755302
755065
755026
754948
754927
754802
754787
754737
754706
754632
754625
754623
754525
754400
754361
754147
753866
753561
753495
753427
753408
753402
753245
753110
753018
752942
752916
752802
752795
752768
752688
752680
752678
752677
752584
752560
752535
752364
752305
752266
752260
752180
752083
752026
751862
751680
751473
751355
751301
751282
750989
750868
750762
750596
750593
750586
750443
750303
750224
750169
750130
749916
749885
749799
749569
749486
749311
749189
749170
748876
748810
748759
748460
748352
748171
748124
748051
748034
748016
747609
747592
747581
747462
747461
747443
747218
747125
747040
747006
746854
746365
746351
746045
746042
745425
745386
745351
745311
745205
745171
745091
745088
744951
744869
744817
744720
744598
744476
744393
744288
744156
744031
744027
743887
743864
743669
743667
743666
743572
743552
743363
743347
743114
743061
742966
742962
742778
742701
742424
742360
742160
742147
742095
742032
741849
741536
741435
741419
741385
741337
741297
741284
741215
741168
741094
740916
740799
740754
740745
740654
740402
740220
739912
739777
739663
739623
739489
739421
739279
739254
739234
739154
739142
739047
738916
738885
738812
738616
738616
738156
737887
737806
737668
737652
737647
737503
737438
737380
737330
737316
737163
737147
736985
736978
736911
736908
736906
736771
736727
736506
736285
736096
735935
735867
735815
735776
735663
735402
735357
735270
735131
735129
735081
734926
734631
734581
734562
734547
734458
734320
734054
734000
733668
733653
733580
733497
733421
733281
733257
733231
732917
732871
732859
732664
732475
732432
732144
732051
731742
731414
731411
731311
731261
731237
731183
731146
731045
730915
730816
730795
730745
730719
730585
730508
730438
730432
730414
730359
730315
730314
730040
729971
729620
729600
729407
729393
729283
729251
729117
729105
728975
728946
728471
728426
728415
728318
728282
728262
728203
728176
728149
728130
728103
728099
728036
727629
727582
727562
727474
727369
727238
727228
727144
727095
727079
727003
726875
726776
726743
726649
726568
726405
726391
726327
726310
726121
725951
725949
725878
725863
725768
725739
725553
725432
725314
725289
725160
725051
724897
724686
724606
724574
724511
724443
724431
724394
724383
724336
724292
724284
724118
723950
723918
723803
723761
723704
723625
723596
723566
723563
723199
723042
722975
722857
722529
722468
722414
722384
722368
722341
722319
722265
722229
722059
721748
721559
721142
721108
721009
720944
720927
720921
720817
720732
720422
720222
720075
719865
719538
719465
719298
719082
718959
718867
718834
718792
718568
718548
718448
718443
718171
718063
717933
717895
717861
717730
717709
717698
717644
717490
717426
717388
717381
717301
717228
717123
716925
716507
716003
715910
715613
715601
715296
715180
715100
715056
715043
715003
714935
714925
714814
714659
714628
714540
714504
714302
714277
713805
713708
713662
713487
713454
713429
713379
713218
713142
713132
713086
713061
713047
713029
712937
712903
712837
712818
712619
712579
712511
712444
712434
712259
712253
711958
711937
711922
711847
711597
711595
711508
711377
711171
711152
710969
710600
710494
710461
710316
710150
709911
709900
709895
709776
709634
709540
709452
709116
709113
709019
708842
708591
708563
708510
708494
708367
708258
708143
708015
707859
707848
707496
707314
707089
706655
706632
706503
706473
706467
706273
706175
706129
706114
706104
706017
705853
705708
705517
705469
705413
705201
705124
705016
704907
704876
704766
704683
704683
704623
704379
704356
704315
704313
704233
704192
704178
704114
704090
704056
703588
703493
703343
703307
703284
703240
703108
703106
702796
702784
702753
702751
702636
702607
702500
702389
702318
702241
702128
702115
701992
701875
701762
701724
701506
701403
701318
701112
700897
700874
700859
700792
700770
700745
700630
700508
700494
700324
700313
700201
700082
700070
699826
699789
699777
699512
699412
699285
699252
699204
699142
699039
698773
698645
698588
698509
698482
698386
698370
698051
698021
698016
697848
697741
697456
697267
697235
697009
697001
696766
696737
696711
696466
696409
696281
695868
695540
695448
695263
695249
695196
694902
694836
694523
694457
694375
694009
693968
693904
693688
693564
693442
693418
693372
693330
693142
693081
693007
692755
692728
692721
692500
692455
692448
692413
692409
692379
692303
692289
692242
692119
692117
692031
691846
691827
691770
691468
691452
691180
691171
691112
690951
690910
690752
690677
690518
690505
690251
689852
689521
689493
689445
689445
689431
689378
689331
689293
689122
689006
688900
688900
688852
688825
688693
688551
688428
688327
688296
688295
688291
688278
688195
688047
687988
687982
687959
687873
687664
687581
687505
687335
687240
686980
686811
686780
686777
686479
686333
686273
686243
686052
685973
685971
685811
685708
685614
685498
685482
685460
685450
685273
685207
685139
685097
684737
684690
684573
684402
684199
684169
684148
683970
683693
683683
683585
683466
683369
683325
683318
683279
683052
682916
682730
682721
682639
682614
682611
682189
682099
681963
681815
681677
681671
681613
681251
681182
681064
680859
680839
680467
680374
680363
680299
680298
680296
679982
679939
679909
679820
679669
679448
679324
679216
678773
678744
678682
678407
678331
677951
677934
677775
677768
677758
677720
677361
677267
677256
677235
677121
677119
677054
676985
676889
676760
676690
676683
676630
676485
676429
676334
676264
676189
676050
675947
675919
675890
675865
675842
675792
675778
675617
675499
675448
675394
675340
675204
675130
675066
674722
674670
674618
674598
674425
674373
674363
674181
674140
674086
673923
673903
673652
673553
673318
673262
673247
673213
673154
673021
673017
672738
672640
672593
672483
672430
672404
672237
672171
671801
671623
671494
671475
671452
671364
671204
671110
670975
670914
670868
670775
670564
670542
670516
670287
670217
670129
670122
670084
669994
669768
669672
669594
669516
669495
669214
669125
669004
668852
668755
668659
668630
668589
668545
668500
668425
668402
668321
668117
667993
667817
667790
667438
667242
667182
667126
667102
667009
666822
666808
666791
666754
666637
666580
666378
666258
665776
665547
665383
665336
665283
665269
665077
664988
664958
664928
664859
664821
664752
664717
664464
664341
664242
664183
664096
663985
663977
663902
663695
663627
663602
663440
663391
663384
663381
663228
663210
663115
663024
662986
662943
662824
662778
662706
662617
662343
662297
662227
662117
662071
662016
661906
661904
661885
661527
661487
661477
661444
661432
661368
661306
661278
661259
661244
661230
661191
661048
660970
660967
660953
660865
660630
660526
660222
660184
660182
660129
660101
659994
659948
659920
659894
659882
659603
659428
659387
659359
659341
659224
659160
658928
658848
658611
658604
658591
658420
658376
658336
658113
658009
657928
657724
657366
657362
657296
657158
657072
657070
656976
656848
656797
656608
656566
656528
656223
656212
656175
656124
656118
655948
655942
655864
655855
655695
655643
655618
655425
655215
655167
655102
654871
654853
654829
654745
654656
654615
654397
654240
653954
653945
653900
653867
653829
653793
653730
653623
653564
653228
653138
653075
653057
652933
652861
652746
652692
652656
652599
652564
651878
651868
651799
651705
651688
651420
651314
651090
650980
650956
650946
650714
650713
650593
650481
650342
650226
650095
650001
649984
649931
649888
649813
649776
649696
649635
649607
649528
649454
649448
649367
649289
648680
648612
648501
648089
648061
648029
647934
647901
647891
647881
647879
647850
647787
647730
647698
647645
647640
647560
647278
647259
647256
647186
647178
646931
646789
646720
646645
646537
646507
646365
646312
646207
646147
645941
645846
645789
645745
645704
645634
645617
645510
645475
644932
644798
644791
644786
644692
644468
644451
644430
644352
644310
644261
644005
643899
643894
643880
643874
643745
643404
643363
643334
643292
643262
643084
643062
642999
642768
642514
642400
642387
642314
642307
642294
642268
642113
641815
641763
641736
641564
641526
641517
641500
641483
641301
640917
640881
640684
640681
640593
640563
640559
640544
640510
640473
640434
640420
640347
640290
640250
640218
640160
639724
639417
639348
639340
638438
638413
638372
638150
638044
637991
637885
637803
637620
637600
637507
637471
637355
637177
637139
636975
636964
636908
636651
636579
636512
636506
636112
635953
635900
635452
635297
635293
635169
635163
635130
635092
635015
634976
634960
634944
634795
634604
634564
634546
634517
634510
634476
634429
634301
634215
634087
634087
634052
633957
633612
633548
633471
633395
633315
633293
633199
633179
633130
633095
632885
632853
632840
632806
632783
632741
632709
632519
632446
632434
632421
632256
632102
632025
631895
631666
631606
631234
631033
630923
630860
630847
630838
630788
630660
630657
630299
630204
629967
629826
629817
629624
629556
629472
629404
629337
629306
629119
628754
628694
628385
628382
628290
628243
628165
627982
627850
627778
627707
627692
627607
627482
627346
627264
627201
627033
627005
626590
626488
626436
626242
626235
626124
625676
625555
625482
625304
625293
625207
625205
625193
625052
624974
624925
624912
624826
624689
624575
624565
624438
624351
624332
624313
624260
624230
624224
624149
624097
623947
623725
623686
623551
623520
623396
623294
623260
623209
623180
623023
622960
622954
622874
622645
622632
622609
622306
622053
621688
621639
621425
621423
621349
621314
621262
621243
621066
621021
620632
620608
620595
620476
620461
620388
620179
620033
620033
620029
620012
619990
619982
619930
619786
619762
619548
619466
619439
619340
619289
619019
618903
618778
618683
618680
618602
618567
618468
618221
618125
617955
617908
617761
617681
617383
617294
616403
616229
616149
616137
616044
616000
615857
615854
615738
615532
615485
615429
615400
615313
615158
615034
614928
614923
614796
614444
614379
614362
614286
614178
614145
614136
614057
613958
613891
613793
613682
613653
613545
613313
613235
613180
613145
612981
612920
612894
612741
612522
612402
612381
612313
612258
612229
612192
612149
612064
612020
611808
611558
611261
611119
611083
611037
610961
610891
610566
610397
610392
610278
610269
610146
609913
609615
609494
609485
609297
609273
609262
609194
608878
608859
608818
608636
608592
608571
608359
608236
608219
608069
608030
607980
607960
607888
607874
607637
607439
607293
607272
607241
607198
607120
607018
607006
607002
606926
606888
606465
606428
606353
606285
606132
606041
605915
605727
605568
605304
604926
604887
604745
604726
604678
604335
604232
604127
603669
603370
602909
602847
602818
602772
602723
602642
602634
602613
602602
602577
602538
602531
602433
602248
602106
602005
601917
601876
601721
601564
601332
601298
601239
601225
600921
600901
600864
600742
600738
600689
600506
600430
600422
600262
600203
600136
599847
599721
599690
599684
599663
599490
599452
599392
599345
599318
599258
598989
598785
598732
598399
598396
598131
598086
597799
597544
597453
597419
597390
597387
597329
597301
597298
597197
597149
596975
596886
596879
596295
596062
595955
595849
595809
595641
595608
595578
595457
595453
595437
595425
595071
595065
595001
594885
594811
594629
594544
594500
594404
594253
593800
593526
593515
593473
593401
593363
593316
593254
593177
593128
593093
592956
592937
592841
592719
592679
592623
592517
592508
592500
592371
592175
592014
592010
591962
591956
591927
591611
591590
591566
591474
591420
591220
591164
591137
591129
591032
590416
590415
590299
590228
590200
590126
590125
589822
589659
589451
589388
589052
588989
588879
588843
588758
588693
588644
588422
588416
588411
588397
588325
588309
588258
588232
588222
588140
588071
588001
587975
587972
587955
587857
587834
587340
587323
587197
587175
587088
586960
586737
586727
586716
586608
586508
586477
586414
586354
586106
585869
585714
585700
585636
585540
585425
585323
585203
585154
585143
584975
584781
584591
584539
584404
584344
584289
584143
584068
583872
583862
583715
583707
583690
583690
583626
583514
583428
583398
583369
583347
583277
583267
583103
583085
582815
582765
582763
582744
582669
582642
582580
582487
582474
582426
582354
582265
582202
582148
582103
582051
581957
581920
581886
581831
581823
581765
581595
580991
580731
580626
580432
580404
580187
580162
579981
579726
579690
579588
579344
579299
579181
579109
579020
578899
578593
578509
578488
578481
578340
578307
577989
577905
577663
577653
577619
577585
577484
577372
577359
577240
577188
577124
576983
576876
576832
576819
576778
576722
576418
576416
576385
576104
576023
575995
575854
575753
575727
575601
575591
575362
575255
575232
575199
575064
575053
574940
574734
574655
574571
574543
574533
574428
574410
574325
574256
574239
574138
574102
574093
573906
573886
573696
573640
573615
573532
573260
573256
573195
573057
572958
572786
572651
572619
572462
572429
572113
572059
571959
571566
571324
571290
571167
571148
571130
571022
570939
570922
570846
570813
570503
570462
570430
570404
570326
570249
570228
570142
570108
570066
569789
569737
569576
569550
569465
569392
569224
568938
568834
568761
568650
568622
568550
568535
568471
568392
568226
568184
568176
568002
567893
567875
567683
567673
567657
567464
567365
567214
566934
566932
566890
566793
566753
566729
566724
566713
566693
566597
566523
565953
565918
565895
565888
565822
565819
565752
565705
565675
565500
565499
565485
565301
565269
565199
565166
565057
565049
565011
564965
564643
564495
564443
564393
564383
564288
564218
564016
563952
563864
563735
563710
563708
563535
563297
563063
563048
563021
562879
562862
562704
562649
562640
562535
562485
562433
562368
562359
562336
562213
562161
562136
562120
562099
561926
561823
561823
561714
561700
561432
561383
561378
561350
561313
561277
561207
560913
560905
560891
560779
560735
560641
560618
560581
560546
560504
560431
560427
560347
560161
560115
560111
559877
559781
559768
559704
559507
559184
558980
558803
558689
558685
558630
558616
558611
558498
558213
558172
558097
557983
557911
557846
557780
557744
557043
556992
556976
556921
556894
556888
556832
556829
556460
556343
556297
555958
555860
555742
555689
555660
555638
555595
555532
555454
555198
555183
555160
555157
555045
554915
554909
554670
554611
554497
554406
554373
554359
554349
554035
553760
553721
553701
553141
553043
552997
552733
552620
552594
552593
552402
552392
552300
552222
552192
552188
551824
551771
551285
551237
551180
551123
551006
550919
550904
550774
550716
550690
550610
550413
550345
550210
550137
550015
549992
549981
549947
549878
549745
549724
549711
549575
549523
549405
549258
549107
549031
548978
548856
548835
548505
548471
548201
548006
547909
547815
547810
547799
547736
547582
547554
547444
547428
547390
547279
547135
547130
547078
547051
546970
546888
546791
546742
546720
546680
546468
546420
546306
545921
545884
545798
545731
545611
545532
545500
545443
545391
545135
545020
544968
544684
544675
544441
544273
544255
544131
543688
543562
543523
543495
543058
543056
543020
543019
542893
542523
542245
541624
541564
541341
541291
541234
540722
540631
540385
540135
540124
540117
540078
539958
539955
539654
539642
539462
539424
539421
539336
539318
539240
539211
539130
539112
539065
538991
538646
538569
538430
538269
538189
538123
537995
537990
537956
537930
537901
537873
537757
537517
537299
537251
537226
537224
537183
537180
536993
536981
536978
536910
536822
536817
536668
536638
536510
536247
536040
535953
535828
535818
535701
535486
535387
535269
535036
535000
534750
534686
534681
534333
534314
533982
533941
533934
533827
533694
533631
533556
533524
533484
533377
533050
532710
532641
532566
532500
532483
532260
532225
532128
532004
531960
531857
531737
531695
531549
531395
531361
531260
531240
530945
530876
530812
530778
530773
530748
530738
530696
530671
530561
530503
530372
530343
530243
530175
530168
530098
530073
529582
529562
529469
529278
528921
528777
528743
528670
528327
528302
528133
528053
527897
527668
527543
527338
527300
527241
527119
526956
526920
526765
526709
526443
526388
526127
526113
525882
525863
525790
525746
525500
525484
525367
525199
525170
525154
525116
525075
524519
524508
524501
523893
523814
523704
523612
523556
523509
523503
523272
523252
523199
523149
523068
522866
522849
522728
522719
522701
522534
522043
521951
521784
521636
521618
521411
521340
521260
521039
520918
520760
520724
520638
520578
520459
520438
520435
520375
520323
520294
520233
520172
520017
519989
519980
519937
519239
519133
519110
519027
518984
518909
518545
518377
518227
518201
518121
518092
517979
517916
517782
517705
517611
517602
517524
517333
517324
517273
517162
517160
516990
516956
516929
516831
516820
516685
516601
516598
516533
516458
516417
516378
516226
516106
515985
515950
515845
515522
515464
515173
515025
514994
514920
514778
514778
514762
514421
514140
514137
514082
513964
513909
513859
513806
513678
513567
513528
513383
513330
513315
513280
513225
513142
513117
513051
513023
512936
512799
512786
512777
512702
512590
512400
512369
512326
512233
511952
511896
511846
511799
511726
511695
511498
511400
511294
511155
511049
510916
510888
510811
510800
510638
510636
510539
510519
510478
510325
510306
510292
510277
509832
509517
509283
508802
508749
508740
508696
508566
508448
508061
507864
507810
507768
507687
507685
507597
507570
507241
507059
507003
506999
506985
506940
506912
506821
506735
506712
506474
506453
506254
505994
505964
505954
505757
505695
505644
505634
505568
505364
505093
505049
505007
504946
504842
504834
504761
504720
504683
504589
504585
504573
504509
504430
504427
504212
504192
503981
503941
503730
503702
503275
503245
502978
502795
502773
502735
502516
502414
502386
502316
502088
502036
501829
501794
501766
501556
501456
501445
501416
501282
501234
501169
501165
501016
500766
500765
500605
500582
500495
500491
500398
500392
500110
499772
499659
499579
499460
499451
499404
499224
499205
499148
499060
498796
498780
498649
498507
498472
498423
498409
498266
498158
498020
497932
497828
497636
497633
497467
497422
497169
496881
496826
496818
496687
496684
496641
496483
496436
496335
496332
496247
496180
496166
495838
495773
495771
495670
495527
495268
495181
495127
495078
495067
494998
494743
494728
494705
494700
494694
494653
494631
494435
494427
494367
494189
494172
493833
493288
493181
493075
493071
492903
492700
492653
492501
492407
492369
492331
491853
491709
491403
491335
491308
491182
491158
490977
490919
490830
490789
490647
490610
490409
490307
490193
490182
490133
489813
489806
489773
489731
489730
489617
489340
489004
488966
488771
488732
488732
488665
488445
488397
488272
488228
488196
488163
488154
488088
488065
488042
488010
487979
487861
487656
487618
487452
487446
487418
487251
487032
487002
486826
486671
486549
486297
486273
486072
486058
485934
485740
485663
485602
485451
485361
485272
485200
484861
484787
484757
484601
484584
484293
484252
483850
483669
483614
483598
483440
483378
483371
483368
483223
483210
483006
482961
482675
482556
482416
482240
482220
482078
481957
481931
481871
481838
481802
481718
481485
481250
481219
481148
481139
480910
480831
480541
480421
480396
480386
480350
480330
480276
480223
480080
479968
479644
479540
479523
479078
479049
478865
478641
478273
478101
477889
477830
477719
477650
477416
477329
477317
477264
477133
477014
476784
476731
476604
476424
476280
476056
475994
475984
475980
475965
475879
475707
475673
475508
475385
475316
475225
475130
475041
474777
474709
474424
474073
473925
473712
473601
473495
473475
473271
473080
472999
472880
472256
472251
472187
472147
472038
471864
471708
471702
471636
471471
471247
471198
471186
471152
471127
471084
470948
470921
470860
470700
470457
470438
470400
470329
470119
470026
469744
469690
469597
469543
469542
469524
469509
469242
469177
469167
469050
469045
469004
468820
468816
468695
468619
468596
468525
468335
468262
468132
467959
467909
467765
467760
467740
467740
467728
467726
467641
467538
467531
467521
467307
467296
467105
467019
466739
466691
466649
466522
466522
466392
466226
466223
465999
465930
465812
465772
465727
465678
465649
465619
464947
464939
464863
464850
464793
464695
464614
464574
464448
464337
464270
464063
463962
463744
463487
463443
463392
463176
462998
462943
462924
462757
462727
462637
462629
462547
462491
462488
462488
462471
462367
462123
462061
461996
461985
461963
461778
461762
461734
461696
461622
461589
461436
460928
460912
460865
460822
460727
460707
460547
460336
460266
460198
460081
460076
459897
459794
459739
459610
459517
459404
459401
459211
459139
459125
459121
459003
458882
458865
458755
458630
458614
458553
458451
458450
458441
458337
458245
458217
458047
457916
457809
457769
457462
457445
457431
457322
457249
457189
457076
457064
457028
456866
456755
456707
456589
456348
456332
456231
456218
456090
455929
455907
455895
455865
455673
455573
455564
455476
455462
455460
455360
455067
454948
454921
454899
454877
454768
454610
454575
454500
454249
454113
453945
453295
453248
453029
453010
452827
452818
452728
452646
452392
452333
452290
452193
452132
452081
452051
452049
451938
451919
451857
451821
451739
451656
451595
451461
451346
451242
451150
451116
451079
450911
450762
450743
450742
450509
450457
450109
450047
449993
449844
449548
449533
449407
449393
449300
449227
449179
449152
449038
448813
448477
448452
448303
448223
448173
448070
448069
447930
447847
447712
447708
447664
447373
447268
447244
447218
447201
447110
446732
446505
446210
446143
446083
446061
445859
445821
445739
445736
445667
445609
445591
445561
445557
445484
445382
445322
445209
445094
445090
445079
445073
445023
444986
444969
444947
444896
444782
444737
444685
444400
444345
444066
443913
443832
443549
443297
442917
442878
442744
442636
442369
442337
442310
442139
442079
441959
441924
441900
441750
441687
441609
441486
441296
440726
440628
440601
440541
440303
440230
440172
440168
440041
439821
439757
439755
439751
439728
439486
439316
439115
438937
438879
438699
438627
438623
438526
438435
438414
438125
438081
438007
437793
437787
437764
437757
437541
437475
437464
437448
437273
437271
437185
437168
437073
437050
436841
436769
436573
436535
436494
436325
436203
436098
435690
435574
435499
435434
435335
435212
435057
434897
434836
434803
434531
434251
434149
434009
433905
433849
433759
433749
433744
433711
433679
433602
433598
433316
433310
433308
432663
432644
432629
432617
432413
432301
432286
432201
432167
432035
431917
431743
431543
431449
431408
431384
431164
431008
430880
430802
430641
430321
430290
430193
430026
429915
429845
429766
429722
429595
429458
429456
429394
429381
429295
429240
429240
429095
429089
429016
428996
428791
428785
428768
428636
428433
428329
428323
428322
428160
428126
428104
428059
427933
427920
427845
427840
427789
427742
427701
427194
427190
427174
426981
426954
426916
426874
426834
426622
426465
426436
426394
426178
426018
426010
425990
425889
425855
425842
425828
425791
425687
425575
425488
425485
425453
425333
425252
425132
425117
424976
424871
424781
424624
424567
424358
424323
424215
424206
424131
423953
423916
423895
423851
423740
423681
423658
423653
423579
423457
423438
423361
423318
423303
423271
423218
423160
423092
423077
423029
422854
422462
422355
422242
422230
422211
422208
422064
422048
421992
421973
421967
421825
421745
421607
421560
421496
421346
421307
421301
421227
420922
420842
420808
420740
420611
420574
420480
420387
420376
420305
420289
420240
420153
420142
420044
419871
419757
419728
419520
419388
419331
419216
419136
419049
418925
418920
418793
418780
418599
418553
418351
418316
418096
417971
417849
417762
417728
417684
417504
417465
417195
417107
416977
416917
416773
416696
416593
416470
416466
416461
416412
416376
416364
416363
416361
416351
416226
416068
416051
415981
415927
415831
415546
415519
415354
415103
415034
415028
414942
414849
414816
414738
414723
414669
414333
414117
413969
413921
413824
413805
413613
413606
413446
413122
413058
413008
412508
412427
412392
412305
412128
412087
412061
411990
411866
411584
411460
411457
411357
411330
411330
411303
411203
411185
411170
411092
411073
411011
410844
410651
410635
410559
410381
410304
410244
410163
410159
410105
409927
409900
409869
409675
409581
409527
409402
409262
409163
409023
408744
408705
408660
408660
408649
408645
408622
408575
408416
408299
408213
408139
407941
407853
407826
407696
407572
407557
407420
407374
407324
407270
407178
407160
407056
407018
406944
406707
406685
406654
406654
406610
406567
406532
406478
406414
406200
405968
405961
405616
405601
405375
405342
405218
405199
405127
405052
404984
404896
404735
404653
404574
404513
404258
404071
403946
403767
403709
403673
403663
402979
402969
402883
402611
402453
402330
402295
402222
402179
402045
401787
401577
401486
401386
401158
400692
400473
400427
400419
400315
400297
400013
399931
399915
399902
399885
399843
399812
399717
399682
399406
399337
399093
399073
399056
399032
398678
398388
398362
398319
398231
398222
398206
398112
398022
398018
397782
397676
397591
397399
397307
397280
397271
397225
396850
396806
396717
396697
396679
396527
396458
396426
396332
396292
396260
395927
395844
395740
395731
395594
395486
395286
395244
395070
394821
394698
394479
394432
394407
394383
394330
394310
394222
394193
394114
394008
393750
393626
393592
393519
393482
393357
392986
392947
392929
392891
392855
392814
392751
392689
392634
392619
392605
392328
392224
392151
392124
391825
391761
391680
391646
391430
390579
390452
390375
390319
390179
390083
389970
389860
389850
389593
389572
389560
389537
389515
389463
389424
389167
389113
389033
388693
388610
388452
388418
388340
388226
388151
388116
388106
388086
387951
387915
387771
387698
387656
387645
387606
387568
387468
387271
387186
387028
386972
386948
386941
386836
386761
386726
386629
386628
386584
386477
386470
386371
386357
386244
386049
386021
385902
385886
385854
385849
385798
385775
385483
385390
385387
385135
385065
384950
384815
384691
384516
384505
384430
384318
384155
384145
384117
384113
383747
383533
383508
383464
383420
383414
383388
383263
383223
383165
383134
383079
382973
382959
382932
382880
382803
382658
382513
382473
382306
382297
382214
382190
381830
381666
381659
381617
381607
381562
381477
381362
381050
381016
380995
380891
380679
380615
380554
380544
380508
380384
380198
380171
380056
379796
379701
379435
379397
379391
379315
379272
378879
378869
378865
378802
378672
378668
378637
378627
378550
378530
378446
378446
378380
378277
378174
378145
377940
377901
377745
377690
377607
377587
377569
377568
377530
377506
377461
377402
377387
377321
377233
377184
377173
377091
376951
376400
376149
376044
376021
375978
375970
375953
375925
375854
375608
375606
375530
375439
375380
375333
375238
375233
374774
374547
374389
374375
374335
374299
374048
373923
373786
373771
373712
373647
373579
373505
373445
373395
373386
373331
373310
373069
373007
372815
372799
372727
372338
372255
372158
372093
371951
371787
371654
371430
371345
371338
371257
371231
371144
370852
370814
370781
370780
370652
370445
370264
370241
370227
370178
369947
369872
369831
369815
369773
369657
369602
369600
369191
369172
369128
368854
368826
368679
368582
368302
368179
368058
367959
367832
367826
367658
367617
367607
367483
367440
367300
367247
367170
367161
367083
367007
366927
366824
366747
366711
366549
366525
366376
366064
365818
365787
365718
365708
365633
365618
365589
365464
365333
365255
365232
365173
365102
365059
364837
364835
364672
364484
364175
364147
363970
363965
363954
363900
363896
363875
363845
363696
363593
363506
363464
363369
363298
363186
363179
363175
363109
363058
363038
362882
362874
362814
362717
362657
362600
362592
362553
362537
362534
362531
362502
362387
362380
362244
362126
361836
361514
360999
360871
360782
360708
360687
360644
360550
360431
360360
360339
360206
360121
360116
360090
360088
359986
359912
359768
359580
359462
359446
359416
359383
359352
359139
359105
358946
358939
358779
358765
358709
358481
358410
358135
358103
357996
357699
357653
357532
357531
357470
357458
357414
357407
357369
357182
357165
357153
357120
356942
356539
356493
356441
356349
356299
355850
355826
355684
355598
355576
355458
355304
355293
355064
355024
354831
354777
354623
354452
354436
354368
354292
354275
354170
354160
354145
354099
353988
353853
353829
353711
353623
353540
353263
353203
353126
353064
352945
352747
352696
352552
352506
352248
352061
351605
351558
351516
350928
350894
350818
350647
350602
350492
350344
350318
350088
349766
349655
349537
349405
349334
349275
349160
349120
349064
348896
348735
348626
348371
348333
348220
348129
348122
348025
347986
347682
347676
347599
347319
347201
347016
346834
346727
346661
346655
346363
346314
346241
346225
346195
346193
345946
345912
345692
345525
345445
345330
345288
345236
345210
344861
344710
344631
344606
344567
344270
344122
344121
344085
343936
343873
343832
343772
343521
343477
343451
343416
343199
343142
342948
342924
342692
342660
342619
342613
342512
342125
342026
341898
341880
341659
341597
341296
341061
340853
340820
340682
340536
340324
340307
340243
340208
340015
339974
339723
339668
339578
339443
339399
339182
339164
339022
338980
338979
338827
338631
338580
338561
338529
338502
338438
338362
338331
338287
338278
338250
338198
338148
338143
338138
337952
337915
337895
337668
337486
337335
337221
337175
337158
337096
336865
336764
336751
336745
336722
336665
336616
336421
336372
336309
336048
335951
335941
335762
335722
335584
335532
335524
335478
335466
335239
335176
334937
334860
334471
334313
334295
334021
333893
333798
333687
333578
333452
333249
333180
333122
333119
333051
333041
333009
332832
332794
332622
332535
332495
332482
332449
332403
332393
332303
332212
332026
332016
331886
331599
331489
331396
331244
331191
331028
330955
330906
330436
330335
330260
330220
330048
330001
329801
329723
329620
329493
329448
329288
329286
329223
329197
329000
328987
328911
328878
328864
328834
328810
328797
328702
328259
328196
327998
327954
327758
327707
327689
327654
327625
327605
327567
327515
327459
327104
327081
326998
326968
326866
326842
326721
326560
326540
326509
326502
326394
326315
326142
326133
326106
326104
325737
325498
325479
325334
325192
325154
325134
325068
324998
324945
324898
324813
324702
324528
324507
324360
324213
324197
323976
323872
323847
323810
323728
323663
323552
323452
323332
323228
323167
322766
322696
322663
322634
322545
322431
322416
322298
322156
322063
321728
321716
321685
321598
321514
321424
321129
321101
321068
321046
320847
320587
320581
320568
320535
320518
320185
319883
319747
319744
319578
319563
319446
319085
318959
318886
318864
318498
318436
318329
318307
318278
318090
318010
317999
317951
317937
317772
317604
317393
317207
317135
317060
316860
316780
316722
316674
316494
316466
316429
316248
316180
316153
316119
316028
315897
315810
315727
315691
315676
315582
315479
315454
315327
315310
315282
315152
315094
315069
315059
315042
314933
314915
314862
314840
314704
314585
314519
314336
314183
313919
313839
313638
313586
313576
313445
313197
313140
313057
312954
312931
312912
312763
312506
312468
312445
312309
312307
312117
312058
311928
311878
311836
311755
311644
311624
311530
311527
311405
311280
311219
311218
311077
311042
310991
310889
310871
310865
310821
310743
310705
310671
310617
310471
310454
310421
310376
310258
310248
310188
310165
309967
309908
309584
309506
309338
309170
309044
308892
308859
308836
308620
308574
308302
308081
308051
307857
307794
307724
307451
307447
307273
307265
307216
307045
306957
306707
306613
306613
306552
306517
306469
306400
306312
306304
306094
305906
305440
305429
305396
305331
305186
304989
304963
304925
304872
304808
304789
304738
304584
304538
304450
304401
304334
304142
304109
304061
304024
303994
303932
303741
303707
303638
303575
303054
302961
302957
302810
302772
302747
302738
302730
302638
302489
302467
302458
302258
302214
302135
302120
302085
302004
301963
301839
301795
301661
301585
301530
301443
301084
301000
300804
300804
300739
300709
300656
300600
300318
300253
300194
300122
300057
300039
300008
299952
299886
299679
299666
299611
299483
299458
299325
299230
299195
299101
298791
298745
298595
298543
298435
298034
298000
297535
297512
297480
297449
297224
297180
297098
297005
296992
296904
296633
296438
296398
296342
296241
296166
296139
296123
296059
296025
296006
295999
295651
295556
295399
295347
295294
295141
295001
294915
294883
294873
294557
294383
294365
294334
294292
294289
294289
293944
293865
293854
293698
293651
293636
293595
293526
293463
293227
293225
293107
292937
292756
292580
292557
292552
292452
292429
292396
292287
292163
292160
292080
292072
291801
291690
291638
291606
291505
291469
291236
291173
291098
291077
290890
290766
290618
290524
290375
290304
290287
290285
290237
290216
290181
290093
289948
289911
289862
289798
289587
289480
289341
289167
289133
289036
288969
288964
288800
288766
288759
288670
288661
288574
288501
288452
288423
288422
288357
288236
288225
288036
288025
287896
287675
287316
287309
287271
287103
286887
286866
286734
286500
286495
286485
286364
286311
286303
286018
285975
285961
285925
285923
285757
285484
285348
285342
285062
285047
284976
284901
284840
284760
284387
284381
284343
284135
283897
283874
283852
283682
283356
283319
283282
283218
282883
282701
282529
282511
282280
282161
282009
281991
281967
281663
281609
281595
281379
281371
281345
281085
280911
280847
280740
280648
280640
280636
280635
280622
280605
280267
280202
280121
280030
279984
279940
279916
279837
279803
279765
279713
279698
279627
279421
279295
279229
279208
278996
278963
278894
278867
278837
278812
278660
278638
278633
278512
278511
278333
278286
278270
278175
277896
277646
277534
277517
277505
277387
277217
277204
277185
277146
277055
276969
276940
276927
276910
276612
276466
276388
276378
276298
276270
276219
276174
276152
276031
275913
275790
275678
275503
275325
275249
275189
275046
274908
274727
274718
274675
274298
274068
274063
274043
273989
273856
273843
273832
273765
273756
273730
273525
273009
273004
272980
272706
272702
272668
272346
272310
272243
272198
272073
271857
271796
271773
271722
271533
271511
271429
271304
271298
271251
271047
270875
270814
270707
270649
270615
270548
270529
270516
270470
270374
270290
270285
270256
269755
269589
269380
268956
268932
268865
268598
268591
268521
268443
268388
268204
268164
267866
267698
267640
267630
267616
267506
267428
267412
267355
267273
267071
266637
266482
266423
266361
266340
266296
266216
266021
266006
265944
265932
265912
265897
265809
265776
265761
265485
265374
265280
265030
264997
264960
264713
264697
264586
264334
264333
264245
264180
264039
264038
263972
263912
263668
263504
263484
263177
263154
263080
263066
262908
262905
262832
262655
262598
262595
262549
262470
262243
262039
262000
261995
261980
261930
261913
261847
261752
261514
261478
261448
261357
261316
261286
261246
261146
261005
260898
260867
260850
260726
260713
260611
260245
260221
259914
259890
259776
259740
259617
259448
259446
259254
259206
259172
259025
258795
258615
258540
258540
258313
258236
258192
258176
258171
258115
258073
258035
258015
257820
257818
257708
257581
257472
257300
257059
257007
256797
256782
256688
256615
256579
256541
256337
256295
256252
256196
256189
256100
255887
255866
255504
255465
255395
255369
255327
255324
254929
254919
254531
254498
254470
254281
254075
254069
254038
253985
253925
253867
253845
253756
253576
253539
253505
253409
253212
253158
253149
252952
252694
252646
252570
252510
252401
252365
252181
252176
252169
252120
251906
251906
251759
251750
251679
251648
251445
251442
251414
251387
251266
251123
250908
250886
250839
250776
250748
250411
250284
250058
249962
249931
249830
249564
249501
249165
249161
249008
248911
248767
248723
248657
248549
248530
248438
248262
248113
248100
247931
247854
247800
247461
247307
247267
247190
247138
247058
246815
246769
246674
246580
246556
246486
246455
246310
246183
246165
246065
245975
245923
245896
245873
245731
245672
245602
245543
245350
245339
245269
245203
245087
244836
244818
244813
244777
244667
244558
244382
244325
243961
243802
243704
243672
243661
243598
243568
243505
243496
243482
243382
243155
243150
243033
242886
242763
242678
242604
242406
242089
241875
241728
241620
241292
241278
241076
241073
241054
240991
240900
240747
240662
240522
240507
240305
240204
240092
239993
239802
239523
239339
239300
239209
239200
239191
239131
239126
238993
238874
238792
238515
238383
238311
238200
238016
237985
237832
237727
237584
237579
237483
237424
237308
237143
237024
236995
236952
236706
236638
236633
236615
236583
236506
236430
236375
236206
236047
235964
235872
235723
235675
235499
235470
235340
235311
235122
234874
234734
234469
234252
234181
234174
234017
233931
233928
233914
233656
233557
233452
233356
233306
233225
233064
232994
232988
232958
232938
232870
232862
232633
232327
232322
232279
232063
232034
231956
231949
231784
231670
231562
231102
231081
230938
230650
230444
229895
229694
229595
229355
229256
229187
229068
229021
228826
228722
228607
228601
228446
228444
228439
228413
228302
228209
228050
227942
227895
227889
227706
227664
227579
227563
227378
227254
227244
227164
226907
226896
226878
226777
226763
226736
226644
226604
226531
226529
226386
226312
226147
226110
226107
226052
226029
225926
225792
225609
225496
225488
225240
225034
225002
224993
224985
224974
224954
224788
224724
224694
224609
224538
224320
224299
224226
224101
224075
224039
223942
223828
223750
223704
223656
223487
223476
223465
223309
223116
223003
222948
222801
222717
222602
222559
222523
222515
222436
222162
222149
222094
222024
222018
222015
222010
222004
221921
221688
221625
221606
221423
221209
221155
220667
220566
220531
220442
220385
220221
220181
220155
220010
219938
219924
219852
219749
219657
219558
219481
219467
219338
219161
219027
219022
218972
218946
218796
218749
218702
218504
218500
218474
218398
218312
218306
218277
217967
217948
217940
217745
217718
217697
217531
217517
217508
217249
217222
217177
217152
217091
217087
217012
216993
216771
216632
216487
216428
216343
216252
216174
216137
215930
215866
215780
215718
215620
215619
215510
215395
215361
215167
215060
214914
214869
214854
214746
214688
214618
214561
214350
214342
214032
213975
213891
213795
213735
213723
213614
213591
213361
213301
213177
213143
212949
212813
212505
212479
212437
212309
212291
212144
211983
211835
211513
211406
211314
211227
211188
210976
210946
210937
210831
210624
210525
210457
210133
210078
210063
209943
209915
209852
209687
209521
209183
209053
209047
208971
208814
208611
208602
208581
208558
208418
208409
208369
208130
208098
207812
207778
207731
207687
207677
207437
207131
207112
206962
206925
206877
206715
206700
206654
206647
206630
206525
206507
206406
206363
206258
205941
205862
205862
205607
205563
205553
205533
205299
205267
205046
204925
204873
204846
204845
204764
204748
204453
204419
204304
204239
204213
204180
204156
204120
204119
203853
203775
203577
203497
203488
203462
203353
203333
203273
203179
203127
202922
202809
202716
202638
202345
202167
202162
202051
201692
201516
201509
201254
201178
201176
201149
201110
201096
201074
200962
200924
200681
200623
200554
200531
200309
200229
200014
200007
199588
199581
199456
199414
199203
199169
199092
199091
198998
198922
198642
198595
198298
198261
198221
198207
198203
198064
198012
197946
197880
197860
197673
197386
197302
197170
197062
197033
197000
196743
196732
196542
196537
196434
196339
196247
196192
195922
195798
195690
195637
195556
195486
195389
195346
195327
195258
195248
195225
194817
194772
194624
194430
194406
194145
194022
193986
193921
193797
193754
193609
193585
193568
193494
193404
193300
193183
192989
192984
192929
192856
192835
192803
192676
192652
192562
192528
192494
192490
192245
192183
192153
192093
191942
191678
191573
191402
191081
191029
190793
190575
190489
190274
190216
190089
190030
189943
189808
189765
189405
189367
189300
189298
189290
189248
189208
189027
188847
188807
188784
188759
188756
188335
188312
188214
188197
188158
188158
187925
187821
187781
187703
187689
187646
187589
187569
187456
187401
187392
187378
187296
187290
187242
187116
186968
186620
186593
186555
186391
186324
186174
186131
186116
186081
186075
185713
185554
185454
185385
185339
185322
185213
185116
185078
184996
184989
184800
184773
184712
184629
184133
184113
184038
184022
184013
183959
183719
183664
183641
183436
183390
183348
183163
182972
182895
182839
182791
182779
182735
182726
182726
182550
182460
182427
182409
182336
182230
182095
182072
181946
181860
181815
181721
181338
181223
181156
181021
180804
180682
180666
180640
180533
180494
180416
180189
180161
179981
179933
179912
179781
179781
179774
179311
179280
179050
179008
178655
178603
178517
178375
178249
178185
178011
177977
177834
177677
177608
177417
177411
177337
177315
177010
176829
176598
176519
176401
176302
176264
176242
176141
176001
175928
175726
175655
175619
175397
175316
174929
174857
174513
174349
174307
174078
173954
173718
173641
173620
173559
173457
173407
173272
173089
172961
172691
172664
172656
172653
172433
172276
172129
171896
171877
171867
171826
171690
171562
171557
171043
170931
170792
170502
170408
170374
170357
170171
170123
169933
169903
169875
169801
169700
169509
169464
169441
169323
169061
168955
168874
168760
168566
168442
168140
168075
167969
167819
167799
167774
167522
167459
167316
167314
167129
167084
166960
166783
166638
166632
166598
166496
166375
166168
165978
165968
165776
165684
165586
165468
165304
165232
165135
164928
164902
164892
164850
164827
164604
164506
164324
164278
164250
164054
164018
164000
163941
163902
163799
163660
163597
163473
163437
163389
163353
163056
162955
162650
162494
162439
162342
162212
162211
162147
162032
161930
161676
161669
161450
161331
161044
160859
160275
160139
160088
160000
159969
159966
159927
159868
159678
159485
159470
159334
159287
159280
159084
159051
158905
158904
158883
158747
158429
158421
158402
158382
158242
158094
158085
158058
158001
157971
157839
157744
157483
157471
157417
157279
157182
157124
157071
156750
156741
156597
156568
156468
156418
156405
156169
156091
156040
155942
155719
155669
155575
155549
155500
155471
155353
155269
155234
155224
155215
154904
154637
154621
154464
154461
154434
154415
154378
154244
154181
154099
153976
153933
153867
153765
153679
153600
153409
153384
153301
153115
153005
152910
152861
152855
152798
152769
152526
152492
152225
152223
152155
152119
152107
152090
152090
151533
151458
151182
151154
151129
150995
150994
150962
150913
150845
150774
150685
150604
150557
150555
150426
150403
150093
150084
149926
149798
149794
149758
149651
149615
149563
149380
149330
149289
149284
149228
149081
149031
149027
148926
148814
148799
148668
148655
148642
148630
148591
148484
148400
148342
148306
147780
147774
147601
147599
147379
147294
147266
147202
147155
147100
147073
147049
147037
146919
146905
146868
146796
146784
146749
146415
146318
146279
146115
146039
145935
145888
145800
145754
145727
144948
144783
144743
144721
144614
144370
144257
144233
144134
144079
144019
143873
143624
143493
143476
143197
143108
143020
142950
142873
142802
142708
142692
142623
142225
142036
142008
141852
141821
141748
141672
141635
141531
141430
141294
141278
141244
141068
140947
140878
140747
140724
140478
139946
139910
139572
139502
139454
139293
138947
138941
138904
138886
138806
138588
138329
138293
138258
138239
137955
137938
137814
137813
137690
137588
137507
137337
136873
136804
136784
136756
136533
136494
136388
136372
136320
136109
136068
136043
135883
135784
135770
135745
135555
135397
135281
135038
135028
134575
134574
134495
134283
134265
133877
133788
133687
133679
133293
132931
132916
132571
132535
132279
132181
132046
131976
131897
131847
131783
131575
131505
131453
131442
131440
131375
131342
131136
131059
130717
130715
130680
130414
130304
130074
129986
129953
129889
129851
129799
129543
129228
129182
129167
129108
129065
128946
128795
128741
128625
128609
128548
128476
128437
128345
128109
128038
127760
127586
127551
127308
127282
126904
126719
126609
126544
126164
125961
125961
125911
125827
125566
125497
125116
125099
124922
124812
124477
124413
124403
124217
124138
124133
124030
123962
123937
123595
123534
123486
123323
123296
123258
123146
123106
122936
122760
122277
122155
122079
122054
122053
121998
121974
121964
121727
121713
121708
121641
121416
121386
121166
121136
121088
120965
120837
120614
120515
120344
120310
120183
119659
119642
119603
119602
119498
119467
119427
119352
118935
118881
118836
118820
118747
118708
118659
118478
118466
118447
118290
118229
118214
118209
118004
117798
117646
117450
117218
117146
116859
116790
116719
116628
116618
116447
116431
116422
115966
115952
115556
115541
115403
115173
115049
114961
114829
114619
114576
114501
114434
114387
114330
114123
114049
113977
113879
113812
113614
113567
113491
113489
113391
113363
113316
113287
113284
113265
113234
112956
112933
112829
112750
112654
112634
112475
112441
112211
112066
111979
111902
111837
111814
111809
111668
111648
111461
111406
111387
111366
111228
111102
110966
110957
110893
110790
110785
110627
110578
110560
110482
110259
110205
110118
109893
109787
109747
109726
109647
109523
109499
109397
109350
109281
109149
109126
109091
109083
109061
109055
108749
108225
108188
108039
107707
107574
107539
107514
107380
107367
107138
107010
106949
106948
106888
106418
106316
106169
106059
106051
105918
105855
105850
105810
105473
105162
105092
105026
104732
104684
104628
104627
104623
104598
104570
104510
104253
104193
104192
104010
104008
103932
103862
103827
103599
103447
103446
103409
103384
103343
103236
103061
103037
103011
102985
102670
102593
102579
102570
102479
102427
102198
102178
102174
102169
102145
102121
101761
101752
101628
101623
101610
101598
101364
101358
101323
101175
100777
100714
100656
100601
100468
100462
100339
100239
100227
100214
100051
99935
99848
99762
99735
99671
99660
99563
99501
99286
99285
98838
98675
98321
98212
98206
98011
97948
97803
97672
97403
97067
96965
96951
96838
96751
96596
96507
96506
96496
96449
96265
96202
96114
96109
96070
96043
96018
95906
95730
95650
95643
95638
95539
95164
95154
95147
95130
95108
95050
95042
94999
94967
94951
94873
94832
94635
94395
94337
94172
94118
94082
93949
93903
93880
93791
93535
93470
93231
93079
93079
93069
92993
92982
92947
92672
92488
92473
92114
91951
91858
91772
91649
91547
91256
91123
91060
91045
90968
90892
90853
90722
90682
90662
90410
90103
90082
89987
89941
89890
89848
89629
89466
89286
89275
89245
89211
89079
88889
88882
88860
88742
88631
88579
88558
88159
88057
88052
87879
87824
87798
87772
87758
87732
87589
87537
87458
87350
87312
87191
87184
87161
87026
86961
86647
86613
86392
86132
85838
85794
85636
85379
85161
85117
85052
85003
84985
84974
84731
84708
84639
84482
84390
84360
84340
84289
84193
84122
84090
84061
84016
83940
83814
83776
83520
83470
83380
82882
82817
82796
82588
82586
82237
82118
81296
81287
81257
80798
80788
80522
80440
80418
80349
80241
80229
80228
80175
79942
79848
79814
79799
79679
79356
79292
78951
78868
78609
78592
78535
78458
78260
78246
78196
77866
77840
77765
77740
77659
77556
77260
77238
77195
77180
77167
76901
76880
76780
76667
76464
76196
76155
76154
76096
75847
75769
75765
75631
75490
75398
75179
75078
74914
74784
74714
74695
74540
74433
74396
74125
73915
73844
73816
73800
73794
73686
73574
73480
73417
73391
73076
73006
72834
72783
72610
72485
72368
72162
72056
72048
71987
71857
71835
71822
71807
71782
71555
71540
71367
71256
71087
70855
70850
70843
70801
70789
70739
70725
70691
70687
70570
70507
70458
70308
70209
70192
70165
70053
69933
69688
69625
69482
69443
69336
69102
68893
68844
68826
68797
68761
68723
68579
68577
68489
68417
68325
68021
67371
67266
67119
66927
66784
66633
66497
66469
66102
65852
65844
65787
65153
65124
65072
65026
64905
64904
64815
64747
64669
64669
64415
64342
64144
64081
64065
64061
64058
64017
63911
63825
63798
63797
63788
63752
63675
63329
63307
63268
63263
63215
63146
63127
63044
62532
62436
62307
62092
62026
62009
61916
61909
61677
61578
61577
61453
61357
61298
61096
60899
60850
60751
60740
60684
60655
60589
60509
60408
60209
60087
60066
59984
59880
59838
59768
59760
59745
59555
59411
59309
59288
59126
59084
58842
58800
58730
58701
58453
58187
58032
58011
57564
57549
57347
57340
57245
57217
57023
56923
56902
56848
56650
56579
56526
56417
56255
56245
56114
55945
55853
55699
55675
55492
55387
55364
55347
55253
55245
55212
55152
55105
54783
54640
54606
54461
54029
53998
53725
53676
53581
53496
53303
53249
53218
53214
53197
53116
52960
52951
52598
52578
52425
52380
52023
51875
51804
51798
51614
51334
51283
51181
50948
50409
50246
50051
49948
49917
49904
49804
49716
49530
49481
49326
49319
49134
49113
49076
49007
48802
48677
48657
48577
48500
48477
48470
48366
48363
48158
47622
47615
47530
47523
47512
47369
47366
47349
47127
47049
46991
46863
46740
46658
46541
46328
46254
46222
46116
45983
45956
45947
45656
45531
45526
45375
45357
45329
45307
45203
45159
44939
44883
44836
44647
44547
44270
44233
44154
44148
44134
44051
43992
43988
43964
43751
43708
43472
43470
43322
43209
43138
42939
42926
42911
42800
42706
42703
42554
42551
42521
42127
42123
42013
41981
41931
41904
41491
41397
41113
41035
40950
40936
40782
40556
40469
40373
40353
40285
40263
40247
40018
39988
39874
39866
39865
39577
39522
39464
39405
39391
39264
39162
39027
39014
38980
38938
38712
38587
38530
38501
38473
38395
38180
37647
37563
37536
37488
37421
37418
37378
37336
37315
37256
37080
37073
37066
36756
36606
36479
36353
36330
36255
36232
36181
36160
36147
36102
35750
35648
35556
35487
35451
35401
35366
35225
35183
35155
35111
35055
34983
34920
34905
34843
34810
34420
34418
34071
34060
33842
33662
33509
33462
33195
33145
32774
32638
32496
32460
32311
31928
31904
31655
31634
31624
31577
31490
31344
31031
30946
30795
30789
30780
30755
30687
30648
30614
30588
30568
30523
30495
30456
30344
30231
30001
29821
29616
29535
29530
29496
29412
29380
29322
29297
29151
29025
28981
28975
28703
28658
28648
28410
28323
28179
28108
28025
28004
27721
27697
27490
27471
27425
27411
27286
27234
26977
26925
26811
26694
26654
26650
26634
26384
26350
26240
26144
26133
26040
25846
25797
25653
25562
25491
25374
25314
25221
25212
25086
24967
24929
24811
24782
24582
24525
24512
24505
24311
24302
23904
23876
23836
23805
23587
23554
23424
23143
23024
22982
22976
22676
22382
22280
21900
21827
21676
21652
21606
21574
21499
21268
21223
21193
21150
21111
21046
20871
20807
20766
20743
20722
20700
20627
20615
20544
20527
20486
20469
20395
20114
20110
19974
19792
19674
19606
19425
19369
19332
19178
19171
19140
18941
18862
18814
18659
18305
18064
17909
17792
17758
17685
17682
17595
17594
17584
17571
17383
17361
17142
16998
16965
16963
16826
16633
16228
16172
16129
15979
15973
15937
14940
14761
14748
14747
14738
14731
14648
14606
14378
14294
14148
14130
14033
13956
13931
13822
13804
13712
13630
13550
13469
13457
13333
13262
13227
13196
13017
12973
12930
12892
12876
12829
12640
12373
12161
12082
12026
11977
11814
11569
11340
11235
10716
10714
10697
10552
10496
10279
10122
9929
9804
9803
9776
9768
9721
9675
9651
9543
9511
9496
9362
9340
9204
9142
9137
9061
9014
8891
8809
8612
8535
8523
8475
8474
8084
8068
8028
8010
7928
7875
7806
7633
7574
7391
7375
7271
7225
7188
7144
7111
7101
7072
7011
6988
6987
6838
6673
6510
6388
6286
6249
6040
5703
5510
5271
5139
4953
4906
4694
4488
4468
4439
4345
4178
4139
3948
3874
3839
3706
3678
3378
3302
3183
3017
2866
2738
2589
2366
2354
2230
2222
2112
2056
2039
2025
1946
1904
1633
1600
1586
1291
1272
1226
1136
874
669
544
502
491
222
185
144
112
