100
998411
972520
971899
946884
946169
926782
926710
925442
902243
897586
891892
888134
876902
834719
827610
825330
809572
800630
800452
791934
788663
774502
762572
753154
746198
734146
730662
721243
720797
716949
716931
710286
694700
690608
689536
681762
679258
671215
634492
610387
607515
590332
582577
578342
562519
560763
559975
543601
543066
537127
505752
504560
504517
499409
496184
481882
471888
465531
460817
460066
447523
439887
406392
397030
380613
376886
370176
361889
351466
341743
318804
307337
303183
279085
269719
265814
260489
231438
211947
195156
193686
186141
186059
180333
179284
162744
158829
147135
136704
129317
126234
122799
88740
86065
60733
57137
43597
29418
13622
6506
