1000
999133
998786
997113
996726
996516
994468
994344
993938
993339
992762
992046
991356
989896
987899
985601
984314
983580
982955
982424
981857
981517
977547
977170
975948
975300
973340
972977
972447
971614
971363
971314
970170
969883
969180
969088
968926
967839
967462
966804
966577
966010
964677
964547
964132
963707
963632
963445
961961
961698
960492
959633
959394
957373
953278
952653
951278
951076
950417
949813
945832
944462
944156
943085
943054
943028
941346
940541
939955
937666
936696
935929
935649
935450
933533
933367
930631
930538
930392
929759
929606
929497
928011
926383
925955
923977
923560
922157
920616
919111
916099
914772
914136
914050
913924
913457
913384
913285
912021
911740
908121
907761
907201
905079
904737
904137
902816
901704
901650
900996
900134
899700
899243
898570
898492
896598
896437
896238
895818
895555
895481
895152
894486
889720
887941
887465
886087
884175
884104
883323
882433
882345
880061
879534
878275
876823
875514
875497
874488
873322
873099
872438
872180
871210
871055
870418
870185
869313
868781
868256
864902
863040
861871
861182
861091
859351
859210
856389
855455
855186
854726
854495
852785
850799
849652
848895
848433
848279
847421
845890
842976
842354
840623
839973
839118
837899
837117
836450
835916
835208
835102
834511
834031
833025
832892
832072
830314
827684
826381
826058
824964
822820
822615
821580
820624
818201
818085
815825
815617
814532
814376
813054
812980
811923
811753
810582
810443
810145
810045
810009
809731
809406
809342
808810
807973
807947
807450
805934
804643
804619
804018
802487
801943
800253
799329
798215
798133
794492
793726
793277
791832
790320
787237
786898
785973
785000
783402
782949
782422
782108
781343
779997
778784
776444
775723
774464
769435
768411
766909
766641
765394
765016
764795
764527
763558
763440
762454
761707
759997
759318
758801
758274
758107
757999
757470
756127
755971
755924
755681
754982
754468
751315
751236
751179
750663
748533
747836
747623
745679
745377
743726
739830
738463
738438
738196
736065
735324
733633
730441
728732
728274
727951
726254
724504
724342
723380
723182
721716
719540
719365
719193
717982
716848
715215
714963
714614
713784
713330
711394
710878
710113
710111
709094
707433
706652
706086
705725
704988
703686
703596
701817
700420
699590
698838
697216
695380
693061
692641
691796
691193
687967
687793
687564
687219
685780
685493
684655
684516
684011
682082
681955
681534
680874
680668
680131
679782
678718
676110
676084
675675
675291
674500
674431
673899
673771
673576
673196
672692
672678
671793
670232
665952
665468
664854
663250
663194
662587
662401
662004
660169
659536
658622
657884
655979
655853
653309
652616
652044
651760
650407
647477
646677
645146
644772
644567
643566
642714
639816
639796
639184
637737
637657
633488
632315
631268
628731
628184
627544
626506
625294
624471
621976
621780
618231
618085
615749
615642
614754
614045
613109
612225
611484
610449
603075
601001
599923
596645
595229
594653
594649
594168
594148
592728
591223
588253
585613
584884
583610
583154
581285
581105
577770
576433
576306
575760
573278
571728
571014
570809
570443
570219
568892
568669
568641
568191
568106
567592
567562
564881
564588
559949
559347
558926
556654
554822
553590
553545
553281
552914
552354
550366
550038
549647
548961
548704
548372
547751
545260
544993
544522
544314
539364
539040
537579
537561
537229
537083
535958
533609
533303
533299
532347
531556
531510
531397
530856
530052
529468
528241
527564
527165
526764
524306
524296
523903
523678
523042
522844
521583
521451
518920
516982
516786
516554
515104
513277
512271
512128
511262
510854
508203
507720
507374
507358
506409
505788
503974
501606
500982
500904
500301
500191
499666
499422
498732
497382
497269
496988
496659
495697
494289
491810
491674
490194
490087
489084
488373
485361
484652
483040
482768
480429
480363
480116
480107
479902
479835
479035
478350
476674
476443
475690
474609
474418
473421
473385
473290
471273
469950
468995
465462
464694
463312
461360
461315
460051
459986
457248
454412
454262
454078
453170
449745
449071
448056
447826
445373
444897
444856
444565
443766
443354
442027
441069
440896
440139
440096
440078
437941
437235
436123
435284
433235
427953
427296
426472
425760
424949
424037
422997
422914
421607
420442
419939
419535
419328
418757
418638
417498
415928
415635
413803
413474
410989
410738
410493
408153
407251
407244
406377
406045
403381
403025
400551
399742
395901
395125
393235
391965
390523
389461
387986
387528
387216
386738
385547
383567
383493
382456
381828
381012
380720
380156
380123
379717
378965
376524
375700
374842
374439
374387
374095
373830
372803
372659
371704
369943
369711
368557
366535
365568
364134
362613
360456
360082
359530
359105
358700
356341
354862
354386
353854
353703
353283
350951
349984
347761
346729
346660
345565
343114
341983
338909
338104
337929
337674
336394
336300
336275
336176
334349
334083
333365
332374
329976
326847
326724
325837
323933
323039
322466
320238
319898
319091
318757
318110
317984
316631
315429
313714
313584
310181
309035
307565
306722
306396
305620
305160
304642
304601
304459
304316
304230
303219
303168
302321
302070
301185
299455
299252
296419
293587
292687
291329
290531
290315
288875
285285
284987
284469
284439
283749
283647
282131
280001
278348
276884
274935
274417
273681
273383
270892
270202
269900
266630
266267
265901
263464
262249
259976
259559
259014
258193
257804
257727
254909
254691
253492
253374
253273
252783
252742
249641
249492
248737
247765
247265
245290
244631
244167
243809
243290
242869
242779
242155
241450
240691
239805
239223
238080
234932
234116
233660
233624
233607
230159
229058
227040
227004
226838
226340
225854
225450
224284
223258
220713
219006
217779
215488
215400
213704
213087
212433
209441
206622
206453
205827
205782
205295
205161
204757
204751
204199
201858
201831
200642
200575
194889
194517
192090
191581
191398
189347
188114
187557
187444
187144
186681
185181
184764
183670
182295
180706
180442
177822
174113
173488
172808
171863
171343
171152
169682
169209
168737
167315
166991
165875
163893
161054
160138
159685
158174
156484
155946
155803
155521
154018
153868
152998
148478
148331
145923
143455
137785
136595
135731
134760
134552
133300
132434
131153
130587
130346
129707
129090
128035
126977
126573
123741
122567
122511
122408
120879
119384
116855
115642
115137
114318
114049
113997
113301
110112
109820
107662
107648
106870
103991
103725
103649
101652
100354
100135
98366
92663
90720
89871
89348
85900
83920
82342
80411
76939
74862
74199
73633
68947
68884
68075
66283
64469
63851
63132
62300
62146
61061
60379
58175
57815
56934
56884
55904
55899
55682
54847
54803
54456
54235
53997
53330
53066
52159
51719
51467
50173
49118
48545
48122
47924
46695
45604
44557
44207
43601
40315
37666
34304
33439
32054
31716
31290
29429
28126
26322
26086
25628
24193
22637
22528
22011
21491
21432
21427
18426
17567
17481
17096
16000
14890
14516
12398
11156
8501
8478
8207
8120
7894
4114
4073
3721
1127
366
