100
983212
980009
978295
966019
946747
944892
929404
927028
920060
912898
901598
901104
874638
871084
853998
839145
838650
817061
813889
812549
801254
786787
779263
773947
763089
759049
757661
739360
733823
720008
685517
683853
681547
666228
664450
659708
658882
646717
638291
606787
590106
588333
586467
573422
558969
557013
556728
543707
542021
540953
525691
518812
494917
481340
465635
465283
451289
430687
413913
410738
368589
353847
331494
327643
320588
307319
303986
301634
295185
292780
287109
274669
258460
250503
241018
235403
219105
213870
212516
198432
197139
183777
176645
168753
149162
133042
119143
114847
110725
107302
103690
47646
39118
37129
31617
30034
25661
25146
15269
9043
