10000
999939
999844
999807
999734
999528
999486
999480
999382
999292
999239
999173
999090
998888
998196
998082
997913
997826
997823
997717
997696
997690
997641
997609
997549
997506
997502
997416
997352
997232
997149
997134
997038
996821
996782
996718
996650
996615
996513
996455
996289
996118
996105
996068
995913
995899
995883
995851
995848
995668
995575
995526
995468
995401
995325
995255
995039
994707
994688
994625
994546
994398
994164
993651
993629
993451
993240
993186
993158
993124
992874
992627
992350
992278
992207
992099
992014
991979
991658
991473
991434
991290
991209
990979
990970
990956
990920
990911
990886
990616
990609
990606
990532
990471
990417
990407
990287
990048
990041
990013
989962
989718
989711
989540
989522
989415
989301
989256
989234
989220
989195
988982
988978
988944
988862
988821
988565
988564
988539
988501
988224
987680
987547
987538
987311
987282
987265
987219
987136
987052
986863
986820
986343
986250
986205
986125
986104
986074
986032
986007
986003
985985
985910
985860
985767
985688
985494
985479
985292
985187
985102
985082
985005
984986
984979
984907
984876
984782
984761
984626
984601
984585
984449
984377
984094
984085
983974
983815
983801
983675
983669
983659
983641
983599
983483
983462
983344
983308
983011
982912
982824
982741
982623
982535
982433
982345
982289
982239
982098
982067
982027
981885
981833
981822
981756
981751
981644
981634
981595
981412
981313
981287
981215
981190
980913
980769
980612
980284
980145
980005
979943
979873
979794
979773
979661
979659
979649
979618
979568
979545
979475
979408
979367
979323
979272
979259
979099
979051
978740
978735
978610
978467
978379
978365
978066
977994
977988
977856
977829
977600
977581
977260
977199
977016
976706
976545
976351
976336
976147
976128
976110
976103
975802
975781
975743
975645
975598
975186
975072
974974
974945
974923
974888
974649
974492
974222
974159
974116
973933
973899
973817
973766
973681
973675
973428
973418
973347
973308
973295
973170
972922
972792
972763
972694
972649
972343
972193
972156
972055
971644
971496
971491
971145
971058
970866
970746
970682
970513
970493
970455
970446
970437
970429
970366
970366
970184
969909
969814
969807
969763
969664
969661
969627
969609
969567
969461
969358
969067
968942
968888
968376
968372
968343
968300
968049
968021
967988
967960
967891
967775
967729
967584
967540
967532
967498
967331
967130
966963
966943
966917
966806
966739
966462
966460
966393
966288
966266
966202
966057
965983
965874
965836
965720
965689
965669
965651
965598
965578
965512
965482
965421
965239
965221
965074
964807
964605
964476
964422
964385
964363
964247
964218
964188
963990
963953
963931
963828
963745
963732
963718
963605
963500
963388
963302
963294
963161
963023
962968
962728
962625
962584
962485
962468
962390
962368
962346
962316
962248
962150
962107
962086
962056
961930
961668
961609
961595
961592
961501
961484
961400
961341
961108
960950
960936
960924
960916
960849
960781
960779
960732
960644
960638
960386
960295
960258
960252
959950
959935
959784
959675
959449
959367
959309
959190
959154
958411
958119
958085
958023
957927
957924
957802
957567
957522
957338
957246
957240
957196
957144
957064
957021
956661
956525
956521
956279
956240
956115
956075
956056
956030
955985
955890
955818
955679
955583
955547
955464
955427
955290
955102
955084
954901
954889
954757
954390
954312
954209
953947
953925
953905
953747
953647
953630
953489
953482
953450
953417
953334
953331
953281
953255
953139
953024
953000
952960
952840
952733
952713
952623
952434
952253
952139
952026
951332
951005
950981
950956
950924
950822
950692
950663
950551
950514
950451
950351
950341
950165
949977
949964
949910
949857
949740
949706
949699
949619
949559
949260
949211
949162
948500
948465
948414
948374
947990
947879
947872
947772
947697
947533
947495
947481
947470
947417
947300
947162
946992
946966
946929
946902
946829
946750
946719
946410
946308
946223
946214
946137
945887
945868
945640
945639
945551
945457
945453
945316
945274
945196
945174
945118
944989
944930
944842
944797
944689
944083
944070
943896
943860
943848
943817
943684
943480
943463
943452
943452
943382
943365
943324
943202
943192
943035
942895
942870
942869
942864
942843
942829
942756
942671
942498
942418
942268
942170
942149
942147
942100
941971
941829
941422
941280
941246
941216
941101
941069
941045
941009
940752
940630
940598
940474
940323
940166
939742
939701
939579
939386
939295
939234
938891
938853
938790
938741
938554
938493
938332
938193
938181
938122
937627
937590
937581
937564
937520
937491
937445
937425
937326
937255
937254
937201
936896
936748
936619
936542
936494
936394
936264
936178
936115
936027
936003
935764
935755
935654
935635
935626
935517
935490
935393
935172
935007
935001
934975
934847
934798
934402
934392
934328
934235
934222
934140
933958
933872
933739
933660
933473
933385
933362
933327
933182
933021
932987
932816
932778
932384
932271
932201
932139
932098
932085
932018
931980
931897
931886
931872
931805
931691
931395
931200
931083
930951
930946
930833
930749
930604
930501
930475
930335
930294
930137
930107
929943
929887
929776
929764
929745
929616
929565
929509
929457
929387
929322
929283
929202
929195
929183
929134
929025
928972
928970
928966
928966
928954
928948
928868
928825
928760
928719
928471
928151
928124
928066
928006
927982
927919
927832
927565
927544
927242
927056
927044
926835
926794
926770
926701
926682
926607
926494
926168
925949
925948
925856
925855
925811
925683
925672
925612
925608
925531
925514
925491
925269
925140
925096
925091
925088
925088
925056
924773
924652
924455
924317
924253
924234
924167
924115
924076
924037
923950
923925
923831
923813
923797
923703
923699
923607
923590
923536
923480
922827
922642
922473
922298
921981
921696
921688
921543
921419
921389
921342
921317
921134
921124
921105
921056
921054
920972
920912
920854
920802
920794
920691
920634
920597
920530
920517
920428
920325
920257
920197
920195
920009
919846
919590
919571
919542
919368
919256
919248
919071
918918
918902
918735
918404
918395
918302
918267
918161
918037
917922
917880
917595
917580
917515
917435
917395
917339
917305
917263
917153
917132
917107
916767
916652
916635
916623
916618
916594
916521
916505
916239
916028
916011
915885
915828
915791
915710
915276
915255
915179
915149
915123
915090
915068
915035
914730
914719
914618
914377
914299
914294
914065
914038
913979
913791
913770
913629
913391
913279
913090
912949
912862
912829
912745
912717
912685
912568
912489
912273
912176
912102
912036
912022
911912
911829
911810
911665
911588
911494
911464
911262
911221
911018
911005
910927
910742
910722
910475
910355
910324
910009
909975
909974
909840
909602
909432
909420
909295
909284
909282
909275
909056
909005
908929
908922
908828
908696
908694
908686
908638
908635
908544
908536
908485
908292
908101
907727
907622
907462
907387
907381
907292
907276
907249
907240
907197
907108
907071
906879
906879
906876
906869
906849
906648
906550
906539
906366
906293
906144
906107
905973
905961
905947
905881
905756
905679
905639
905635
905568
905446
905392
905287
905280
905254
904982
904981
904909
904643
904464
904401
904208
903866
903756
903555
903518
903484
903057
903040
902891
902749
902584
902462
902205
902105
902032
901945
901811
901810
901711
901664
901643
901598
901586
901556
901387
901092
901043
900893
900769
900753
900708
900661
900514
900467
900404
900063
899887
899826
899747
899652
899650
899490
899282
899233
899232
899227
899160
898871
898857
898856
898848
898793
898623
898607
898573
898474
898457
898454
898401
898353
898199
898134
898119
898048
897911
897827
897791
897722
897653
897544
897518
897445
897403
897400
897269
897213
897069
896833
896832
896762
896626
896579
896559
896371
896289
896146
896104
896093
896077
896074
896014
895922
895872
895795
895700
895677
895542
895507
895412
895275
895223
895168
895163
894968
894926
894747
894633
894534
894048
894003
893913
893827
893722
893638
893631
893486
893414
893109
893066
892989
892954
892901
892706
892635
892617
892577
892523
892411
892356
892356
892288
892216
892141
892129
891960
891957
891898
891811
891774
891657
891466
891386
891257
891007
890979
890797
890761
890737
890733
890668
890661
890606
890542
890510
890507
890344
890303
890250
890228
890221
890081
890017
889890
889837
889608
889489
889448
889286
888831
888778
888553
888439
888332
888313
888187
888120
887868
887761
887737
887665
887626
887500
887108
886746
886700
886553
886515
886401
886390
886310
886185
886120
886093
886082
885965
885821
885785
885724
885508
885469
885192
884956
884909
884903
884542
884380
884284
884279
883934
883902
883767
883721
883642
883577
883527
883372
883335
883305
883266
883266
883215
883160
883057
882912
882805
882747
882731
882639
882615
882479
882409
882386
882312
882274
882187
882113
882102
881743
881634
881492
881464
881291
881154
881046
881000
880967
880857
880577
880558
880280
880131
880053
879992
879845
879556
879495
879417
879316
879252
879223
879179
879166
879129
879066
878923
878872
878754
878596
878418
878317
878270
878055
878052
878043
878039
877936
877680
877554
877441
877343
877145
877141
877001
876960
876954
876921
876846
876844
876662
876567
876402
876395
876312
876278
876264
876194
876138
876022
876006
876003
875675
875620
875603
875525
875485
875435
875074
875050
874634
874590
874580
874380
874245
874201
874183
874113
873970
873896
873812
873775
873581
873506
873398
873290
873270
873128
873036
872926
872871
872870
872823
872710
872690
872685
872444
872355
872335
872224
872163
872108
872051
872045
871951
871901
871433
871414
871270
870922
870888
870856
870778
870609
870445
870430
870344
870323
870296
870101
870035
869707
869546
869515
869481
869397
869393
869319
869228
869077
869074
869015
868963
868962
868890
868887
868772
868733
868731
868718
868594
868557
868517
868282
868224
868037
867941
867760
867338
867200
867194
867162
867105
867102
866961
866937
866429
866096
866000
865859
865699
865618
865610
865522
865468
865434
865402
865396
865302
865255
865060
865002
864961
864960
864902
864639
864581
864510
864384
864338
864262
864059
863962
863958
863780
863778
863762
863550
863545
863518
863436
863336
863307
863240
863192
863141
863113
863109
862906
862678
862650
862645
862178
862157
861959
861935
861792
861648
861632
861468
861226
861001
860953
860897
860699
860643
860520
860516
860279
860221
860207
860125
860005
859984
859943
859928
859762
859702
859693
859687
859387
859257
859105
859048
858971
858942
858778
858698
858635
858629
858442
858430
858294
858157
857954
857798
857603
857602
857563
857476
857415
857399
857257
857237
857189
857182
856968
856737
856568
856540
856505
856296
856220
856094
856036
856002
855944
855648
855629
855616
855534
855467
855307
855294
855191
855136
855056
855019
854890
854687
854652
854531
854494
854457
854394
854061
854039
854012
854012
853997
853868
853861
853723
853629
853511
853509
853397
853376
853360
853340
853318
853301
852913
852866
852863
852825
852819
852805
852679
852667
852606
852407
852212
852211
852014
851822
851803
851659
851627
851417
851372
851366
851226
851199
850876
850681
850613
850595
850520
850490
850344
850085
850036
849933
849922
849881
849357
849240
849018
848890
848880
848511
848453
848056
848043
847993
847963
847931
847852
847804
847659
847502
847394
847368
847292
847288
847237
847037
846861
846690
846591
846401
846288
845875
845645
845464
845416
845335
845291
845266
845135
845020
844812
844601
844589
844563
844458
844177
844001
843742
843718
843593
843587
843559
843391
843273
843185
842901
842781
842649
842645
842281
842143
841981
841918
841827
841647
841558
841467
841244
841197
841106
840984
840705
840610
840585
840558
840529
840421
840290
840235
840194
839979
839958
839883
839860
839803
839752
839708
839658
839639
839467
839457
839291
839268
839242
838941
838690
838667
838613
838290
838197
838135
838134
837962
837872
837768
837757
837556
837474
837433
837392
837244
837226
837221
837205
836963
836852
836849
836625
836556
836461
836113
836059
835825
835811
835510
835492
835395
835380
835106
835018
834947
834854
834817
834788
834778
834757
834753
834724
834639
834331
834292
834221
834189
834134
834108
833767
833649
833607
833520
833386
833345
833256
833188
833106
832757
832712
832697
832625
832623
832452
832443
832438
832387
832231
832126
831704
831680
831634
831424
831380
831183
831083
830904
830835
830716
830691
830653
830645
830529
830500
830447
830409
830332
830185
829634
829525
829338
829269
829248
829128
829033
829000
828955
828909
828825
828766
828663
828576
828531
828483
828411
828230
828209
828131
828082
828058
827813
827708
827675
827637
827544
827540
827365
827327
827148
826929
826877
826318
826249
825861
825622
825290
825286
825227
825176
825085
824994
824895
824850
824777
824643
824359
824287
824265
824193
824143
824025
823712
823655
823631
823624
823552
823511
823494
823128
822969
822904
822898
822779
822616
822442
822388
822290
822224
822181
822041
822015
821917
821855
821835
821801
821697
821456
821451
821415
821239
821212
821186
821178
821138
821067
821059
820748
820691
820226
820218
820196
819807
819792
819733
819722
819700
819413
819387
819264
819111
819040
818827
818724
818416
818407
818321
818229
818179
818089
817980
817940
817815
817743
817706
817261
817255
817225
817199
817191
817030
816967
816960
816928
816733
816522
816403
816371
816293
816286
816149
816063
815915
815710
815633
815627
815598
815561
815452
815415
815116
814884
814650
814610
814471
814312
814198
814187
814035
813853
813628
813248
812988
812921
812916
812512
812477
812436
812385
812077
811716
811629
811599
811587
811542
811419
811298
811225
811098
811037
811028
810978
810927
810715
810633
810566
810558
810288
810262
810252
810248
810213
810148
810006
809953
809842
809781
809755
809688
809606
809518
809514
809409
809192
809101
809027
808930
808791
808696
808676
808653
808620
808314
808123
808081
807985
807916
807706
807653
807464
807327
807306
807156
806977
806901
806719
806670
806625
806461
806450
806429
806280
806278
806177
806168
806150
806134
805887
805844
805641
805631
805517
805456
805450
805438
805349
805321
805180
805152
805099
805065
805050
804971
804531
804239
804198
804153
804136
803776
803435
803392
803372
803159
803140
803019
802785
802686
802577
802338
802116
801517
801467
801277
801166
800725
800706
800638
800580
800568
800440
800413
800291
800288
800136
800121
800121
800108
800095
799970
799944
799882
799870
799789
799743
799462
799395
799381
799105
798847
798829
798624
798461
798335
798333
798176
798122
798082
798023
797927
797906
797769
797593
797498
797431
797232
797191
797020
796895
796865
796781
796779
796525
796448
796410
796384
796083
796001
795788
795606
795331
795274
795259
795030
794868
794857
794765
794628
794625
794474
794440
794393
794331
794246
794189
794153
794093
793873
793729
793706
793471
793359
793352
793274
793208
793127
793016
792985
792920
792809
792592
792384
792285
792059
791909
791784
791724
791651
791469
791352
791155
791076
791049
790786
790771
790744
790697
790685
790623
790550
790511
790377
790247
790090
789823
789717
789686
789683
789680
789585
789566
789525
789323
789263
789165
789152
789112
789038
788974
788814
788813
788740
788722
788683
788568
788502
788417
788342
788328
788091
788019
787996
787887
787772
787739
787579
787487
787290
786933
786923
786697
786687
786645
786291
786065
785964
785900
785852
785761
785550
785549
785402
785205
785118
785096
785056
785001
784975
784879
784802
784786
784767
784706
784575
784472
784182
783872
783868
783831
783459
783452
783273
783227
783100
783029
782951
782889
782865
782798
782515
782366
782298
781973
781954
781909
781785
781757
781748
781747
781502
781092
780977
780952
780884
780763
780656
780549
780544
780539
780526
780370
780313
780280
780219
780204
780086
779969
779888
779833
779818
779667
779622
779332
779110
778876
778796
778510
778500
778387
778227
778159
777934
777767
777570
777499
777240
777201
777085
777015
776859
776823
776739
776542
776532
776498
776491
776474
776467
776377
776297
776169
776109
776093
775634
775588
775245
774924
774840
774836
774568
774027
773925
773922
773913
773718
773569
773462
773439
773045
773044
772858
772801
772785
772672
772583
772570
772565
772503
772465
772401
772368
772363
772228
772154
772154
772149
772104
772098
772098
772052
772034
772017
771853
771794
771773
771603
771582
771559
771470
771443
770969
770774
770741
770708
770544
770508
770502
770428
770427
770386
770378
770366
770250
770190
770119
770031
769972
769508
769503
769470
769423
769415
769365
769341
769278
769123
769110
769090
768840
768811
768490
768404
768353
768239
768136
768129
768090
768020
767994
767985
767969
767730
767669
767641
767587
767417
767343
767312
767308
767282
767159
767079
766908
766833
766821
766772
766638
766432
766384
766375
766170
766106
766040
766020
765982
765881
765810
765795
765741
765725
765665
765629
765523
765424
765261
765227
764797
764531
764515
764484
764325
764316
764255
764104
764076
764073
763775
763692
763585
763524
763479
763469
763085
763072
763056
762954
762927
762801
762758
762703
762481
762336
762314
762257
762228
762047
761941
761683
761418
761277
761147
761052
760952
760872
760866
760855
760786
760757
760645
760631
760586
760552
760332
760231
760189
760148
760121
760120
760023
760002
759957
759911
759886
759785
759768
759648
759635
759590
759581
759577
759512
759486
759404
759264
758954
758799
758778
758686
758548
758525
758116
757912
757882
757655
757650
757498
757480
757239
757194
757179
757057
757042
757021
757015
756863
756850
756587
756567
756390
756361
756348
756330
756124
755520
755481
755472
755462
755401
755291
755068
754615
754368
754321
754270
754217
754098
753884
753771
753737
753552
753449
753272
753269
753199
753179
753137
753066
753044
753036
752876
752838
752641
752218
752192
751749
751687
751683
751332
751276
751063
751028
750883
750872
750772
750735
750510
750399
750387
750178
750110
749945
749813
749581
749427
749273
749250
749223
749205
749115
749110
749099
749093
748979
748879
748757
748445
748295
748263
748082
748061
747597
747562
747556
747468
747463
747427
747389
747051
746934
746917
746909
746695
746427
746346
745895
745807
745793
745492
745452
745418
745345
745297
745290
744941
744925
744915
744694
744464
744442
744363
744240
744156
744076
743987
743884
743872
743806
743724
743607
743518
743501
743377
743225
743174
743082
743019
742985
742959
742808
742782
742771
742677
742639
742601
742489
742306
742086
742036
741995
741988
741580
741487
741402
741303
741244
740939
740886
740874
740845
740826
740791
740722
740632
740617
740225
740206
740137
740091
739995
739975
739872
739831
739593
739174
739167
739147
739031
739018
739000
738703
738667
738620
738476
738388
738294
738152
737694
737635
737631
737568
737341
737116
737045
736973
736818
736715
736696
736544
736519
736500
736389
736333
736228
736194
736093
736070
735988
735977
735948
735654
735512
735466
735381
735092
734950
734391
734331
734150
734003
733973
733864
733683
733674
733534
733427
733092
733015
732972
732784
732734
732289
732280
732259
732180
731912
731659
731630
731579
731332
731132
731108
731085
731051
731039
731039
730965
730764
730730
730713
730482
730249
730141
730059
730035
729946
729729
729565
729472
729312
729022
728978
728901
728768
728696
728438
728373
728299
728286
728271
728215
728204
727936
727933
727876
727873
727729
727588
727368
727281
727162
727103
727097
726860
726810
726793
726787
726775
726663
726623
726460
726158
726116
726115
726106
726079
726006
725827
725793
725709
725630
725617
725581
725521
725419
725324
725154
725109
725054
724921
724805
724119
723989
723920
723756
723740
723737
723736
723654
723610
723584
723488
723440
723434
723375
723206
723099
723090
722929
722901
722868
722864
722783
722232
722038
721997
721522
721521
721150
721113
721011
721002
720980
720831
720826
720700
720629
720494
720482
720411
720394
720347
720180
720174
720159
720066
719912
719902
719826
719511
719466
719141
719101
718972
718909
718825
718633
718632
718553
718492
718473
718445
718190
717793
717748
717628
717596
717537
717491
717379
717343
716906
716553
716377
716322
716214
716172
716135
715747
715704
715257
715205
715190
715058
714893
714757
714590
714581
714401
714325
714306
714203
714192
714096
713885
713835
713775
713719
713635
713524
713447
713389
713320
712942
712798
712745
712674
712569
712553
712395
712348
712301
712252
712233
712173
712109
712013
711855
711829
711650
711636
711330
711327
711325
711303
711294
710795
710693
710637
710585
710573
710435
710403
710233
710160
709831
709792
709283
709162
708951
708850
708751
708427
708413
708342
708342
708282
708122
708073
707990
707905
707649
707506
707420
707367
707039
706990
706718
706536
706249
706201
706200
706193
706112
706083
706080
705967
705950
705529
705241
705177
705068
704962
704817
704540
704532
704455
704430
704354
704281
704278
704271
704034
703858
703818
703804
703602
703467
703335
703287
703215
703211
703202
703055
702939
702921
702820
702755
702690
702653
702593
702479
702453
702411
702202
702115
702051
701889
701871
701841
701736
701538
701515
701436
701427
701356
701274
701210
701185
701164
701162
700987
700874
700800
700680
700483
700326
700256
700254
700212
700142
699843
699603
699571
699495
699475
699446
699426
699353
699295
699294
699266
699209
698927
698680
698641
698622
698118
697932
697917
697872
697791
697767
697577
697279
697016
696860
696857
696772
696621
696548
696357
696262
696212
696198
696165
696033
695617
695422
695326
695263
695013
694929
694430
694307
694232
694214
694150
694132
693731
693619
693409
693257
693104
693091
692994
692910
692754
692542
692530
692528
692349
692259
692141
692118
692117
692031
691939
691938
691920
691918
691870
691814
691591
691539
691367
691346
691293
691260
691117
691113
691006
690991
690902
690864
690818
690753
690712
690461
690352
690305
690275
690176
690167
690150
690127
690090
690085
690052
689969
689675
689665
689605
689476
689278
689231
689198
689136
689024
688973
688878
688865
688833
688762
688699
688567
688392
688361
687908
687843
687823
687758
687536
687515
687489
687320
687269
687241
687092
686852
686761
686706
686705
686393
686196
686130
686068
685908
685908
685645
685573
685556
685131
684994
684876
684867
684678
684559
684487
684447
684337
684246
684204
684173
683977
683850
683829
683813
683754
683736
683735
683700
683586
683503
683340
683319
683144
683083
682951
682938
682689
682650
682475
682401
682340
682224
682130
681985
681935
681855
681754
681600
681524
681489
681394
681317
681104
681101
681077
681040
680878
680877
680774
680768
680767
680749
680566
680479
680222
680209
680102
679988
679853
679837
679651
679528
679509
679476
679392
679329
679317
679129
679100
678817
678641
678577
678537
678354
678188
678163
678100
678083
677951
677891
677815
677618
677586
677553
677499
677306
677153
677096
677065
676990
676971
676769
676758
676670
676638
676629
676613
676569
676550
676540
676495
676258
676223
676217
676170
676157
676026
675940
675885
675624
675202
675120
675020
674890
674803
674575
674435
674359
674319
674294
674258
674125
674065
673934
673881
673763
673693
673485
673347
673322
673135
673049
673038
673023
673005
672997
672923
672887
672837
672790
672707
672649
672591
672420
672414
672237
672181
672123
672025
671931
671888
671684
671003
670877
670720
670654
670542
670523
670307
670206
670201
670141
670056
670014
669788
669545
669499
669101
669027
668938
668805
668765
668419
668365
668286
667985
667885
667857
667841
667634
667617
667517
667491
667412
667387
667135
667121
666988
666587
666485
666307
666200
666096
666059
665903
665885
665868
665821
665744
665504
665184
665015
664953
664923
664864
664797
664760
664737
664614
664292
664150
664096
664075
664005
663940
663851
663847
663808
663694
663445
663166
663119
663100
663040
662988
662926
662828
662821
662686
662638
662634
662463
662420
662320
662129
662041
662014
661999
661941
661916
661784
661782
661720
661646
661604
661560
661533
661524
660880
660868
660768
660723
660629
660625
660608
660547
660526
660229
659982
659759
659699
659341
659218
659178
659081
658907
658868
658158
658112
657622
657619
657596
657363
657197
657174
657071
656938
656860
656842
656810
656692
656641
656395
656356
656231
656172
656062
655943
655760
655656
655628
655434
655329
655311
655251
654931
654873
654747
654674
654585
654471
654125
654095
653949
653776
653698
653636
653331
653320
652908
652754
652705
652681
652605
652589
652559
652369
652325
652283
652269
651879
651849
651814
651642
651532
651523
651418
651315
651259
651015
650890
650830
650447
650288
650279
650245
650155
650066
649981
649904
649889
649875
649769
649705
649477
649474
649430
649388
649328
649265
649034
648954
648926
648363
648133
647767
647736
647679
647488
647371
647222
647172
646786
646773
646710
646708
646603
646294
645926
645899
645468
645438
645219
645188
645022
644900
644761
644741
644633
644627
644308
644135
643969
643875
643779
643745
643615
643531
643414
643355
643290
643218
643130
643083
642992
642970
642915
642821
642742
642729
642550
642513
642457
642432
642427
642328
642144
641906
641848
641591
641453
641386
641317
641096
641028
640947
640890
640870
640860
640766
640687
640655
640499
640451
640072
640041
639845
639754
639655
639652
639629
639584
639556
639249
639240
638985
638670
638630
638439
638391
638287
637945
637921
637827
637811
637665
637570
637253
637117
637052
636802
636748
636727
636672
636609
636485
636385
636347
636340
636186
635823
635662
635483
635275
635241
635083
635042
635025
635002
634994
634720
634696
634579
634158
634101
634013
633579
633333
633062
633048
633002
632824
632802
632794
632750
632635
632362
632209
631972
631968
631775
631672
631580
631001
630986
630944
630914
630637
630513
630424
630360
630355
630310
630310
630248
630146
629875
629671
629370
629346
629209
629036
628912
628905
628780
628755
628753
628612
628568
628344
628319
628239
628216
628174
628114
627979
627955
627797
627570
627532
627511
627400
627360
627320
627229
627026
626991
626869
626773
626740
626724
626546
626505
626454
626275
626242
626234
626200
626159
626084
625883
625672
625551
625359
625302
625112
625105
625004
624896
624620
624581
624558
624481
624389
624325
624215
624129
623736
623732
623651
623604
623564
623546
623232
623030
622963
622880
622825
622728
622543
622485
622387
622350
622263
622151
622044
622002
621993
621815
621768
621719
621347
621257
621196
621196
621033
620773
620622
620183
620121
620116
620108
620027
619993
619837
619740
619702
619690
619644
619586
619435
619263
619255
619037
619010
618920
618824
618631
618414
618189
618182
618034
617770
617754
617244
617084
617057
617034
616974
616973
616943
616793
616713
616644
616556
616408
616308
616213
616151
616116
616056
615905
615591
615487
615269
615110
615049
614910
614798
614769
614650
614417
614196
614139
613882
613748
613470
613148
613096
613021
612957
612916
612904
612671
612618
612587
612513
612390
612359
612073
612035
612014
611954
611937
611875
611846
611837
611662
611517
611407
611386
611247
611235
611151
610854
610805
610745
610678
610641
610601
610458
610409
610166
610044
609989
609959
609885
609864
609863
609819
609805
609803
609486
609368
609357
609313
609234
609234
609228
609173
609070
608877
608874
608816
608770
608743
608738
608477
608475
608385
608307
608224
608079
607846
607446
607362
607350
607278
607251
607238
607142
607137
606971
606871
606825
606675
606573
606519
606125
606065
606052
605980
605918
605790
605471
605393
605369
605310
605289
605183
604910
604817
604768
604606
604369
604161
604005
603979
603979
603904
603861
603680
603641
603611
603491
603412
603326
603324
603092
602933
602909
602867
602865
602531
602433
602404
602343
602332
602287
602279
602077
601925
601890
601865
601630
601548
601546
601407
601273
601166
601066
601000
600872
600764
600669
600591
600359
600080
600000
599899
599891
599801
599608
599562
599442
599293
599154
598862
598541
598512
598389
598212
598096
598032
597875
597760
597723
597711
597654
597507
597489
597402
597242
597176
597095
596979
596975
596896
596825
596676
596592
596551
596551
596541
596390
596378
596239
596234
596125
596118
596112
596058
596006
596004
595963
595917
595908
595763
595700
595682
595573
595529
595462
595452
595424
595281
595190
595165
595053
594960
594802
594682
594474
594371
594258
594247
594218
594023
593945
593880
593795
593717
593457
593435
593413
593386
593159
593096
593000
592955
592779
592751
592741
592709
592606
592531
592355
592299
591863
591747
591701
591501
591352
591095
591012
591008
590998
590910
590827
590743
590707
590613
590509
590425
590421
590405
590385
590374
590291
590246
590197
590087
589968
589803
589794
589729
589718
589540
589512
589460
589081
589077
588964
588912
588872
588602
588552
588462
588422
588358
588311
588232
588198
588171
588105
588048
587935
587893
587885
587872
587383
587331
587195
587087
587032
586993
586968
586623
586495
586484
586262
586214
586083
586061
585982
585922
585878
585569
585494
585406
585319
585136
584702
584628
584505
584360
584334
584242
584157
584114
584031
584002
583912
583901
583887
583832
583788
583775
583751
583680
583593
583552
583329
583287
583050
583014
582937
582881
582798
582766
582630
582500
582406
582337
582252
582207
582175
582018
581920
581856
581797
581569
581395
581390
581156
580433
580349
580177
580144
580143
580124
579985
579925
579845
579814
579625
579556
579407
579365
579244
579108
578976
578974
578910
578783
578540
578426
578422
578018
578009
577946
577809
577693
577544
577391
577341
577284
577238
576964
576914
576836
576686
576425
576003
575923
575887
575830
575598
575573
575562
575538
575502
575488
575461
575421
575355
574877
574823
574804
574715
574582
574533
574496
574482
574331
574294
574178
574156
574146
574081
574043
573929
573919
573905
573520
573409
573369
573326
573241
573032
572977
572861
572397
572219
572183
572098
572055
572042
571747
571733
571701
571577
571395
571353
571277
571266
571256
571231
571168
570915
570565
570401
570354
570172
570167
570086
569993
569962
569902
569845
569686
569623
569398
569307
569268
569143
569078
568996
568895
568821
568721
568665
568379
568333
568307
568232
568137
567962
567947
567808
567609
567427
567280
567242
567118
566831
566660
566613
566607
566499
566498
566072
565925
565772
565754
565702
565602
565601
565493
565475
565456
565355
565293
565135
564882
564743
564689
564606
564504
564496
564416
564006
563860
563753
563637
563410
563168
563067
562409
562283
562274
562238
562100
562091
562083
561919
561756
561742
561695
561637
561619
561526
561497
561487
561466
561241
561229
561171
561018
560862
560780
560758
560663
560597
560250
560166
559919
559891
559861
559834
559816
559802
559683
559666
559647
559460
559432
559411
559359
559346
559325
559317
559209
559158
559158
559141
558795
558517
558405
558336
558227
558108
557926
557907
557855
557850
557792
557512
557403
557154
557116
557035
557032
557028
557005
556895
556883
556847
556660
556496
556107
556090
555905
555838
555754
555513
555287
555181
555162
555061
554845
554837
554368
554286
554205
554004
553891
553883
553682
553618
553553
553550
553281
553183
553003
552922
552541
552517
552452
552430
552152
552099
552089
552045
551910
551811
551773
551724
551669
551539
551525
551492
551281
551020
551000
550999
550908
550784
550604
550523
550429
550306
550298
550267
550029
549929
549811
549741
549592
549483
549468
549403
549084
548686
548528
548421
548216
548071
547985
547886
547797
547585
547391
547378
547315
547272
547228
547211
547186
547147
547104
547071
547060
547034
547011
546959
546935
546910
546612
546607
546529
546442
546316
546108
546020
545709
545705
545705
545630
545513
545468
545362
545292
545246
545216
545166
545054
545043
544965
544920
544868
544838
544795
544693
544689
544595
544581
544537
544527
544512
544421
544261
544158
544148
544134
543963
543925
543854
543853
543792
543686
543649
543611
543547
543435
543171
543148
543103
542717
542695
542494
542073
541858
541817
541717
541671
541597
541505
541493
541235
540991
540859
540566
540508
540308
540292
540187
540139
540054
540038
539946
539828
539739
539681
539299
539218
539169
539131
538986
538889
538883
538824
538802
538797
538767
538686
538644
538592
538522
538228
538026
537884
537838
537656
537615
537560
537208
537155
537021
536999
536903
536886
536886
536870
536739
536683
536623
536513
536490
536387
535889
535806
535778
535639
535633
535620
535537
535051
534972
534956
534892
534313
534276
534143
533678
533649
533605
533532
533307
533237
533199
533137
533112
533042
533036
532949
532912
532829
532820
532672
532613
532596
532511
532412
532168
532163
532121
531880
531804
531671
531565
531527
531503
531250
531225
531189
531114
531051
530847
530788
530635
530545
530461
530441
530394
530235
530181
530161
530151
530080
529994
529983
529913
529683
529665
529652
529614
529556
529460
529429
529379
529369
529231
529173
529089
528959
528955
528932
528924
528892
528766
528652
528623
528583
528295
528267
528127
528087
527838
527717
527656
527651
527648
527594
527382
527244
527205
527173
527137
527132
527050
527024
527008
526862
526684
526492
526416
526280
526263
526211
526025
526020
525835
525587
525583
525458
525315
525219
525182
525131
525131
525076
525038
524964
524952
524927
524884
524829
524752
524743
524698
524617
524548
524512
524499
524424
524374
524325
524255
524248
523880
523779
523744
523564
523557
523399
523359
523301
523288
523102
522965
522868
522853
522773
522678
522626
522334
522174
522071
521918
521869
521855
521821
521769
521635
521499
521495
521494
521407
521389
521309
521206
521109
521000
520708
520598
520554
520522
520482
520352
520347
520320
520027
520004
519964
519837
519808
519758
519695
519591
519479
519395
519375
519117
518995
518896
518864
518849
518773
518530
518361
518189
518164
517852
517832
517766
517686
517582
517516
517513
517379
517359
517315
517307
517264
517190
517176
517119
517017
516827
516820
516564
516510
516487
516383
516219
516143
516129
516063
516020
515801
515456
515331
515322
514607
514580
514266
514233
514118
513698
513663
513551
513458
513457
513450
513412
513361
513328
513174
513162
513062
513037
513000
512989
512874
512778
512760
512710
512532
512492
512484
512382
512309
512234
512170
512122
512079
511642
511633
511595
511585
511472
511399
511380
511201
511194
511002
510936
510907
510883
510857
510798
510712
510707
510293
510259
510133
509992
509983
509765
509658
509636
509534
509314
509285
509107
509106
509043
508856
508665
508500
508364
508362
508333
508320
508224
508206
508186
507880
507841
507759
507490
507306
506981
506729
506620
506527
506273
506250
506018
505975
505956
505863
505844
505836
505744
505665
505460
505112
505050
505008
504877
504864
504756
504604
504577
504470
504135
504088
504059
504036
503816
503651
503647
503620
503416
503400
503210
503135
503057
502986
502982
502854
502707
502696
502598
502497
502365
502304
502224
502181
502173
502074
502061
501740
501711
501670
501405
501403
501337
501318
501317
501242
501200
501096
500899
500899
500881
500852
500824
500712
500693
500395
500180
500097
500057
499887
499847
499698
499676
499566
499348
499257
499247
499176
499094
498727
498605
498475
498408
498335
498298
498093
498039
498027
497999
497751
497715
497463
497451
497403
497382
497286
497267
497061
496861
496828
496361
496269
496261
496185
495956
495879
495828
495800
495765
495675
495552
495451
495363
495283
494910
494828
494646
494626
494620
494584
494454
494332
494263
494220
494092
493919
493875
493869
493844
493836
493522
493424
493390
493328
493225
493146
493018
492925
492770
492691
492503
492369
492313
492276
492269
492240
492188
492060
492048
492003
491980
491920
491519
491464
491448
491415
491312
491245
491072
491065
491001
490983
490908
490905
490751
490691
490615
490456
490386
490365
490297
490248
489865
489817
489758
489574
489557
489546
489444
489399
489355
489132
489081
489058
489018
488967
488964
488902
488357
488356
488177
488056
487950
487905
487219
487210
487142
486759
486689
486682
486628
486578
486338
486273
486036
486022
485956
485926
485900
485737
485661
485551
485496
485439
485435
485228
485198
485185
485071
484905
484862
484758
484567
484564
484437
484176
484167
484042
483941
483904
483847
483683
483662
483662
483533
483455
483349
483159
483135
482971
482671
482536
482393
482344
482208
482206
481984
481746
481715
481682
481668
481440
481389
481373
481336
481202
481061
480859
480853
480646
480591
480563
480474
480405
480164
479942
479815
479613
479501
479481
479450
479445
479442
479372
478933
478528
478518
478410
477938
477907
477773
477689
477543
477422
477389
477389
477263
477251
477032
476970
476814
476431
476361
476292
476276
476183
475926
475886
475710
475605
475597
475556
475511
475496
475482
475401
475276
475267
475233
475202
475112
475065
475005
474831
474530
474432
474404
474204
474003
473943
473899
473722
473721
473319
472758
472752
472518
472408
472397
472334
472122
471924
471905
471839
471833
471749
471726
471724
471684
471539
471484
471332
471232
471090
470844
470809
470777
470756
470651
470561
470521
470343
470297
470294
470266
470053
469910
469821
469710
469604
469510
469370
469270
469254
469207
469192
469126
468877
468611
468514
468054
468047
468021
467950
467695
467662
467654
467568
467488
467260
467051
467041
466967
466734
466499
466401
466347
466279
466201
466102
466045
465843
465813
465618
465545
465485
465364
465349
465325
465227
465162
465058
464891
464760
464711
464609
464562
464560
464488
464292
464211
464041
463986
463904
463889
463807
463662
463621
463260
463087
462991
462831
462825
462782
462428
462042
461951
461929
461724
461693
461624
461579
461477
461404
461339
461198
461189
461164
461134
461118
461101
460864
460682
460456
460450
460444
460228
459988
459930
459884
459839
459756
459709
459701
459619
459532
459487
459470
459465
459435
459296
459225
459208
459107
458993
458955
458934
458933
458918
458881
458787
458744
458741
458669
458429
458371
458126
457991
457787
457738
457692
457441
457429
457237
457235
457175
457153
457070
456957
456903
456788
456764
456535
456520
456490
456356
456265
456248
456036
456027
455749
455715
455643
455624
455545
455499
455350
455188
455146
455010
455005
454824
454711
454386
454079
453860
453812
453803
453794
453760
453728
453597
453578
453169
453149
453039
452956
452890
452757
452712
452702
452691
452678
452651
452568
452549
452412
452242
451889
451851
451766
451670
451648
451570
451498
451443
451332
451315
451138
451075
451013
450913
450772
450648
450617
450569
450430
450339
450337
450232
450214
450175
450165
450139
449928
449777
449516
449412
449318
449286
449235
449175
449024
448943
448934
448825
448676
448407
448350
448344
448337
448268
448090
447719
447632
447552
447188
447180
447068
446861
446822
446795
446644
446616
446488
446447
446441
446161
446077
445969
445932
445875
445591
445579
445564
445551
445441
445417
445306
445057
445023
444956
444782
444665
444642
444563
444061
444015
443941
443769
443577
443576
443280
443252
443238
443209
443180
443128
443122
443115
443099
443047
442960
442688
442605
442549
442547
442456
442443
442330
442246
442151
441872
441632
441601
441500
441471
441345
441306
441202
441102
441102
440999
440798
440774
440645
440604
440583
440252
440207
440131
439838
439777
439617
439449
439436
439380
439347
439283
439098
439086
439042
439018
438550
438399
438301
438298
438112
438076
437934
437802
437765
437673
437653
437475
437325
437210
437083
437028
436818
436664
436631
436503
436475
436458
436406
436137
436097
436005
435939
435885
435859
435822
435797
435632
435601
435251
435169
435076
435022
434994
434962
434954
434771
434641
434523
434500
434394
434354
434280
434220
434022
433980
433866
433751
433482
433300
433184
433172
432901
432803
432696
432606
432575
432428
432365
432305
432297
432209
432087
432054
431788
431479
431370
431341
431001
430919
430838
430836
430802
430493
430273
430265
430110
429943
429928
429874
429788
429788
429635
429524
429489
429281
429176
429001
428937
428890
428854
428762
428749
428671
428622
428588
428442
428254
428211
428093
428042
427996
427842
427588
427496
427221
427211
427061
427015
426949
426926
426918
426903
426795
426738
426725
426718
426715
426703
426682
426562
426520
426468
426369
426348
426338
426308
426272
426191
426154
426115
426005
425889
425824
425803
425601
425517
425489
425438
425366
425298
425105
425020
424991
424872
424838
424818
424756
424616
424320
424303
424267
424186
424079
423981
423916
423860
423842
423836
423782
423589
423544
423505
423458
423448
423443
423358
423203
423180
423082
422579
422481
422324
422188
422169
422117
421832
421733
421726
421703
421619
421495
421430
421420
421412
421392
421289
421236
420808
420716
420430
420389
420125
420051
419952
419810
419727
419702
419699
419467
419467
419437
419258
419127
419062
418647
418610
418264
418243
418216
418209
418188
418037
417751
417730
417661
417599
417293
417225
416989
416933
416710
416627
416590
416534
416447
416331
416172
415541
415480
415322
415261
414775
414749
414745
414642
414582
414426
414423
414398
414201
414084
414055
413733
413707
413706
413511
413434
413427
413345
413277
413266
413229
413183
413182
413115
412841
412690
412593
412458
412336
412235
412077
411783
411596
411497
411482
411339
411241
411137
411136
410993
410940
410887
410732
410665
410358
410286
410285
410264
410203
410129
409968
409956
409746
409690
409688
409645
409549
409499
409462
409421
409415
409271
409152
409067
409020
408993
408969
408888
408852
408780
408643
408425
408344
408272
407778
407741
407741
407549
407472
406947
406650
406620
406332
406330
406326
406319
406291
406268
406178
406059
406024
405878
405642
405615
405604
405323
405092
405047
404929
404608
404503
404300
404262
404184
404065
404021
403938
403906
403901
403849
403811
403743
403658
403504
403495
403465
403295
403059
402949
402834
402805
402646
402597
402439
402374
402365
402243
402213
402126
402125
402023
402001
401701
401699
401683
401530
401454
401411
401261
400778
400726
400668
400563
400474
400411
400197
400156
399991
399835
399659
399617
399599
399393
399376
399360
399322
399285
399243
399204
399065
398968
398965
398956
398884
398856
398852
398705
398673
398658
398590
398574
398569
398541
398503
398467
398429
398285
398169
398070
397983
397978
397930
397872
397645
397637
397473
397362
397289
397251
397160
397158
397156
397111
397075
396994
396971
396738
396578
396518
396421
396341
396147
395988
395761
395719
395535
395484
395365
395277
394975
394954
394901
394893
394834
394780
394547
394378
394189
394185
394173
393788
393781
393567
393518
393493
393451
393414
393407
393260
392895
392348
391940
391757
391650
391446
391343
391325
391223
391188
391152
390849
390746
390708
390706
390681
390605
390515
390491
390458
390449
390284
390083
389962
389918
389833
389819
389760
389619
389612
389397
389338
389191
388851
388844
388793
388536
388526
388411
388391
388331
388079
388041
387929
387750
387739
387467
387440
387186
387174
387096
387041
386891
386852
386840
386611
386587
386567
386302
386114
385967
385892
385747
385716
385699
385680
385615
385536
385417
385387
385155
384969
384923
384904
384777
384699
384638
384558
384456
384364
384338
384246
384245
384185
384089
384088
383941
383905
383775
383771
383733
383730
383558
383552
383543
383387
383256
383254
383109
383055
383052
383049
383032
383025
382852
382762
382746
382662
382617
382529
382519
382425
382381
382314
382260
382113
382064
382038
381950
381934
381872
381774
381755
381693
381669
381478
381351
381183
381183
380590
380525
380356
380229
380194
379997
379927
379896
379860
379859
379749
379623
379584
379421
379328
379222
379131
378851
378681
378615
378539
378397
378022
377925
377584
377458
377323
377294
377227
376961
376855
376676
376640
376562
376550
376541
376503
376350
376165
376017
376012
375705
375603
375524
375416
375269
375221
375065
375017
374997
374895
374792
374715
374711
374529
374496
374428
374355
374281
374230
373860
373653
373389
373309
373127
372920
372772
372668
372626
372599
372572
372570
372268
372130
372067
372026
371965
371944
371776
371712
371528
371377
371358
371123
370840
370645
370611
370577
370433
370083
370042
370028
369942
369903
369831
369700
369624
369623
369513
369471
369467
369430
369302
369248
369213
369200
369168
369000
368909
368878
368860
368857
368805
368790
368661
368564
368388
368382
368361
368354
368209
368138
368092
368077
368045
368028
367802
367765
367692
367645
367499
367437
367433
367364
367161
367141
366920
366772
366507
366461
366431
366290
366159
366083
365942
365902
365815
365801
365451
365304
365199
364694
364658
364465
364464
364322
364118
364040
363989
363848
363667
363649
363610
363297
363216
363213
363150
363000
362922
362759
362672
362486
362347
362331
362270
361998
361929
361925
361801
361755
361747
361678
361678
361654
361588
361566
361381
361356
361325
361318
361280
361258
361222
361185
360864
360840
360564
360553
360206
360143
360118
359998
359909
359852
359767
359717
359636
359601
359531
359178
359144
359101
359091
358969
358769
358656
358601
358588
358571
358538
358446
358355
358276
358264
358263
358164
358104
358067
357727
357717
357640
357580
357534
357484
357344
357302
357201
357150
357083
356957
356912
356885
356548
356529
356271
356129
356105
355985
355979
355881
355818
355704
355491
355483
355478
355446
355387
355344
355276
355129
355057
354789
354663
354575
354489
354413
354289
354211
354012
353972
353862
353830
353790
353705
353669
353601
353481
353375
353310
353235
353165
353161
353140
353133
353047
353022
352846
352827
352807
352790
352778
352685
352548
352319
352310
352240
352101
352046
352045
351975
351817
351710
351660
351524
351506
351499
351496
351280
351253
351251
351246
351217
351100
351077
350805
350793
350739
350714
350621
350620
350606
350514
350380
350202
350021
349942
349422
348900
348805
348804
348734
348710
348706
348688
348674
348599
348567
348563
348444
348143
347913
347901
347867
347858
347524
347518
347012
346950
346737
346584
346572
346451
346447
346357
346247
346231
346221
346130
346037
345980
345662
345561
345495
345480
345445
345412
345382
345240
345119
345021
344994
344981
344967
344948
344644
344400
344350
344308
344209
344160
343756
343709
343663
343653
343506
343448
343421
343301
343280
343259
343222
342982
342975
342830
342825
342775
342700
342673
342644
342309
342269
342246
342198
342169
342091
342055
341835
341750
341619
341576
341523
341423
341396
341331
341272
341060
340992
340962
340876
340869
340849
340782
340706
340641
340626
340505
340190
339918
339884
339796
339641
339599
339567
339550
339430
339375
339325
339195
339139
339127
339019
338929
338917
338896
338838
338819
338714
338543
338486
338482
338441
338150
337946
337740
337685
337399
337297
337081
337023
337012
336765
336713
336712
336594
336505
336006
335918
335855
335845
335763
335624
335550
335450
335384
335301
335118
335090
334927
334877
334655
334501
334417
334366
334301
334005
333990
333975
333740
333596
333570
333494
333325
333271
333230
333149
333131
333114
332890
332823
332772
332720
332673
332547
332425
332405
332125
331996
331954
331890
331793
331766
331748
331641
331549
331503
331454
331238
331106
331104
330965
330677
330665
330630
330529
330493
330473
330441
330268
330234
330141
330098
329994
329914
329903
329815
329757
329424
329294
329120
329107
328854
328850
328777
328610
328567
328512
328356
328198
328163
328161
328002
327869
327846
327629
327619
327453
327356
327310
327054
326922
326790
326719
326494
326464
326304
326241
326190
326101
326039
325937
325879
325827
325691
325611
325570
325490
325419
325359
325278
325099
325099
324885
324854
324631
324483
324453
324420
324382
324373
324371
324330
324116
323885
323752
323708
323698
323696
323614
323501
323242
323057
322916
322892
322599
322583
322580
322483
322376
322186
321856
321793
321677
321607
321358
321343
321206
321202
321143
321023
320903
320899
320845
320837
320599
320373
320316
320232
320110
320103
320081
320058
320058
319924
319916
319876
319825
319725
319578
319531
319478
319419
319389
319387
319360
319245
319068
319031
319017
318896
318889
318882
318876
318701
318615
318548
318532
318298
318258
318241
317943
317921
317705
317607
317486
317419
317390
317219
317190
317134
316987
316901
316879
316587
316552
316305
316220
315948
315903
315868
315515
315329
315325
315261
315249
314658
314549
314546
314486
314448
314253
314159
313884
313725
313446
313443
313404
313246
313079
313024
312992
312914
312809
312749
312718
312526
312453
312378
312342
312289
312198
312110
312036
311884
311856
311737
311689
311621
311589
311527
311507
311482
311464
311388
311347
311275
311212
311185
310927
310586
310580
310436
310414
310382
310336
310223
310184
310139
310071
309963
309906
309857
309771
309725
309576
309497
309371
309344
309153
309101
309046
308947
308897
308812
308471
308311
308079
308040
307984
307845
307827
307608
307604
307594
307513
307404
307388
307353
307344
307259
307258
306870
306612
306472
306425
306323
306256
305969
305547
305425
305259
305004
304731
304712
304416
304411
304376
304226
304093
303719
303705
303542
303509
303481
303385
303310
303280
302999
302979
302936
302710
302588
302378
302341
302280
302263
302219
302176
302087
302020
301766
301746
301536
301143
301030
300997
300996
300986
300737
300701
300583
300552
300453
300394
300271
300148
299789
299601
299600
299568
299513
299416
299295
299267
299255
299198
299027
298990
298983
298950
298739
298622
298554
298535
298489
298469
298448
298320
298256
298135
298076
298039
297940
297889
297885
297857
297835
297753
297732
297703
297651
297491
297423
297348
297235
297219
297219
297156
297051
296996
296875
296848
296567
296507
296359
296326
296272
296128
296103
296095
296013
295925
295893
295793
295751
295581
295560
295491
295418
295402
295374
295364
295344
295330
295304
295217
295179
295146
294798
294783
294779
294677
294639
294613
294593
294458
294346
294340
294176
293928
293799
293676
293650
293452
293356
293307
293285
293074
292980
292915
292886
292865
292835
292673
292478
292252
292243
292162
292136
292105
291949
291710
291704
291549
291445
291387
291209
291118
290879
290845
290673
290639
290633
290629
290619
290592
290516
290296
290266
290197
290125
290073
290066
289941
289937
289848
289837
289718
289673
289631
289564
289477
289382
289244
289140
289110
289060
289048
289037
288921
288759
288754
288725
288684
288544
288448
288361
288309
288234
288196
288175
287885
287854
287751
287745
287728
287619
287443
287207
287132
287116
287050
287045
287037
286953
286922
286891
286571
286533
286430
286314
286207
285776
285766
285746
285597
285584
285531
285476
285463
285308
285307
285152
285054
284950
284841
284734
284650
284575
284483
284239
284226
284197
284107
284083
284043
284025
284019
283985
283978
283969
283958
283953
283867
283844
283779
283581
283337
283217
282946
282931
282771
282510
282340
282298
282251
282217
282177
282067
281897
281608
281580
281440
281334
281112
280893
280821
280808
280483
280419
280392
280372
280342
280258
279995
279975
279861
279859
279818
279802
279696
279619
279606
279303
279167
279035
278907
278860
278666
278622
278586
278076
278057
277926
277792
277735
277703
277585
277583
277574
277515
277301
277180
277131
277119
276884
276654
276440
276117
276107
275778
275768
275621
275621
275546
275318
275161
275109
275022
275011
274833
274449
274345
274325
274218
274207
274166
274000
273949
273899
273810
273740
273626
273479
273473
273392
273128
273078
273066
273016
272775
272774
272740
272717
272701
272695
272547
272411
272378
272323
272209
272190
272163
272017
271980
271766
271742
271741
271492
271413
271301
271150
271136
270837
270822
270590
270524
270438
270389
270251
270179
270062
270056
269995
269985
269974
269946
269800
269738
269698
269665
269553
269522
269520
269416
269323
269322
269173
269103
269040
268991
268977
268970
268951
268915
268874
268606
268246
268097
268006
267930
267612
267292
267281
267167
267067
266978
266954
266947
266925
266840
266815
266726
266610
266545
266289
266229
266192
266164
265966
265818
265588
265579
265526
265488
265455
265386
265287
265197
265059
265052
265013
264931
264889
264399
264317
264246
264188
264139
263911
263655
263265
263250
263023
263014
262715
262665
262659
262654
262584
262478
262364
262258
262104
262090
262070
261977
261797
261775
261624
261448
261434
261375
261335
261196
261088
261045
260976
260838
260719
260507
260337
260192
260171
259967
259959
259771
259676
259662
259627
259548
259435
259364
259322
259019
258960
258936
258852
258830
258792
258784
258731
258711
258700
258689
258514
258462
258302
258259
258235
258135
258056
257634
257533
257437
257220
257173
257053
256807
256610
256542
256507
256318
256237
256188
256186
255959
255958
255900
255771
255625
255595
255450
255405
255399
255386
255342
255111
254956
254931
254921
254919
254913
254870
254867
254622
254490
254438
254263
254135
254073
253969
253827
253677
253517
253456
253403
253372
253306
253264
253258
253160
252730
252604
252537
252473
252380
252233
252139
252104
252087
251994
251881
251828
251634
251614
251448
251427
251355
250872
250689
250397
250390
250174
250131
250062
250026
249947
249924
249852
249744
249660
249599
249451
249420
249307
249010
248911
248761
248670
248581
248444
248312
248151
248127
247856
247784
247721
247716
247662
247616
247372
247212
247146
247126
247103
247045
247006
246913
246910
246796
246401
246379
246255
246170
245857
245774
245641
245558
245535
245423
245398
245170
245097
245050
244960
244907
244894
244878
244811
244671
244614
244572
244417
244365
244309
244155
243412
243324
243277
243210
243208
243185
243130
243116
243102
243079
242997
242972
242869
242868
242783
242469
242412
242245
242191
242169
242127
242047
241986
241829
241331
241264
241260
241257
241139
241081
241074
241028
240787
240754
240662
240614
240465
240442
240073
239885
239794
239735
239716
239692
239680
239514
239465
239396
239207
239039
238958
238949
238710
238330
238164
238060
238022
237764
237560
237528
237076
236928
236902
236889
236882
236872
236844
236838
236780
236739
236471
236273
236100
236059
235889
235875
235756
235670
235655
235481
235317
235163
235151
234993
234927
234782
234762
234743
234724
234628
234623
234527
234478
234214
234197
234157
234070
233989
233976
233952
233941
233869
233853
233810
233769
233696
233688
233616
233582
233559
233557
233545
233452
233381
233328
233221
233163
233092
233086
233014
232928
232780
232620
232603
232594
232545
232522
232388
231939
231771
231709
231698
231611
231597
231300
231265
231170
231144
231132
230951
230903
230896
230794
230634
230575
230542
230512
230499
230144
230088
229973
229913
229794
229750
229692
229682
229674
229192
228878
228846
228838
228603
228409
228399
228312
228262
228164
228110
228013
228006
227997
227946
227883
227738
227535
227492
227455
227449
227416
227334
227201
226930
226867
226768
226744
226595
226584
226430
226350
226300
226281
226207
226203
226200
225937
225869
225851
225767
225733
225701
225613
225491
225477
225446
225391
225301
225287
225219
225060
224728
224675
224596
224571
224454
224425
224399
224311
224144
224143
224133
223922
223838
223657
223422
223355
223159
223139
223036
222909
222706
222622
222519
222505
222299
222282
221966
221959
221957
221775
221578
221293
221186
221173
220990
220968
220733
220606
220538
220532
220425
220359
220005
219703
219665
219433
219425
219384
219318
219089
218940
218852
218614
218582
218447
218386
218358
218283
218162
218127
218077
218023
217941
217612
217588
217558
217518
217166
217117
216839
216688
216516
216510
216363
216126
216028
215794
215787
215723
215722
215636
215609
215571
215531
215288
215271
215211
215174
215047
214987
214979
214885
214856
214763
214491
214416
214370
214353
214336
214276
214268
214245
214091
214078
213857
213678
213635
213501
213448
213353
213261
212973
212816
212734
212683
212567
212426
212352
212270
212099
211978
211967
211914
211738
211697
211600
211529
211459
211304
211020
210924
210596
210574
210542
210383
210225
210123
210046
209965
209946
209814
209678
209592
209406
209159
209083
209063
209042
208979
208820
208784
208654
208610
208355
208330
208275
208210
208200
208155
208154
208148
208033
207985
207876
207812
207752
207611
207484
207285
207249
207234
207223
207109
207020
206891
206870
206831
206598
206179
206085
205859
205853
205824
205761
205480
205431
205386
205088
205029
204945
204729
204665
204568
204559
204522
204299
204260
204049
203989
203850
203791
203745
203496
203476
203418
203321
203276
203234
203141
203077
202983
202855
202637
202486
202324
202304
202303
202067
202052
202045
202021
201891
201699
201683
201623
201361
201236
201165
201098
201070
200907
200867
200810
200769
200688
200660
200206
200068
199642
199591
199582
199507
199480
199422
199250
199075
198709
198502
198496
198328
198307
198206
198185
198046
197923
197853
197629
197456
197399
197213
196889
196804
196786
196484
196348
196197
196193
196146
196138
196004
195889
195859
195832
195602
195540
195511
195441
195385
195279
194899
194290
194183
194138
194021
193618
193503
193401
193397
193392
193389
193370
193263
192978
192942
192859
192796
192796
192740
192678
192670
192652
192471
192244
192091
192048
191970
191783
191781
191626
191570
191512
191214
191206
191038
190960
190873
190692
190486
190183
190065
189926
189848
189835
189813
189740
189529
189391
189389
189305
189173
189038
189030
188976
188894
188829
188596
188270
188241
187963
187861
187788
187502
187259
186753
186688
186643
186600
186498
186191
186029
185959
185895
185893
185869
185791
185783
185753
185524
185504
185449
185339
185338
185188
185179
184983
184874
184800
184374
184321
184306
184171
183967
183960
183956
183907
183662
183634
183461
183150
182954
182904
182802
182763
182740
182687
182621
182501
182234
182163
182149
182093
181857
181642
181629
181539
181535
181429
181276
181222
180989
180949
180915
180757
180679
180650
180604
180439
180433
180144
180052
179906
179763
179677
179638
179629
179540
179520
179444
179265
179178
179139
179096
178899
178872
178745
178675
178604
178591
178502
178470
178372
178194
178163
177935
177899
177857
177856
177822
177665
177643
177600
177592
177482
177369
177311
177176
177081
176961
176565
176558
176555
176441
176352
176349
176284
176206
176047
175973
175925
175823
175791
175757
175742
175705
175430
175427
175364
175264
175257
175192
175189
175155
175039
174959
174887
174878
174862
174769
174662
174607
174542
174244
174232
174195
174139
173993
173919
173622
173599
173432
173377
173356
173287
173269
173249
173020
172979
172842
172840
172465
172459
172262
172151
172146
172081
171822
171790
171721
171678
171566
171436
171292
171126
171017
170798
170440
170327
170221
170161
169950
169949
169573
169278
169249
169047
168920
168794
168498
168471
168443
168426
168361
168282
168188
168122
168060
167899
167677
167444
167432
167371
167244
167150
167133
167097
167096
167054
166914
166751
166696
166667
166661
166645
166454
166415
166218
166210
166206
166097
166034
166009
165952
165937
165600
165586
165554
165497
165415
165134
165027
164987
164961
164790
164788
164429
164257
164248
164196
164164
164146
164099
163698
163684
163682
163507
163493
163386
163379
163290
163241
163213
163137
163135
163080
162938
162905
162686
162678
162403
162354
162351
162208
162180
162081
162036
161938
161718
161449
161200
161112
161106
161080
160953
160876
160467
160245
160191
159968
159910
159825
159603
159327
159303
159133
159015
158959
158833
158759
158731
158641
158530
158519
158339
158262
158144
158112
158100
158097
157764
157538
157367
157331
157316
157293
157276
157273
157258
157151
157059
156981
156903
156729
156637
156540
156268
156243
156136
155969
155957
155924
155736
155727
155524
155195
155106
154758
154697
154655
154509
154441
154266
154051
153627
153548
153429
153393
153373
153349
153094
153038
152961
152879
152878
152827
152776
152709
152698
152652
152612
152570
152277
152177
151798
151742
151718
151585
151547
151536
151364
151293
151276
151264
151259
151174
151122
151045
151031
150966
150920
150809
150706
150546
150467
150329
150077
150036
149961
149947
149895
149757
149600
149544
149317
149159
148829
148772
148614
148541
148447
148445
148437
148349
148310
148284
148217
148215
148152
148008
147944
147803
147783
147654
147647
147633
147417
147354
147287
147286
147197
147194
147091
146950
146945
146748
146715
146578
146485
146308
146214
145947
145900
145675
145471
145304
145101
144896
144800
144767
144687
144527
144416
144377
144241
143813
143692
143530
143501
143500
143477
143465
143365
143179
143164
143076
143017
142991
142757
142704
142672
142638
142601
142521
142396
142377
141711
141510
141455
141445
141249
141233
141164
140996
140920
140909
140777
140743
140319
140257
140069
139980
139932
139907
139817
139752
139671
139565
139450
139095
139079
138975
138628
138624
138622
138540
138310
138054
138051
137992
137960
137794
137785
137747
137652
137558
137501
137432
137422
137244
137083
136996
136937
136814
136622
136318
136254
136244
136193
136166
136094
136010
135965
135821
135793
135630
135585
135565
135564
135045
135026
134956
134834
134761
134737
134655
134593
134297
134235
134119
134035
133978
133937
133886
133833
133448
133389
133373
133307
133181
133063
133031
132900
132778
132695
132444
132430
132268
132208
132149
132121
132006
131602
131532
131516
131474
131153
130625
130540
130458
130445
130390
130098
129950
129888
129665
129653
129544
129430
129315
129301
129288
129143
129054
128543
128526
128521
128437
128412
128406
128395
128319
128302
128278
128190
128096
128021
128017
127582
127571
127492
127449
127380
127250
127221
127119
126713
126435
126348
126299
126274
126163
126091
125971
125909
125877
125856
125819
125790
125568
125460
125416
125338
125335
124984
124805
124803
124734
124731
124727
124605
124502
124407
124368
124302
124240
124122
123955
123934
123868
123846
123809
123808
123794
123729
123717
123701
123310
123297
123264
123213
122707
122517
122462
122419
122403
122316
122290
122269
121783
121764
121604
121294
121153
121041
120844
120670
120632
120593
120506
120459
120295
119957
119910
119907
119814
119690
119584
119576
119476
119265
118779
118612
118581
118447
118219
118212
118189
118122
118072
117865
117731
117673
117656
117640
117530
117429
117418
117332
117133
117039
116925
116834
116801
116767
116748
116665
116618
116519
116450
116244
116215
116191
116152
116150
116092
115844
115627
115560
115534
115472
115468
115382
115289
115224
115138
115116
115089
114987
114792
114676
114623
114508
114501
114447
114435
114270
114099
114070
114018
113980
113973
113917
113894
113859
113844
113769
113766
113298
113184
113031
113009
112925
112906
112675
112607
112588
112525
112503
112450
112424
112403
112299
112243
112225
112136
112118
112057
112017
111996
111919
111852
111714
111701
111537
111424
111380
111354
111297
111167
111086
110894
110700
110509
110468
110380
110316
110222
109760
109619
109616
109604
109589
109522
109284
109169
109153
109135
109052
109021
108882
108754
108698
108646
108425
108399
108373
108328
108275
108135
107969
107916
107915
107909
107870
107497
107465
107420
107385
107377
107157
107110
106865
106547
106459
106323
106249
106103
106084
105887
105541
105478
105455
105113
104633
104556
104522
104379
104304
104232
104201
104145
103668
103627
103610
103572
103077
102783
102442
102312
102284
102115
101867
101825
101497
101384
101185
101169
101050
100967
100824
100809
100781
100422
100384
100328
100188
100080
100039
100026
99809
99718
99655
99631
99631
99367
99250
99178
99135
99124
99104
99047
98948
98825
98687
98685
98656
98544
98444
98442
98238
98237
98217
98208
98150
98099
98038
97882
97858
97672
97665
97609
97600
97545
97487
97331
97283
97191
97120
97050
96939
96769
96728
96718
96672
96665
96378
96107
95903
95870
95793
95657
95470
95466
95410
95366
95181
95129
94743
94724
94669
94644
94635
94590
94572
94546
94519
94514
94405
94300
94229
93976
93916
93902
93887
93876
93773
93744
93618
93617
93565
93494
93368
93280
93214
93177
93168
92864
92795
92730
92690
92547
92373
92272
92236
92180
91826
91598
91570
91500
91223
91107
91062
90913
90892
90772
90649
90559
90491
90467
90392
90315
90295
90244
90199
90116
90059
89843
89808
89611
89525
89519
89421
89267
89098
88955
88952
88935
88798
88578
88499
88421
88343
88189
88173
88067
87977
87949
87838
87825
87824
87696
87560
87559
87343
87319
87045
86482
86472
86371
86124
86106
86089
85931
85806
85360
85316
85179
85137
85101
85085
85022
84954
84917
84382
84298
84276
84252
84149
84050
84035
84025
84010
83906
83888
83856
83700
83614
83279
83112
83078
82866
82724
82695
82456
82326
82240
82036
81982
81948
81628
81509
81388
81298
81227
81128
81107
81043
81023
81002
80857
80802
80752
80630
80600
80320
80269
80098
79925
79806
79621
79362
79280
79263
79128
79122
79056
78972
78861
78587
78574
78310
78154
78001
77970
77928
77831
77625
77568
77472
77465
77417
77263
77076
76962
76956
76932
76877
76846
76834
76768
76632
76628
76553
76366
76181
76144
76135
76063
76032
75828
75800
75785
75779
75742
75701
75459
75430
75413
75203
75168
75083
75071
74991
74851
74709
74683
74475
74434
74426
74291
74019
74003
73926
73903
73804
73782
73738
73642
73594
73527
73429
73327
73296
73181
73161
72542
72519
72508
72471
72275
72235
72178
72162
72120
71991
71969
71882
71785
71481
71477
71376
71171
71160
71056
71025
71020
71013
70928
70928
70891
70829
70593
70371
70198
70134
70016
69989
69985
69813
69757
69627
69536
69503
69245
68897
68775
68490
68302
68275
68166
67878
67829
67747
67602
67396
67307
67211
66952
66883
66671
66500
66371
66288
66184
66040
65822
65767
65586
65500
65372
65333
65219
65026
64969
64773
64768
64640
64517
64510
64504
64457
64365
64346
64109
64070
63962
63954
63945
63870
63631
63423
63333
63284
63031
62888
62763
62762
62715
62608
62599
62572
62523
62375
62305
62259
61866
61813
61633
61624
61546
61540
61519
61424
61203
61138
61112
60985
60902
60658
60618
60607
60492
60425
60406
60300
59779
59562
59489
59472
59410
59403
59402
59339
59182
59078
59001
58998
58725
58682
58658
58525
58289
58173
58031
58010
57748
57722
57410
57357
57271
57236
57087
56578
56544
56488
56386
56314
56285
56234
56154
56065
55931
55903
55880
55777
55631
55614
55415
55162
55141
55129
55111
55084
54918
54891
54860
54836
54739
54633
54553
54495
54387
54316
54088
54085
54082
54024
53919
53770
53588
53580
53575
53337
53159
53143
53026
52988
52959
52828
52809
52708
52669
52625
52393
52362
52290
52275
52268
52155
52002
51964
51864
51691
51589
51527
51459
51436
51366
51365
51321
51280
50994
50897
50847
50719
50453
50386
50179
49861
49690
49686
49622
49575
49500
49432
49328
48361
48348
48344
48271
48120
48034
47902
47878
47729
47716
47709
47690
47529
47318
47315
47230
47167
47162
47144
47054
46989
46959
46887
46506
46457
46440
46185
45985
45935
45827
45793
45656
45623
45458
45420
45124
45086
44971
44907
44873
44845
44835
44624
44498
44479
44394
44311
44264
44112
43949
43929
43804
43707
43704
43664
43622
43273
43247
43189
43115
43082
42996
42809
42753
42673
42480
42452
42329
42225
42131
42097
42045
41740
41636
41435
41253
41162
40966
40949
40947
40932
40923
40778
40425
40415
40357
40323
40303
40149
40104
39957
39837
39783
39759
39670
39670
39568
39558
39535
39361
39359
39332
38921
38753
38398
38397
38325
38304
38164
38162
37834
37695
37652
37579
37524
37360
37355
37320
37171
37142
37087
36228
35791
35762
35493
35489
35391
35378
35356
35297
35197
35183
35006
34973
34946
34914
34905
34895
34890
34760
34489
34470
34420
34262
34070
33957
33817
33798
33774
33729
33658
33577
33467
33414
33293
33280
33241
33206
33117
32945
32252
31877
31812
31287
31122
31040
30949
30949
30834
30762
30729
30710
30675
30582
30502
30498
30210
30061
30012
29865
29859
29751
29526
29458
29440
28848
28686
28641
28608
28533
28510
28413
28286
28148
28123
28050
27867
27848
27782
27621
27616
27546
27399
27346
27262
27127
27077
27066
26942
26928
26819
26745
26619
26598
26595
26593
26470
26374
26325
26231
26064
26060
26007
25919
25823
25780
25639
25548
25501
25349
25343
25283
25145
25122
25051
25010
24933
24925
24832
24801
24780
24695
24445
24272
23903
23799
23773
23763
23527
23504
23460
23377
23307
23268
23216
23192
23094
22840
22474
22401
22026
21958
21945
21815
21788
21774
21740
21733
21621
21551
21500
21274
21219
21197
21148
21145
21132
20822
20797
20780
20503
20486
20469
20386
19958
19922
19751
19606
19493
19273
19238
19137
19109
18910
18880
18686
18571
18239
18097
18023
18021
17964
17911
17908
17821
17498
17494
17385
17289
16855
16808
16780
16565
16554
16495
16447
16370
16319
16076
15754
15707
15699
15623
15568
15503
15453
15335
15268
15097
15083
15075
15033
15032
15021
15018
14935
14922
14779
14681
14674
14673
14341
14320
14190
14161
14020
13981
13915
13809
13758
13695
13402
13387
13339
13311
13296
13295
13111
12934
12866
12832
12811
12784
12771
12603
12592
12563
12485
12473
12039
11981
11951
11905
11696
11535
11533
10694
10614
10614
10526
10506
10490
10105
10093
10070
10055
9981
9925
9914
9904
9871
9828
9795
9750
9519
9141
9104
8918
8848
8807
8756
8218
8177
8146
8050
8037
7893
7874
7753
7627
7587
7577
7575
7424
7222
7208
7142
7062
6948
6921
6840
6662
6489
6342
6203
6103
5733
5648
5648
5587
5303
5146
5128
5055
5027
4950
4690
4318
4251
4174
4170
3907
3679
3491
3372
3250
3210
3168
2939
2932
2474
2352
2317
2165
2140
1790
1750
1590
1586
938
822
753
747
729
708
698
608
346
276
253
