1000
996217
995889
994742
994742
994140
993347
990808
989069
988585
987430
985975
985140
982496
979295
976926
976309
974210
971849
970832
969833
969310
968302
966371
965753
965690
964889
964585
962352
962091
960742
960630
960497
959783
958044
957629
957332
956530
954273
953958
953784
953372
950872
950119
949156
949002
948263
948104
947545
944907
942345
941454
941218
940694
940442
938572
937757
936823
936738
936122
936121
935496
934894
934848
934609
933554
933110
932293
932012
931462
930469
930354
928409
927436
926299
924026
923784
922482
920972
919157
918745
917258
915676
912044
909836
908547
908331
907756
907598
907391
906929
905445
903887
903227
902653
901922
900519
898132
897270
896252
895639
894932
894203
892151
889658
887842
885241
885103
884871
883779
883100
882737
882160
879915
878859
878083
877889
877068
876947
875597
875190
873687
872583
870478
870058
869680
869328
867088
866844
866101
863365
862804
862577
862369
860252
859737
858993
857407
857273
856899
856283
854872
854505
852849
851976
847403
847403
846842
846631
845456
844000
843437
841624
840859
840117
839869
839678
838895
838214
836970
836239
835139
835059
831620
830926
830435
829038
827467
827158
826548
825607
825534
825179
823810
821070
819391
817998
816982
816734
816191
814232
812502
810887
809386
807233
804843
803803
802139
801884
800882
799933
799034
797557
796286
795502
794794
794533
794271
791887
790723
789991
788766
786996
786800
786108
785737
785717
784784
783194
779967
779574
779005
778293
778266
777186
776473
773100
772438
769449
768150
767073
766387
765832
760767
758973
758365
756423
756280
754906
754784
754521
754369
754194
753792
753670
752924
751206
750384
749501
748910
748693
747058
744722
744544
743958
742952
742248
741989
739297
738394
738231
737365
736216
735300
734294
732181
730905
729078
728880
728751
727588
726972
723512
722937
722531
722257
721283
720923
720849
719455
718922
718302
716564
715562
714339
712598
712533
712113
711526
711396
709444
705857
703908
703811
701562
700481
699987
699977
699558
698386
697858
697426
696814
695678
694878
694557
693883
693548
691432
690315
688740
687818
687644
687365
687197
685868
685123
683787
683724
681762
681280
681042
680759
680001
679978
679358
679180
676417
674814
673775
672453
671669
670954
670434
666117
665662
665360
664151
664113
663157
660744
660093
659303
658541
658472
657132
656989
656818
653546
652663
652100
651940
651864
650796
650055
648474
648289
647738
647691
647318
646692
646657
646274
646149
644730
644370
643812
643012
642608
642293
639763
637141
636970
635741
635511
635286
635146
633529
632204
631550
631351
631287
630885
630408
627216
626772
625133
624950
622763
621878
621024
618769
617706
615959
615584
614215
612050
611353
610668
610572
609093
608045
606395
605809
605490
605109
604861
602206
601228
598777
598727
597039
596760
596358
595406
595019
594018
593574
591949
591736
590935
590790
586656
585994
584922
583982
583905
583859
580618
579343
577427
576756
575902
575742
571429
569857
568946
567152
566063
565627
565566
564439
564296
563411
563121
560785
560645
558945
557608
556591
556186
556063
555879
555829
555791
554629
554183
553800
553368
552992
552336
550695
548267
545963
544512
543086
542177
541581
541056
540794
534619
529749
527805
527431
526864
526552
524035
521775
520577
519370
516576
515504
515070
514423
514109
513090
510939
508336
506947
506329
506236
504798
504753
501859
500972
500384
499607
499209
498535
497332
495086
494866
493043
492942
492934
492366
491488
488030
487380
486544
485682
485428
485305
484042
481223
479604
478807
478240
477397
476832
475837
475729
475312
474009
473998
472515
472115
471014
470612
470136
468154
465632
464056
463735
463704
463148
463065
461328
460704
458732
458237
458141
456691
455112
453525
452951
452652
450223
448910
447714
447327
446987
446986
446693
446168
445890
444450
444102
438613
437759
436066
435996
434654
433743
432867
431821
430193
429170
428451
428374
428228
424834
424539
422625
421752
421669
420357
419175
419154
418904
418355
417776
416096
415271
411151
410610
408058
404675
404428
404402
402238
400111
399901
399125
398468
398135
397495
396615
395934
395083
394637
393231
392985
392566
392564
392561
390622
388981
388896
387817
387765
387622
386558
386558
385834
384705
384440
381569
381445
380369
379530
379476
379299
379072
376426
375801
371312
369132
365642
365366
365342
365016
361888
361115
360498
360336
359550
356543
355661
354220
354020
348726
347064
346901
345767
343956
343541
342869
340835
340158
339965
339792
339281
338183
336498
336414
335964
334100
332595
330167
330156
329673
328326
327237
324462
323470
322614
322204
322171
322161
319129
318717
315525
312742
310618
310175
309300
308439
307677
307358
306958
306815
306549
305783
304897
304365
302161
301778
301214
300760
300617
299658
299014
297603
296345
292891
291798
291601
290520
288954
288835
287348
286896
285780
285552
282760
282066
282035
281262
280614
280153
279630
278396
278179
278047
277814
276706
274837
274681
274353
274275
273907
273442
272979
272832
272560
271002
270486
269318
269000
267832
267002
266228
264965
261498
261192
260979
259942
258670
258504
258460
258392
256213
255842
254388
253364
251933
251566
251000
250091
249396
247679
246440
245292
244811
243852
243247
241370
241074
239822
238220
238054
236693
236647
235016
234785
234624
233813
233485
233260
232128
231384
231220
230596
227759
226233
225627
225386
224146
222905
222626
222414
222076
220238
218143
217781
214904
214903
214364
213055
211785
209355
206705
205911
204797
204711
204347
203234
203187
201583
201449
200809
198114
197983
197384
196931
196639
195970
194219
193242
191448
190677
189473
188107
187221
187097
186081
181350
180963
180114
178395
178255
178229
177919
177264
177067
175885
175521
174457
174268
173234
172881
172324
171741
170110
169347
169101
165578
164659
164464
164144
163796
162990
162876
162282
162142
162077
161657
160169
157803
155341
154869
153163
152819
150938
149099
149037
148417
147295
147012
146559
144842
143627
143341
142997
142552
142295
141646
141415
141373
139788
136488
135550
131310
129725
129531
129403
128721
128457
128372
127115
126303
125898
124935
123856
123237
118674
118427
118396
117770
117446
116922
116234
115222
113855
110752
110610
109139
107362
107344
106696
106618
106033
105991
105888
105023
104652
104048
103657
103386
102083
101305
100952
100677
100219
98896
98764
96794
96590
93313
91247
90488
90144
88156
87213
87065
84346
83546
83075
82548
81657
79350
78873
78041
76994
75803
75345
74092
73029
72774
71998
71384
68756
64714
63658
63442
59553
57391
56469
56312
56206
55048
54603
53708
53007
52401
52313
52197
50457
50432
49822
48583
47521
45053
44866
44624
43385
42786
42404
42374
42293
42165
40297
39669
38405
37412
35975
33678
33223
32457
32205
31974
31096
30205
29817
28297
28227
28170
27697
25430
21750
21698
17536
16451
16243
16049
14395
13692
13328
13249
13069
12086
11606
10753
9089
7427
6494
5216
4684
3801
3501
