1000
76
2854
2927
3899
4015
5174
5603
6624
8121
9789
10118
10762
10893
11361
12321
13910
14461
15369
15532
16313
17530
19191
19339
19981
20125
21741
21924
22922
23720
23882
24446
25149
25714
25854
26052
26281
29223
32516
33415
33494
34879
35019
35830
37600
37855
38368
40360
40623
42194
44110
45140
45893
47726
47898
49299
50520
50601
50722
50773
51833
53483
55165
56576
58307
58312
59545
60380
61201
62776
63845
64993
65459
65819
67578
67881
69415
70337
73393
77327
78149
79243
79373
79802
79927
81475
81616
84111
86221
91853
92876
93166
93169
95070
95334
97907
99310
101118
101236
101974
102477
102732
103801
104273
106153
106853
108299
108742
110372
111657
113016
114688
116320
117500
117588
118809
118858
119638
120817
121207
121590
122210
123426
126241
126349
127113
128172
129065
130360
130533
131366
131386
131660
131769
133211
133325
133870
134419
135633
136739
137228
138701
138914
138920
139027
139271
139649
139821
140655
140857
141136
141868
142322
142575
144319
145925
146846
149040
149909
150897
152033
154309
156237
157412
157466
158721
158765
158853
159931
160072
162720
162798
163875
164484
164954
166744
168714
168941
170127
173278
174949
175035
175355
178429
180031
180089
180228
182777
183567
188449
188508
188719
189667
190080
190263
191233
194095
194554
194757
195704
197200
198201
198258
200252
200438
200979
200999
201705
202959
203372
203457
206469
206491
207204
207935
208304
208866
208951
209268
209393
209656
210015
210566
210876
211101
211889
213615
214314
214478
216598
217244
217268
217513
219842
220029
221261
221725
221783
222895
227677
228166
228991
230139
231231
231593
232475
232791
233512
233649
233842
234775
234951
239558
240624
240650
241706
242094
242144
243231
243630
245323
245636
246740
246782
246786
247790
248986
251503
252043
253022
253943
254460
256490
256507
257073
257768
257890
258515
259024
259986
260274
261224
261423
261639
262489
262880
265193
266250
266557
267538
267649
268132
268923
269367
269557
270455
271436
273557
275794
277564
277860
277880
278727
278962
281075
282780
282905
284037
284064
285790
288227
290537
291345
291385
293055
293193
295203
295477
295919
299257
300568
301346
301621
302659
302841
303409
303616
303827
304579
305701
306337
306979
307316
307360
308151
308639
308947
312339
314300
314433
315500
316813
320972
321229
321743
322449
324894
325957
326133
327273
329799
330651
330710
331501
331515
334108
335434
336005
337856
338422
339498
339672
340708
341087
343376
347232
347653
349090
349213
349779
350827
351153
351536
352812
353427
353449
354323
354363
355139
355156
356847
357192
357536
358043
358292
363614
365490
368384
368572
371509
371543
371696
374589
375073
376941
377759
379151
380182
380197
381869
382242
382899
383684
383925
383965
384658
384691
384762
385735
385783
386882
388041
388487
388826
391242
391586
393287
393711
394484
394839
395953
396264
396679
396731
398788
398912
400672
402657
403269
404246
404324
404427
405443
410844
411267
414260
414311
414885
419205
419815
423161
427091
427783
430006
430574
432282
432456
434870
435206
436958
438633
440030
441872
442194
443051
443931
444167
446684
447519
448612
450428
451708
451839
451926
455929
456285
456485
458023
459483
459768
459964
460189
460621
461295
461600
463223
464128
464938
466711
467346
467470
468322
469275
470857
471737
472236
475114
475186
477042
478674
480637
483503
483988
484786
486757
487434
487715
488141
488207
488855
489832
490624
491339
491812
492105
492999
495208
496972
497499
497522
498432
499235
501719
501816
502010
506616
506791
508406
508409
509437
510350
511770
511879
511982
513357
513971
514057
514569
514619
517042
519902
520944
521569
522312
522828
524504
525615
525619
525645
525815
526398
526498
528849
529115
530535
532187
532409
532850
535303
535731
535997
536344
536461
537077
537114
543551
546205
549001
549482
551732
552255
554538
554608
555012
556759
557581
557997
558700
562505
564168
567594
568164
568771
569664
570448
570612
571589
571701
571948
574675
575147
575724
576568
577853
580197
580576
581000
585995
586008
586378
587063
587642
587744
589035
589955
590323
590326
590739
591020
591559
591674
592397
592587
593310
594493
594955
595383
595951
597070
597304
597564
598261
599609
602790
603526
604401
605060
605156
606527
607754
607994
609662
610239
611508
612741
614757
615938
617642
617652
618141
618649
620787
622993
625416
626921
627668
630414
631415
632382
635522
636126
636262
638995
640132
641431
642000
642861
643043
643311
643799
644420
651058
651384
654283
655000
655526
656532
656642
657643
657804
660129
660744
661321
662634
662962
663748
664639
665560
667326
668239
668257
669465
670891
671032
672260
674569
674865
675579
675753
677913
678207
679264
680207
681155
681350
682335
683228
687297
687565
689165
690992
691524
691929
694267
695555
696024
698347
698879
699785
700973
701571
702122
703231
703799
705350
707861
709683
709717
710277
710379
710609
712453
712744
715796
716081
716450
717143
717578
719587
719781
720450
721787
723732
724122
725545
725553
728517
728633
729833
730269
730523
734166
735106
735407
736356
737316
738422
743092
744931
745485
745907
746370
748482
752441
755703
756216
757662
760316
760552
761288
762110
764667
765271
765391
765494
766085
766096
766422
766981
768904
770148
771999
772641
772951
775537
775793
776399
777093
778372
778745
778803
779257
779380
783388
783848
784134
785660
786716
788671
789264
789692
790176
790265
791408
792942
793662
795065
795207
795382
797718
798933
799193
799479
802110
803496
803699
805363
808406
813531
814777
815674
816835
817119
819012
819050
820628
822954
824283
824822
824825
825542
825654
827925
828244
829322
830062
830411
831280
832435
832488
833199
834081
835379
835443
838592
838840
839220
839682
841421
842885
844857
846180
847879
848537
849158
849442
850288
851121
851428
851927
852194
852505
852712
853242
854459
855203
856482
856663
856971
857290
857596
857844
859009
859123
859487
860438
860519
862202
862953
863258
865368
865537
866867
868733
869250
869778
870301
875125
875901
876772
877423
877767
880726
882393
883602
886529
887604
888011
889419
889430
890021
890759
891241
892274
892969
892970
893080
893699
893782
893942
894777
894969
896251
896413
897247
898146
898311
898342
898811
898935
899623
899767
899864
900561
901071
901369
901538
904383
905332
905399
905832
906165
909011
909887
910105
910374
910831
913118
913242
913840
915957
917961
918423
918704
918927
919623
921063
922985
923917
925157
927471
932739
933577
933733
934803
934890
935022
936418
936487
936564
937901
938149
939531
939868
941101
941423
941750
943234
943869
945449
945558
945816
949346
949365
950277
950506
950973
951143
951221
951334
951336
952807
953820
955352
955394
956007
956915
957210
958234
959580
960300
961640
961937
963040
963198
967892
968282
969070
972977
973153
974955
975914
978411
978553
978685
980883
981424
981507
981658
982514
983297
986495
987502
988978
990146
992219
993805
994499
997530
997726
999678
