100
290
22374
27613
40428
46749
50464
67776
75931
111998
115552
121564
122573
144291
153755
162118
171910
179281
194995
247360
263244
276019
299929
302292
304153
307224
314343
314999
328239
371269
372551
372770
378520
394500
396783
397930
398628
406428
412042
423629
426873
428663
437790
442951
447950
466711
476100
495311
529166
531124
537616
553817
557499
561450
568260
598097
603277
611437
615514
637943
641393
643275
654558
663409
668303
669195
676549
678000
711742
716034
719210
722043
742033
756596
796568
804454
809676
811297
829745
830969
837535
840824
848579
849973
850603
867210
874794
875662
878234
881242
886580
889219
894729
903594
918018
918527
924165
928156
944103
974237
985596
