10000
204
384
534
749
972
1427
1498
1506
1541
1607
1669
1842
1854
1976
2056
2130
2230
2246
2374
2543
2818
2854
2869
2911
3074
3080
3176
3491
3723
3991
4023
4136
4165
4311
4382
4448
4623
4626
4686
4711
4742
4758
4773
4803
4965
5016
5031
5131
5188
5237
5291
5333
5408
5442
5449
5466
5522
5533
5555
5564
5633
5660
5829
5888
5895
6004
6070
6128
6533
6566
6621
6655
6770
6819
7077
7091
7123
7143
7170
7185
7187
7204
7388
7631
7664
7674
7860
7933
7933
8133
8264
8580
8602
8637
8690
8731
9064
9150
9218
9419
9494
9536
9586
9629
9677
9815
9827
9910
10028
10334
10527
10604
10620
10688
10720
10880
10942
10972
11075
11122
11204
11298
11386
11403
11446
11657
11930
12015
12049
12181
12346
12388
12638
12906
13423
13465
13474
13623
13624
13644
13913
14030
14050
14060
14120
14128
14408
14795
14805
14844
14956
15038
15066
15170
15293
15297
15300
15338
15406
15453
15681
15748
15801
15862
15888
15933
15980
16021
16037
16150
16151
16428
16676
16725
16907
17102
17173
17220
17428
17662
17663
17696
17730
17774
17889
17966
18034
18077
18138
18237
18245
18376
18416
18462
18465
18580
18586
18670
18699
18700
18731
18779
18923
19341
19551
19602
19605
19684
20136
20143
20211
20318
20408
20751
20786
20968
20997
21157
21183
21364
21371
21427
21561
21714
21841
21892
21919
21995
22152
22234
22303
22361
22374
22522
22578
22766
22801
22826
23378
23634
23809
23910
24057
24084
24362
24458
24473
24515
24578
25165
25177
25269
25325
25336
25341
25505
25596
25632
25686
25907
26229
26414
26416
26436
26585
26609
26821
26855
26967
27134
27203
27427
27521
27543
27546
27827
27943
27977
28091
28154
28342
28356
28407
28528
28728
28752
28818
28858
28872
28917
28941
28979
29058
29298
29398
29447
29688
29895
29899
30136
30162
30210
30249
30271
30309
30310
30337
30468
30488
30511
30572
30607
30613
30766
30768
30844
30887
31017
31098
31354
31369
31446
31462
31659
31701
31908
31913
31970
32013
32160
32427
32480
32625
32632
32675
32692
32762
32813
32905
32984
33075
33082
33125
33128
33194
33293
33352
33474
33798
34003
34293
34323
34391
34420
34455
34583
34601
34724
34759
34765
34805
34967
35000
35120
35267
35296
35588
35655
35793
36065
36166
36179
36227
36315
36322
36366
36367
36417
36428
36968
37056
37086
37200
37239
37293
37368
37476
37488
37491
37505
37667
37935
38047
38198
38241
38434
38452
38733
39019
39060
39062
39145
39313
39401
39676
39733
39932
40018
40146
40173
40180
40210
40433
40704
40720
40892
40918
41032
41068
41324
41331
41413
41443
41450
41567
41597
41899
42177
42300
42321
42388
42423
42524
42572
42629
42641
42683
42706
42724
42843
43001
43059
43134
43253
43344
43370
43426
43864
43867
43921
43948
44346
44406
44581
44797
44888
44903
44929
44948
45351
45412
45590
45679
45927
45941
46066
46082
46099
46154
46184
46189
46266
46396
46450
46495
46511
46647
46757
46759
46817
46843
47008
47240
47394
47433
47516
47518
47556
47679
47703
47849
47872
47880
48160
48331
48333
48399
48440
48584
48638
48710
48777
48936
49050
49271
49289
49306
49422
49461
49550
49660
49676
49729
49868
50241
50548
50617
50690
50710
50748
50876
51267
51369
51400
51416
51525
51630
51829
51859
51978
52079
52081
52119
52148
52175
52203
52367
52421
52656
53009
53068
53078
53154
53154
53286
53305
53449
53487
53494
53542
53811
53920
54025
54034
54057
54069
54203
54231
54501
55122
55170
55199
55333
55344
55521
55743
55946
56197
56349
56360
56396
56511
56664
56801
56885
57190
57276
57477
57483
57497
57533
57660
57701
57784
57820
58260
58400
58514
58565
59132
59222
59253
59294
59368
59497
59731
59991
60125
60126
60182
60214
60243
60262
60307
60337
60401
60563
60633
60804
60818
60918
60990
61004
61013
61044
61139
61304
61515
61542
61610
61615
61670
61679
61741
61756
61883
61890
61898
61951
61956
61969
62030
62087
62155
62195
62342
62888
62908
63046
63086
63092
63355
63458
63836
63980
64072
64129
64181
64404
64411
64467
64489
64692
64841
65025
65026
65098
65294
65966
65969
66073
66163
66193
66279
66343
66448
66638
66803
66857
66958
67103
67128
67322
67335
67416
67459
67546
67601
67833
67892
67902
67984
68085
68110
68132
68195
68213
68461
68583
68603
68609
68717
68800
68803
69090
69101
69255
69521
69758
69980
70001
70062
70063
70247
70377
70448
70594
70707
70743
70769
70955
71266
71458
71613
71703
71726
71827
71968
72320
72340
72378
72409
72532
72549
72691
72829
72892
73249
73341
73462
73470
73479
73525
73730
73752
73848
73932
74338
74623
74648
74727
74954
75038
75108
75343
75469
75478
75574
75597
75684
75788
75798
76116
76575
76583
76727
76809
76815
76818
77106
77185
77245
77300
77577
77594
77637
77650
77724
77873
77885
78121
78164
78463
78507
78566
78804
78812
78932
78939
78971
79050
79170
79205
79372
79408
79414
79569
79784
79798
80009
80129
80165
80312
80358
80543
80626
80661
80728
80770
80808
80971
81155
81158
81229
81251
81329
81446
81450
81466
81517
81633
81663
81850
81958
82017
82077
82351
82472
82539
82596
82613
82852
82887
83067
83076
83078
83090
83189
83194
84138
84277
84289
84342
84388
84432
84501
84692
84925
84938
85015
85077
85436
85494
85768
85768
85827
86026
86107
86457
86568
86698
86830
86950
86968
87171
87291
87353
87380
87389
87451
87463
87522
87636
87658
87690
87779
87824
87966
87978
88022
88296
88423
88540
88619
88722
88792
88860
89206
89211
89269
89282
89405
89434
89517
89682
89783
89943
90021
90076
90129
90131
90188
90222
90434
90497
90507
90521
90591
90725
90768
90852
90914
90948
90953
91099
91118
91222
91274
91365
91405
91540
91564
91576
91804
91903
92105
92162
92193
92232
92316
92351
92351
92958
92999
93065
93087
93133
93237
93270
93440
93540
93739
93743
93875
93913
93935
93963
93993
94097
94145
94229
94327
94367
94438
94506
94512
94544
94578
94737
95048
95103
95369
95461
95520
95610
95880
95923
95979
96091
96091
96116
96119
96186
96235
96276
96329
96392
96459
96514
96532
96639
96709
96759
96798
96868
97044
97128
97173
97219
97293
97433
97801
97908
98026
98134
98139
98486
98568
98866
98892
99228
99271
99327
99549
99781
99784
99951
100082
100107
100134
100177
100265
100417
100720
100757
101150
101152
101202
101255
101295
101412
101445
101589
101647
101721
101761
101842
101903
101908
101917
101922
102023
102098
102211
102233
102346
102365
102410
102480
102890
102930
102992
103069
103137
103342
103370
103448
103574
103691
103781
103783
103859
103867
103959
104212
104355
104516
104656
104802
105043
105094
105129
105182
105184
105236
105437
105642
105643
105723
105921
105980
106036
106248
106277
106282
106431
106439
106449
106450
106482
106530
106549
106764
106765
106780
106900
107496
107570
107597
107633
107880
107950
107985
108055
108078
108211
108264
108285
108426
108449
108467
108507
108738
108752
108773
108799
108968
109069
109212
109240
109493
109760
109803
110041
110120
110133
110244
110248
110444
110542
110724
110804
111049
111061
111158
111179
111383
111448
111490
111754
111823
112006
112045
112066
112112
112123
112441
112596
112625
112752
112922
112950
112981
113101
113201
113233
113307
113422
113528
113532
113566
113823
113831
113887
113922
114042
114122
114176
114183
114361
114504
114651
114750
114873
114992
115002
115069
115138
115276
115345
115493
115735
115746
115968
116113
116462
116467
116756
117110
117226
117242
117329
117460
117461
117523
118026
118040
118369
118385
118429
118545
118803
119296
119604
119624
119684
119919
120104
120170
120388
120394
120493
120872
120905
120920
121052
121088
121166
121378
121626
121719
121740
121918
122008
122088
122242
122252
122284
122440
122474
122539
122626
122681
122789
122887
123041
123235
123375
123396
123397
123433
123446
123563
123837
123918
123976
124053
124081
124283
124289
124472
124521
124620
124631
124675
124709
125041
125264
125287
125289
125436
125450
125575
125615
125711
125723
126024
126075
126130
126359
126440
126579
126668
126719
126737
126812
126947
126989
127007
127044
127252
127339
127466
127522
127549
127612
127795
127936
127983
128018
128254
128363
128582
128592
128646
128679
128754
128870
128983
129146
129270
129431
129521
129543
129587
129678
129796
129838
129857
129870
129883
130237
130429
130755
130821
130827
130928
130937
131030
131044
131148
131171
131181
131209
131225
131436
131497
131622
131812
131866
131947
132078
132117
132134
132201
132205
132396
132428
132588
132594
132699
132795
132830
132856
132974
133018
133027
133132
133202
133297
133336
133629
133647
133652
133739
133799
133926
134018
134044
134104
134181
134244
134345
134390
134595
134599
134646
134705
134713
134866
134866
134868
134924
135182
135192
135227
135611
135693
135720
135826
135923
135974
136300
136663
136703
136813
136861
136992
137078
137150
137321
137444
137538
137575
137715
137776
137806
137844
137917
138030
138132
138284
138489
138540
138737
138793
138833
138932
138947
139102
139169
139228
139350
139444
139479
139633
139815
139874
139982
140029
140038
140066
140383
140468
140480
140487
140513
140568
140658
140748
141221
141318
141469
141562
141613
141699
141758
141876
141946
142039
142201
142269
142272
142327
142557
142580
142634
142643
142738
142750
142757
143082
143469
143711
143907
144047
144142
144201
144207
144219
144250
144418
144463
144463
144545
144809
144911
145110
145152
145167
145203
145567
145643
145844
145885
145897
146260
146268
146513
146795
146860
146877
146979
147003
147127
147248
147473
147507
147613
147681
147757
147770
147942
147977
148051
148064
148145
148166
148167
148317
148373
148490
148873
148915
148991
149286
149451
149490
149528
149796
149988
150110
150151
150152
150308
150371
150659
150674
150760
150785
150840
150880
150892
150897
150966
150994
151075
151139
151205
151285
151481
151495
151593
151840
151843
152334
152361
152394
152405
152444
152457
152522
152572
152598
152697
152718
152778
152962
153083
153135
153198
153282
153403
153453
153662
153710
153719
153751
153824
153835
153862
154007
154278
154327
154347
154529
154550
154591
154708
154733
154849
154922
154991
155119
155146
155221
155336
155343
155381
155621
155629
155980
156090
156139
156148
156378
156424
156528
156611
156636
156722
156757
156794
156836
156877
156979
157025
157027
157416
157456
157586
157691
157776
157923
158038
158125
158297
158440
158524
158553
158948
158961
158983
159024
159240
159641
159684
159744
159781
159874
159916
159919
159929
159978
160012
160031
160092
160179
160189
160314
160531
160549
160691
160860
160980
161066
161147
161148
161228
161467
161471
161589
161659
161754
161803
162042
162232
162547
162651
163004
163068
163158
163172
163332
163438
163455
163528
163528
163601
163823
163903
163917
163927
163929
163976
163998
164119
164234
164302
164346
164397
164419
164432
164478
164590
164630
164805
164867
165017
165036
165077
165089
165092
165196
165337
165381
165435
165665
166048
166316
166349
166484
166559
166641
166673
166677
166761
166885
166958
167226
167317
167326
167456
167571
167604
167613
167640
167793
167954
168068
168245
168286
168369
168747
168842
168971
169003
169125
169173
169203
169245
169295
169316
169429
169536
169589
169605
169921
169960
170025
170055
170160
170381
170481
171099
171328
171340
171411
171846
171865
172011
172122
172196
172204
172450
172563
172731
173000
173139
173210
173428
173732
173767
173849
173866
173963
173991
174015
174117
174141
174193
174208
174233
174397
174521
174560
174630
174630
174704
174826
174881
174977
175042
175225
175255
175321
175419
175447
175489
175723
175810
175846
176163
176541
176804
176816
177110
177121
177353
177683
177882
177897
177964
178009
178080
178085
178191
178271
178547
178806
178851
178910
179627
179981
179985
180057
180105
180158
180284
180362
180423
180477
180712
181078
181113
181254
181294
181311
181416
181592
181620
181724
181889
181919
182163
182299
182701
182769
182814
182897
182942
182947
182969
183042
183077
183251
183392
183410
183452
183500
183538
183606
183829
184002
184098
184173
184276
184402
184532
184700
184711
184729
185084
185086
185107
185109
185164
185287
185591
185671
185695
185714
185880
185889
185924
185935
186198
186288
186344
186389
186525
186635
186755
186806
186829
186893
187111
187186
187226
187245
187458
187775
187881
187885
188006
188064
188129
188457
188497
188502
188508
188683
188719
188768
188841
189069
189147
189176
189248
189291
189401
189412
189425
189579
189610
189920
190081
190125
190206
190357
190494
190497
190563
190734
190861
190949
191065
191068
191081
191111
191111
191161
191219
191310
191364
191935
192026
192165
192214
192305
192452
192459
192626
192956
193208
193355
193422
193494
193600
193725
193918
194002
194044
194203
194451
194537
194777
194828
195104
195137
195207
195251
195300
195308
195368
195368
195447
195659
195812
195918
195932
195955
196018
196075
196088
196107
196186
196204
196254
196365
196438
196464
196509
196841
196939
197026
197036
197246
197271
197335
197444
197693
197721
197722
197869
197953
198050
198083
198147
198270
198487
198518
198583
198600
198804
198908
198911
198920
198922
199213
199221
199459
199501
199515
199792
199846
199870
199870
199916
199956
200044
200055
200078
200263
200477
200655
200838
200914
201017
201150
201315
201394
201505
201655
201720
201731
201760
201815
201818
201828
201968
202012
202020
202057
202165
202181
202254
202378
202573
202590
202662
202790
202843
202860
202986
203080
203105
203139
203165
203301
203416
203438
203605
203820
203878
203894
203999
204017
204239
204274
204367
204419
204739
204761
204918
205117
205247
205312
205424
205505
205647
205678
205679
206134
206247
206265
206282
206582
206640
206675
206778
206844
206989
207132
207200
207228
207551
207601
207783
207817
207822
207834
207890
207930
208052
208056
208059
208073
208327
208405
208428
208450
208464
208478
208773
209001
209030
209078
209089
209180
209378
209624
209708
209713
209723
209739
209902
210178
210311
210360
210383
210617
210800
210857
210857
210872
210913
210961
211036
211072
211255
211270
211284
211521
211714
211742
211767
211789
211848
211978
212145
212174
212208
212270
212274
212295
212392
212448
212495
212660
212774
212943
213006
213325
213339
213410
213436
213556
213574
213584
213595
213872
213874
214084
214377
214563
214599
214667
214704
214854
215009
215239
215246
215414
215770
215834
215881
216050
216207
216297
216404
216637
216748
216750
216982
217003
217014
217082
217268
217536
217680
217732
217768
217818
217914
218005
218133
218324
218334
218503
218662
218712
218999
219026
219085
219203
219292
219329
219341
219591
219620
219683
219751
219932
220067
220277
220357
220548
220660
220773
221113
221146
221164
221176
221247
221267
221314
221330
221407
221530
221546
221728
221780
221813
221856
222011
222163
222244
222362
222365
222379
222510
222704
222768
222871
223035
223054
223165
223216
223401
223596
223603
223628
223819
223963
223994
224067
224387
224450
224763
224890
224928
224934
224984
225026
225071
225160
225555
225655
225742
225783
225995
226036
226180
226214
226303
226386
226597
226625
226658
226716
226825
226935
227088
227137
227138
227208
227420
227482
227538
227605
227640
227811
227873
227891
227975
227989
228229
228295
228434
228503
228620
228653
228683
228760
228800
228899
228900
228918
228935
229014
229176
229190
229225
229275
229283
229329
229372
229401
229555
229670
229695
229722
229744
229927
229945
229954
230251
230589
230605
230619
230643
230712
230951
230982
231115
231739
231767
231809
231810
231945
232020
232134
232366
232372
232378
232617
232684
232756
232797
233301
233302
233366
233389
233429
233476
233603
233685
233734
233753
234138
234213
234217
234312
234351
234827
235120
235312
235360
235476
235545
235584
235615
235997
236187
236272
236643
236945
236954
236991
237060
237238
237270
237306
237471
237634
237728
237742
237754
238090
238166
238313
238385
238498
238632
238634
238759
238895
238935
239006
239078
239371
239376
239427
239451
239477
239504
239507
239511
239686
239735
239750
239785
239924
240050
240113
240286
240400
240424
240508
240529
240720
240785
240884
240956
241173
241231
241390
241454
241501
241535
241759
241865
241943
241961
242030
242182
242193
242259
242286
242404
242407
242483
242600
242787
242873
242949
243016
243039
243110
243214
243281
243300
243309
243401
243454
243838
243888
243896
243927
244406
244435
244456
244840
244869
245010
245382
245588
245738
245872
245948
246031
246035
246078
246090
246195
246284
246455
246495
246517
246619
246650
246860
246960
247011
247104
247135
247173
247406
247425
247461
247541
247614
247660
247699
247747
247823
247823
247895
248009
248092
248111
248120
248140
248295
248354
248469
248545
248714
248779
248819
248970
249001
249174
249281
249322
249326
249461
249632
249651
249704
249862
250065
250098
250255
250304
250320
250598
250625
250650
250730
250748
250775
250777
250814
250898
250987
251132
251194
251369
251389
251407
251512
251564
251576
251590
251622
251653
251749
251781
251818
252009
252071
252222
252465
252581
252609
252638
252736
253123
253142
253148
253493
253532
253655
253726
253829
253869
254087
254117
254121
254159
254237
254442
254522
254580
254788
254881
255033
255040
255161
255220
255413
255558
255668
255813
256045
256241
256242
256461
256468
256480
256722
256769
256849
256939
256982
256985
256996
257109
257114
257146
257276
257478
257581
257651
257787
257848
257865
257873
257884
257929
258294
258389
258399
258478
258483
258592
258663
258664
258724
258737
258803
258992
259071
259131
259131
259208
259442
259462
259662
259684
259727
259945
260021
260054
260104
260113
260183
260250
260307
260348
260704
260792
260807
260857
260904
260937
260962
261297
261337
261341
261471
261534
261544
261609
261623
261644
261862
262068
262072
262197
262387
262588
262861
263335
263480
263613
263631
263634
263739
263828
263860
264069
264109
264321
264560
264576
264828
264845
264918
264930
265026
265039
265062
265267
265358
265447
265504
265719
265735
265740
265876
265886
265937
265971
266159
266254
266254
266289
266390
266398
266620
266731
266964
266981
267046
267122
267552
267587
267615
267617
267655
267683
267764
267912
267992
268126
268243
268385
268500
268504
268824
268836
268966
269076
269160
269250
269257
269269
269310
269495
269723
269726
269745
269759
269961
270107
270274
270311
270565
270633
270781
270818
270878
270990
271251
271309
271329
271405
271422
271539
271658
271751
271840
271960
272088
272239
272240
272243
272443
272620
272640
272738
272863
272985
273157
273402
273436
273479
273813
273841
273849
273863
273971
274035
274079
274285
274289
274330
274351
274508
274598
274617
274784
274812
274820
274855
275094
275283
275316
275413
275463
275521
275617
275635
275777
275955
275970
276074
276108
276156
276223
276493
276834
276835
276998
277206
277283
277382
277407
277521
277640
277742
277809
277814
277819
278139
278150
278153
278187
278253
278462
278489
278613
278669
278688
278787
278943
279146
279152
279173
279191
279459
279500
279717
279855
279868
279879
279880
280174
280209
280223
280357
280610
280730
280782
280793
280845
281083
281131
281257
281493
281521
281662
281678
281793
281835
281843
281857
281871
281977
282026
282245
282253
282349
282417
282497
282511
282554
282621
282643
282651
282668
282737
282805
282819
282845
282918
282978
282989
283016
283195
283233
283250
283362
283397
283547
283548
283723
283753
284052
284065
284154
284739
284935
285045
285129
285150
285157
285233
285357
285436
285596
285631
285723
285755
286059
286061
286226
286371
286523
286597
286617
286763
286852
286930
287003
287161
287200
287426
287438
287439
287474
287672
287686
287696
287697
287757
288036
288228
288281
288314
288415
288436
288911
288959
289248
289619
289838
289854
289929
290068
290080
290111
290149
290197
290200
290212
290370
290547
290650
290652
290889
291264
291275
291287
291390
291415
291481
291605
291658
291981
292027
292202
292250
292347
292506
292574
292741
292867
292873
292923
292946
293038
293204
293279
293847
294324
294418
294442
294832
295196
295493
295731
295820
296542
296554
296635
296754
296786
296871
297060
297074
297246
297362
297372
297481
297482
297492
297499
297537
297571
297629
297658
297662
297699
297774
297817
298056
298071
298214
298229
298262
298391
298426
298503
298558
298626
298628
298725
298743
298840
298878
298969
299049
299071
299095
299152
299206
299309
299359
299555
299615
299687
299874
299928
299990
300073
300102
300346
300418
300430
300499
300550
300764
301094
301121
301176
301264
301301
301310
301328
301437
301481
301510
301642
301792
301966
302329
302331
302552
302574
302578
302639
302717
302788
302860
303263
303410
303412
303551
303583
303641
304044
304126
304312
304582
304593
304606
304622
304807
304874
304944
304958
305156
305442
305565
305590
305867
305914
306178
306202
306265
306666
306735
306745
306747
306752
306790
306880
306936
306998
307021
307092
307200
307395
307551
307574
307634
307664
307776
307949
308002
308117
308338
308444
308444
308552
308633
308650
308681
308700
308787
308830
308975
309078
309108
309407
309439
309721
309755
309941
309973
309986
310124
310164
310207
310397
310493
310496
310643
310747
310763
310776
310815
311010
311261
311473
311493
311651
311718
311949
312009
312019
312134
312172
312354
312594
312666
312866
312918
313009
313111
313333
313359
313578
313581
313608
313611
313798
313835
313900
313925
314086
314101
314107
314107
314141
314182
314213
314318
314366
314430
314499
314553
314598
314605
314646
314788
314939
314991
315113
315171
315547
315644
315665
315684
315755
315792
315970
315994
316152
316286
316327
316374
316422
316789
316793
316803
316834
316853
316886
317036
317599
317601
317620
317684
317712
317767
317840
318017
318044
318224
318552
318578
318630
318667
318713
318794
318871
318904
318915
318970
319104
319282
319417
319457
319468
319575
319625
319651
319655
319780
319839
319891
320198
320209
320351
320481
320580
320596
320602
320664
320707
320856
320919
320957
321145
321362
321375
321435
321484
321485
321550
321678
321876
321904
322146
322277
322453
322653
322800
322889
322930
323079
323173
323241
323430
323507
323538
323634
323647
323723
323749
323938
323975
324307
324338
324387
324397
324571
324612
324686
325466
325996
326087
326126
326223
326443
326611
326688
326730
326856
326940
327038
327079
327108
327307
327333
327414
327432
327492
327825
327991
327997
328021
328172
328242
328334
328390
328454
328472
328560
328683
328691
328778
328889
328983
329233
329604
329718
329885
330104
330139
330305
330357
330457
330503
330649
330836
330913
330935
330946
331011
331089
331297
331354
331526
331663
331702
331797
331801
331848
331972
332044
332081
332214
332300
332552
332726
333076
333131
333201
333423
333516
333554
333691
333733
333738
333954
334011
334105
334207
334217
334223
334274
334292
334321
334411
334428
334596
334598
334608
334658
335028
335038
335261
335270
335344
335347
335523
335554
335700
335776
335803
336037
336199
336429
336461
336494
336640
336686
336783
336942
336971
337062
337588
337601
337859
337949
338139
338156
338374
338517
338645
338751
338810
338984
338991
338995
339013
339130
339278
339370
339489
339590
339764
339825
339880
339976
340042
340111
340259
340326
340326
340335
340468
340679
340864
341002
341025
341029
341060
341121
341363
341577
341639
341770
341821
341933
342039
342158
342310
342370
342402
342544
342754
342789
342806
342817
342866
342964
343095
343125
343382
343447
343460
343517
343596
343614
343688
343696
343932
343976
344022
344048
344098
344117
344145
344151
344202
344219
344220
344278
344404
344612
344730
344851
345087
345197
345220
345250
345377
345378
345440
345570
345635
345688
345859
345924
346011
346023
346066
346073
346085
346217
346251
346603
346794
346822
347079
347131
347134
347242
347257
347343
347449
347461
347521
347540
347773
347792
347865
347868
347904
348068
348118
348379
348641
348686
348691
348725
348809
348832
348967
349009
349032
349041
349119
349200
349232
349255
349283
349345
349373
349596
349622
349707
349798
349882
350033
350110
350193
350262
350271
350274
350348
350357
350532
350557
350578
350608
350723
351074
351210
351531
351538
351782
351833
351937
351970
351990
352020
352077
352090
352094
352120
352392
352625
352658
353324
353395
353554
353608
353731
353839
353849
353865
354086
354167
354189
354236
354318
354636
354644
354766
355123
355167
355174
355256
355281
355693
355695
355747
355803
355871
356005
356513
356542
356550
357002
357005
357225
357241
357286
357294
357310
357426
357440
357556
357664
357743
357785
357921
358096
358159
358224
358261
358304
358518
358672
358701
358712
358811
359261
359334
359346
359468
359485
359653
359739
359752
359760
359761
359881
359961
360118
360202
360202
360372
360507
360527
360749
360952
361017
361031
361086
361320
361323
361404
361473
361476
361502
361679
361737
361898
361988
362287
362435
362554
362595
362653
362691
362704
362732
362749
362790
362797
363210
363239
363269
363391
363588
363637
363764
363842
364027
364041
364080
364117
364125
364324
364411
364557
364975
365036
365202
365316
365565
366015
366212
366212
366722
366735
366833
366844
366882
366955
367105
367106
367164
367324
367441
367498
367550
367606
367870
368095
368573
368647
368722
368759
368761
368787
368880
368937
369148
369170
369292
369365
369591
369626
369651
369941
370149
370217
370359
370466
370575
370734
370841
371062
371314
371327
371417
371814
372079
372145
372236
372286
372523
372966
373131
373396
373424
373494
373677
373772
373993
374012
374019
374134
374207
374297
374823
374823
374936
375123
375177
375335
375420
375453
375476
375523
375542
375653
375656
375669
375720
375871
375976
376274
376297
376480
376530
376638
376743
376922
377238
377329
377545
377555
377558
377611
377916
378009
378067
378073
378658
378914
379168
379201
379387
379453
379490
379726
379737
379754
379777
379875
380141
380153
380369
380433
380459
380461
380574
380583
380596
380765
380864
380881
380992
381287
381414
381562
381815
381835
382033
382219
382319
382330
382343
382364
382436
382448
382464
382600
382603
382742
382769
383363
383392
383692
383857
384079
384081
384114
384157
384197
384409
384557
384666
384726
384797
384931
385309
385409
385420
385505
385662
385740
385770
385843
385870
386197
386241
386471
386484
386823
386846
387131
387449
387463
387722
387850
387963
388044
388262
388277
388302
388321
388367
388436
388573
388576
388642
388724
388865
388893
389011
389089
389264
389314
389441
389463
389518
389951
389992
390101
390375
390670
390670
390720
390720
390733
390783
390818
390872
390952
390994
391097
391985
392048
392077
392235
392277
392304
392326
392371
392451
392470
392521
392604
392623
392679
392687
392754
392767
392804
392924
393188
393242
393380
393396
393444
393567
393593
393659
393849
394063
394130
394413
394592
394669
394757
394778
395011
395136
395331
395477
395483
395563
395629
395736
396120
396200
396221
396233
396234
396247
396490
396650
396671
396776
396935
396986
397120
397241
397280
397384
397452
397606
397636
397666
397685
397742
397847
397861
397877
398035
398192
398380
398387
398527
398544
398722
398787
398846
398871
398880
398905
398940
399035
399204
399254
399321
399338
399421
399527
399546
399590
399681
399944
400053
400121
400128
400208
400216
400305
400399
400517
400553
400796
400816
400845
401174
401271
401303
401369
401420
401427
401528
401578
401604
401720
401723
401972
402017
402326
402408
402593
402717
402758
402830
402886
402927
402993
403014
403189
403291
403374
403766
403807
403854
403867
404047
404079
404365
404411
404480
404542
404616
404965
405127
405163
405281
405334
405592
405636
406262
406416
406421
406531
406587
406731
406747
406844
407017
407207
407364
407376
407424
407689
407839
407942
408366
408508
408545
408588
408906
408935
408946
409044
409133
409784
409976
410158
410201
410229
410264
410399
410489
410570
410573
410610
410884
410994
411008
411355
411413
411636
411659
411680
411738
411844
411952
411954
412103
412343
412413
412489
412591
412763
412845
412873
412875
412973
413084
413175
413421
413433
413578
413629
413766
413922
413931
414097
414141
414156
414167
414186
414253
414265
414311
414380
414402
414469
414474
414576
414584
414796
414919
415018
415036
415049
415162
415215
415309
415429
415478
415483
415893
415964
416059
416155
416291
416385
416456
416639
416652
416688
416763
416833
416893
416920
416977
417223
417230
417309
417334
417342
417635
417803
417888
418069
418121
418203
418213
418386
418604
418674
418815
418839
419250
419380
419431
419503
419522
419544
419563
419677
419706
419727
419789
420065
420129
420406
420533
420592
420612
420630
420860
420868
420886
420993
421029
421108
421412
421498
421599
421748
421786
421787
422060
422118
422301
422306
422483
422595
422831
422845
423109
423256
423381
423491
423586
423657
423885
424129
424363
424427
424622
424793
424873
424893
424985
425002
425109
425165
425187
425300
425719
425839
425844
425903
426009
426193
426204
426311
426312
426335
426369
426382
426447
426691
426737
426769
426794
426864
426955
426971
427152
427505
427512
427521
427600
427687
427803
428170
428207
428267
428276
428296
428520
428565
428622
428755
428876
429105
429246
429292
429357
429379
429400
429489
429526
429537
429548
429576
429654
429719
429778
429785
429848
429894
429973
430015
430033
430086
430103
430114
430692
430948
431229
431243
431566
431677
431837
431871
432284
432435
432467
432558
432826
432877
432945
433273
433323
433332
433357
433389
433498
433713
433754
433936
433983
434037
434093
434136
434359
434391
434452
434561
434599
434689
434733
434751
434751
434805
434982
435168
435210
435323
435374
435396
435443
435494
435810
435950
436053
436062
436106
436145
436167
436172
436345
436351
436459
436594
436754
436893
437152
437355
437358
437539
437550
437551
437573
437587
437646
437716
437719
437987
438098
438239
438303
438355
438381
438451
438672
438733
438853
439032
439099
439110
439243
439421
439538
439606
439737
439770
439963
440025
440044
440095
440142
440300
440660
440710
440810
441102
441219
441317
441366
441493
441562
441629
441630
441710
441743
441864
441942
441955
441981
442011
442092
442257
442548
442560
442761
442767
442767
442861
443325
443419
443671
443727
443775
443905
444311
444321
444640
444824
444868
444918
445036
445063
445504
445510
445545
445659
445703
445722
445911
445951
446019
446095
446291
446568
446599
446635
446716
446717
446852
446944
447097
447183
447365
447475
447582
447675
447856
447880
447926
447999
448043
448097
448116
448149
448181
448439
448595
448716
448716
448729
448865
448869
448872
449059
449312
449335
449431
449466
449716
449924
449939
450152
450225
450396
450457
450553
450637
450738
451480
451519
451721
451863
451881
452305
452373
452754
452759
452876
452913
453015
453095
453111
453228
453231
453358
453438
453597
453670
453894
454341
454598
454688
454813
455007
455067
455091
455125
455292
455338
455569
455810
455832
455907
456033
456123
456157
456172
456221
456251
456408
456418
456654
456734
456753
456986
457069
457089
457170
457497
457742
457777
457925
458161
458203
458269
458448
458474
458520
458530
458670
458719
458804
458816
458837
458911
458932
459039
459072
459251
459252
459289
459321
459368
459372
459449
459486
459542
459586
459618
459665
459666
459689
459719
459719
459782
460021
460045
460297
460423
460478
460537
460663
460706
460834
460873
460993
461301
461599
461600
461644
461664
461666
461847
461995
462045
462177
462269
462448
462506
462511
462523
462630
462746
462755
462785
462797
462825
462858
462893
462898
462975
463093
463096
463114
463162
463213
463267
463332
463364
463389
463426
463439
463462
463503
463519
463800
464128
464256
464275
464491
464626
464626
465011
465533
465553
465597
465610
465690
465723
465727
465855
465856
465869
466101
466189
466244
466440
466457
466494
466539
466599
466625
466701
466726
466807
466914
467251
467309
467401
467504
467520
467611
467768
467891
467930
468230
468297
468372
469040
469082
469100
469103
469116
469134
469240
469266
469353
469364
469375
469490
469574
469574
469692
469746
469794
469966
470276
470300
470348
470381
470589
470672
470675
470760
470829
470888
471051
471075
471087
471256
471696
471762
471785
471889
471957
472621
472700
472744
472784
472909
472918
473039
473238
473244
473280
473338
473487
473491
473494
473535
473571
473704
473762
473785
473984
474050
474078
474091
474096
474262
474434
474493
474650
474680
474821
474831
474837
475052
475094
475129
475312
475328
475391
475422
475496
475602
475682
475885
475908
476016
476289
476294
476334
476434
476579
476765
477041
477345
477498
477597
478011
478126
478152
478420
478551
478610
478711
478854
478865
479028
479037
479428
479547
479620
479645
479831
479975
479978
480038
480276
480403
480570
480574
480693
480721
480788
480854
480902
481014
481295
481315
481358
481512
481639
481814
481854
481915
481924
481961
482024
482040
482072
482181
482333
482385
482655
482658
482769
483185
483249
483319
483334
483630
483744
483747
483872
483932
483939
483979
483991
484104
484186
484263
484346
484421
484471
484498
484546
484610
484626
484670
484738
485001
485101
485122
485143
485174
485187
485242
485253
485333
485337
485373
485413
485450
485500
485512
485690
485882
486009
486043
486317
486349
486505
486722
486844
486962
486995
487054
487118
487225
487385
487452
487510
487549
487622
487662
487755
487808
487941
488261
488269
488284
488368
488371
488449
488570
488710
488710
488883
489372
489379
489514
489523
489528
489756
489768
489867
489917
490185
490264
490264
490359
490434
490530
490570
490620
490628
490683
490742
490781
490876
490974
491045
491210
491499
491714
491729
491846
491977
492033
492093
492112
492209
492277
492480
492531
492721
492722
492794
493007
493054
493115
493136
493403
493576
493642
493780
493915
493938
494040
494055
494157
494214
494226
494331
494403
494691
494925
495009
495037
495172
495192
495386
495535
495546
495813
495815
495852
496127
496188
496441
496652
496706
496757
496892
496970
497177
497220
497318
497431
497564
497657
497680
497838
497849
498044
498057
498086
498109
498158
498200
498309
498340
498481
498493
498563
498606
498667
498748
498766
499255
499693
499762
500144
500214
500231
500232
500275
500444
500504
500508
500577
500645
500770
500822
500859
500864
500899
500953
500978
501119
501227
501349
501377
501447
501503
501573
501634
501656
502253
502283
502299
502332
502350
502551
502556
502563
502568
502613
502726
502798
502944
502948
503099
503188
503212
503452
504239
504285
504303
504331
504357
504429
504446
504563
504617
504727
504989
505161
505334
505340
505362
505622
505682
505981
506158
506190
506227
506294
506373
506491
506697
506763
506802
506886
507038
507270
507552
507812
507814
507952
508045
508143
508286
508359
508423
508507
508557
508601
508749
508755
508808
509029
509076
509266
509396
509420
509610
509815
509834
509955
510192
510284
510393
510418
510618
510621
510639
510641
510660
510722
510744
510751
510880
510888
510917
510948
511139
511147
511256
511298
511312
511351
511412
511556
511600
511677
512071
512200
512328
512470
512525
512525
512666
512790
512847
512912
513100
513160
513207
513364
513407
513427
513541
513591
513688
513825
513864
513884
514043
514067
514068
514088
514097
514213
514398
514442
514542
514984
515221
515377
515411
515432
515695
515725
515730
515759
515817
515879
515982
515985
515997
516009
516161
516169
516334
516397
516421
516534
516831
516851
516882
517155
517205
517298
517342
517409
517535
517678
517753
517767
517948
517979
518130
518245
518258
518320
518363
518430
518528
518534
518819
518822
518830
518932
518965
519004
519042
519057
519124
519170
519315
519393
519596
519692
519830
519864
519985
520006
520094
520170
520248
520316
520492
520586
520831
520995
520998
521259
521356
521629
521681
521690
521699
521715
521766
522116
522125
522372
522515
522546
522546
522636
522660
522703
522780
522785
522874
522934
522941
523177
523295
523344
523519
523563
523603
523640
523701
523721
523996
524056
524101
524272
525004
525275
525423
525432
525521
525624
525722
525774
525810
525820
525821
525940
525953
525972
526170
526191
526299
526505
526515
526608
526747
526975
527401
527411
527631
527702
527846
527921
528179
528242
528337
528617
528665
528775
528797
528821
528860
528904
528965
529092
529294
529296
529439
529722
529785
529935
530026
530049
530147
530164
530237
530350
530439
530516
530626
530673
530683
530795
530956
530956
531142
531311
531335
531378
531424
531903
531923
531937
531967
532012
532017
532043
532125
532304
532510
532596
532664
532682
532745
533180
533472
533550
533723
533898
534125
534163
534201
534305
534485
534549
534586
534634
534698
534751
534801
534804
534822
534826
535005
535206
535351
535463
535515
535531
535592
535957
536020
536094
536284
536308
536363
536503
536505
536514
536583
536626
536628
536762
536914
536967
537006
537113
537139
537246
537257
537488
537867
537944
538001
538136
538262
538275
538275
538322
538328
538466
538480
538603
538649
538809
539034
539219
539309
539481
539636
539799
539870
539881
540036
540099
540192
540373
540374
540490
540550
540651
540832
541136
541191
541196
541486
541506
541588
541595
541648
541925
542025
542110
542207
542553
542604
542619
542675
542694
542701
542949
543021
543052
543266
543635
543644
543702
543709
543995
544086
544139
544143
544430
544463
544501
544554
544750
544899
545089
545190
545431
545779
545838
545982
545987
546011
546268
546337
546541
546595
546615
546704
546853
546913
546937
547130
547219
547324
547545
547586
547609
547743
547960
548008
548097
548208
548217
548243
548332
548474
548620
548696
548782
548799
548887
549001
549028
549199
549356
549484
549598
549716
549738
549981
550099
550207
550413
550748
550863
550924
551107
551161
551234
551802
551946
552053
552315
552318
552320
552339
552548
552677
552682
552702
552733
552819
552905
552962
552995
553000
553011
553094
553119
553163
553214
553232
553252
553292
553415
553542
553601
553633
553748
553774
553775
553877
553960
553999
554047
554140
554188
554339
554352
554676
554759
554793
554862
554867
555004
555289
555621
555685
555712
555733
555762
555964
556011
556042
556073
556095
556270
556402
556464
556472
556551
556559
556598
556602
556687
556716
556747
556812
556852
556925
557059
557150
557241
557376
557397
557397
557626
557637
557828
557907
558027
558117
558208
558245
558439
558453
558669
558753
558770
558778
558856
558891
558906
558934
558979
559001
559051
559061
559287
559297
559340
559381
559417
559547
559555
559658
559734
559759
560044
560186
560261
560301
560425
560644
560663
560746
560900
560903
561059
561212
561314
561495
561628
561707
561735
561745
561757
561779
561998
562010
562398
562487
562533
562568
562654
562754
562799
562869
562908
563010
563122
563155
563160
563192
563591
563692
563810
563965
563994
563998
564001
564009
564083
564149
564150
564367
564710
564866
565128
565199
565362
565439
565518
565547
565756
565769
565799
565841
566200
566236
566358
566418
566421
566421
566578
566601
566609
566655
566744
566744
566847
567025
567079
567227
567658
567677
567709
567766
567796
567844
568081
568363
568440
568534
568866
569118
569197
569232
569241
569303
569333
569383
569409
569446
569457
569468
569587
569732
570170
570171
570179
570231
570337
570389
570455
570486
570574
570638
570759
570922
570993
571325
571389
571429
571512
571690
571733
571780
572113
572146
572273
572297
572306
572325
572343
572650
572864
573212
573281
573333
573707
573771
573838
573986
574057
574140
574176
574190
574272
574326
574516
574624
574739
574759
574887
575149
575224
575354
575422
575455
575479
575613
575664
575680
575830
575918
576063
576066
576234
576256
576278
576348
576348
576442
576488
576516
576516
576574
576577
576723
576759
576984
577285
577293
577324
577339
577374
577422
577660
577762
577841
577969
578048
578381
578718
578847
578960
579208
579279
579370
579412
579689
580097
580197
580258
580327
580412
580449
580514
580522
580706
580835
580845
580857
580859
580978
580985
580985
581161
581256
581357
581553
581574
581589
581590
581759
581759
582149
582155
582380
582460
582461
582878
582930
583232
583249
583278
583390
583457
583505
583941
584074
584166
584236
584241
584243
584261
584360
584432
584445
584490
584635
584855
584901
584904
585200
585298
585309
585365
585395
585436
585445
585497
585603
585624
585648
585716
585815
585842
585882
585986
586057
586117
586243
586273
586393
586418
586496
586544
586565
586654
586691
586786
586832
586836
586915
587181
587232
587238
587276
587335
587456
587483
587509
587811
588051
588155
588376
588379
588419
588460
588519
588667
588700
588800
588900
588903
589006
589190
589237
589402
589440
589594
589611
589719
589966
590042
590077
590094
590103
590250
590362
590452
590532
590551
590571
590936
591078
591267
591617
591712
591825
591872
591904
591904
591948
592089
592091
592114
592122
592130
592182
592224
592287
592397
592442
592447
592486
592547
592581
592770
592937
592941
593003
593031
593137
593147
593347
593374
593431
593667
593682
593770
593788
593844
594030
594077
594099
594300
594427
594688
594823
594853
594895
594940
595094
595109
595188
595198
595206
595739
595934
596015
596318
596548
596812
596841
597106
597125
597222
597448
597476
597734
598051
598057
598077
598147
598152
598236
598252
598263
598319
598385
598428
599012
599224
599312
599353
599448
599554
599663
599675
599947
599996
600005
600006
600046
600094
600247
600298
600368
600375
600526
600595
600693
600780
600872
600977
601501
601639
601759
601769
601948
601964
601985
602065
602090
602146
602439
602445
602521
602788
602863
602941
602944
603093
603198
603271
603351
603407
603821
603886
604333
604387
604457
604534
604601
604621
604641
604835
604949
604959
604973
604989
605095
605123
605257
605446
605506
605551
605558
605606
605666
605710
605760
605789
605901
605994
606601
606668
606689
606698
606727
606733
606802
606835
606887
606926
607040
607061
607313
607412
607464
607563
607579
607630
607682
608002
608078
608291
608454
608562
608567
608657
608761
608774
608823
608887
609041
609096
609159
609164
609461
609668
609794
609803
609885
610107
610403
610404
610446
610480
610532
610652
610736
610893
610985
611136
611209
611240
611247
611336
611386
611407
611623
611900
611946
612150
612284
612383
612449
612494
612520
612570
612574
612732
612934
613091
613199
613302
613482
613515
614102
614235
614266
614297
614484
614514
614534
614560
614906
614912
614962
615065
615328
615430
615471
615552
615637
615698
615821
616399
616400
616427
616531
616595
616598
616637
616784
616815
616888
616985
617027
617120
617124
617139
617293
617375
617488
617505
617531
617607
617766
617782
617783
617828
617984
618057
618148
618724
618907
619051
619241
619321
619372
619401
619477
619546
619599
619749
620049
620090
620485
620548
620692
621032
621104
621155
621257
621322
621429
621740
621852
621886
621889
621947
621957
622075
622085
622283
622340
622651
622685
622816
622948
622968
623080
623126
623361
623473
623554
623578
623658
623717
623898
623919
623966
624006
624079
624153
624331
624357
624719
624800
624808
624850
625042
625147
625193
625210
625483
626065
626074
626158
626186
626254
626284
626299
626308
626336
626586
626677
626830
626908
627256
627291
627304
627351
627449
627609
627721
627812
627976
628031
628186
628315
628443
628626
628739
628792
628877
629005
629029
629313
629413
629460
629501
629652
629658
629686
629837
629848
629862
629889
629895
629919
630306
630342
630479
630786
630799
630937
631066
631260
631273
631514
631634
631830
631901
632134
632214
632263
632367
632443
632463
632481
632533
632546
632606
632610
632616
632664
632805
633023
633121
633166
633250
633262
633312
633375
633481
633878
633889
633893
634036
634102
634151
634272
634335
634348
634505
634658
634716
634720
634789
634863
634952
635091
635100
635192
635280
635319
635335
635344
635554
635595
635597
635874
636137
636400
636536
636545
636628
636695
636783
636783
636998
637053
637095
637098
637403
637459
637621
637649
637728
637861
638043
638159
638202
638326
638338
638407
638420
638448
638640
638754
638787
638865
638966
639088
639111
639145
639172
639210
639356
639367
639522
639546
639619
639622
639726
640144
640146
640228
640344
640475
640596
640766
640818
640829
640912
641009
641094
641117
641123
641301
641331
641350
641425
641805
641914
642136
642172
642200
642356
642568
642620
642710
642857
642886
642893
642913
642931
642950
643040
643121
643273
643285
643447
643478
643484
643520
643605
643633
643636
643807
643847
643903
643987
644034
644091
644109
644290
644322
644389
644408
644441
644461
644472
644543
644642
644699
644869
644922
644979
645000
645057
645070
645184
645215
645350
645353
645437
645534
645679
645958
645978
646119
646279
646294
646330
646407
646413
646522
646542
646555
646690
646739
646823
646829
646939
647046
647108
647257
647296
647407
647446
647503
647653
647862
648263
648379
648477
648500
648536
648628
648633
648905
648921
649104
649122
649123
649129
649452
649498
649543
649652
649956
650084
650256
650305
650435
650438
650465
650471
650618
650620
650666
650710
650723
650744
650770
650898
650914
651062
651177
651245
651295
651313
651437
651717
652076
652140
652235
652738
652916
653320
653352
653416
653763
653988
654266
654411
654426
654463
654533
654746
654826
654846
654944
654964
655021
655155
655171
655186
655258
655482
655841
655978
656026
656171
656187
656204
656375
656432
656446
656455
656503
656513
656698
656921
657040
657050
657117
657239
657273
657273
657274
657311
657338
657403
657455
657576
657592
657651
657724
657776
657843
657883
657888
658016
658142
658178
658237
658307
658388
658514
658538
658555
658733
658735
658800
658820
658906
659268
659427
659510
659520
659526
659662
659715
659778
659831
659913
659964
659998
660045
660220
660353
660522
660647
660665
660726
660750
660786
660811
661086
661194
661332
661337
661366
661506
661512
661542
661626
661662
661683
661783
661785
661839
661841
661857
661882
662231
662258
662334
662447
662487
662852
662926
662928
662944
662993
663096
663154
663244
663329
663707
663945
663953
664221
664250
664251
664301
664334
664364
664384
664419
664431
664545
664566
664640
664752
665016
665296
665387
665429
665549
665556
665562
665750
665795
665986
666025
666418
666453
666561
666561
666873
666900
667008
667055
667098
667116
667286
667326
667328
667410
667510
667582
667829
668018
668145
668191
668359
668383
668665
668798
668834
669004
669065
669067
669525
669587
669621
669806
669858
669991
670059
670095
670179
670182
670264
670368
670577
670578
670612
670992
670993
671007
671111
671236
671361
671476
671508
671574
671585
671591
671813
671908
671986
672002
672230
672279
672313
672572
672573
672700
672733
672896
672918
673056
673286
673350
673434
673532
674284
674352
674393
674543
674754
674977
675003
675148
675459
675495
675716
675774
676013
676081
676098
676127
676234
676239
676324
676434
676438
676619
676627
676680
676838
677054
677080
677158
677180
677234
677272
677283
677582
677763
677798
678089
678103
678137
678251
678341
678688
678727
678810
679007
679176
679410
679459
679674
679974
680096
680115
680118
680190
680566
680617
680627
680685
680713
680803
680911
680958
681328
681383
681410
681477
681484
681566
681692
681700
681776
681833
681943
682044
682109
682379
682391
682429
682736
682748
682821
682850
682903
683059
683105
683174
683179
683196
683379
683539
683542
683717
683736
683790
683830
683891
683897
684085
684331
684331
684422
684451
684507
684540
684552
684651
684663
684815
684850
684853
684970
685008
685026
685057
685202
685243
685355
685533
685636
685794
685994
686030
686217
686222
686311
686431
686594
686619
686692
686892
687054
687398
687558
687866
687952
688243
688246
688299
688302
688341
688492
688868
688962
688964
689155
689229
689302
689320
689343
689373
689484
689510
689519
689624
689816
690018
690025
690043
690118
690268
690364
690383
690447
690672
690674
690841
690853
690938
691169
691228
691258
691268
691475
691509
691560
691708
691718
692023
692036
692087
692224
692227
692286
692333
692345
692403
692489
692535
692568
692596
692606
692839
692944
693120
693132
693171
693296
693449
693493
693535
693557
693630
693823
693885
693994
694027
694082
694321
694385
694405
694435
694574
694611
694783
694900
695075
695107
695361
695590
695628
695787
695883
695958
695964
696388
696398
696525
696609
696641
696759
696852
696875
696950
697108
697229
697404
697483
697602
697620
697819
698015
698095
698131
698183
698312
698329
698404
698535
698683
698738
699126
699137
699158
699228
699276
699435
699543
699609
699676
699710
699715
699816
699953
699973
700090
700142
700520
700565
700574
700632
700790
700802
700821
700843
701106
701140
701234
701253
701271
701382
701400
701440
701763
701814
701981
702026
702110
702126
702208
702330
702522
702544
702626
702673
702732
702835
702863
702879
702892
702977
703067
703134
703163
703279
703330
703363
703475
703501
703503
703685
703947
704159
704188
704196
704279
704359
704416
704425
704503
704773
705011
705167
705354
705405
705656
705683
705894
705915
706070
706245
706542
706610
706647
706727
707128
707188
707334
707450
707606
707606
707647
707673
707722
707900
708170
708317
708382
708551
708586
708692
708779
708790
708803
708827
708957
709063
709070
709183
709241
709251
709521
709663
709965
710039
710366
710459
710619
710675
710751
710936
711032
711063
711164
711270
711325
711368
711442
711588
711816
711880
711980
712104
712749
713162
713262
713338
713379
713391
713427
713589
713603
713667
713837
713971
713972
714209
714345
714429
714477
714520
714528
714764
714785
714824
714849
714877
715058
715166
715345
715423
715496
715599
716265
716276
716474
716501
716562
716571
716772
716774
716943
717001
717052
717168
717304
717579
717744
717800
717854
717891
717969
718048
718123
718125
718266
718379
718451
718460
718570
718869
718887
718903
719045
719110
719179
719195
719281
719416
719575
719586
719804
719837
719949
719963
720013
720044
720106
720128
720191
720563
720703
720866
720899
720907
720962
720971
721002
721066
721079
721114
721466
721479
721649
721687
721747
721788
721791
721845
721984
722011
722404
722636
722653
722669
723007
723096
723358
723373
723453
723502
723817
723881
724176
724237
724295
724517
724644
724842
724946
724964
725107
725248
725301
725438
725535
725591
725861
725950
726008
726142
726150
726266
726320
726348
726349
726451
726600
726743
726803
726816
726962
727204
727248
727287
727348
727387
727462
727643
727884
728237
728416
728444
728536
728634
728713
728739
728764
728881
728940
728972
729037
729125
729222
729323
729375
729398
729432
729444
729597
729623
729758
729809
729892
729910
730104
730148
730181
730191
730479
730517
730605
730669
730764
730773
731072
731172
731298
731449
731573
731583
731859
731944
732141
732153
732463
732686
732765
732884
733017
733221
733277
733295
733333
733348
733808
734016
734101
734235
734266
734466
734750
734936
735158
735193
735213
735346
735419
735546
735605
735694
735780
735957
736134
736211
736301
736689
736812
736834
737072
737169
737218
737500
737782
737834
738074
738116
738126
738245
738369
738671
738766
738987
739007
739030
739069
739093
739119
739390
739396
739437
739501
739520
739536
739556
739634
739719
739851
739889
739975
740194
740261
740279
740504
740615
740720
740799
740832
740910
741347
741391
741537
741624
741747
741901
741939
741993
742010
742095
742103
742253
742279
742405
742479
742667
742689
742758
742791
742912
742957
743086
743253
743325
743449
743466
743652
743757
744046
744052
744125
744631
744687
744735
744894
744972
745064
745192
745467
745654
745657
745735
745856
745895
746026
746158
746211
746458
746472
746572
746772
746937
746971
747113
747210
747247
747435
747475
747515
747550
747844
747868
747906
748019
748163
748328
748488
748710
748763
748804
748860
748897
748920
748973
749054
749056
749161
749298
749408
749526
749552
749629
749845
749972
749991
750087
750321
750437
750558
750671
750753
750753
750852
750886
750888
750958
750974
751059
751086
751294
751302
751444
751531
751561
751592
751625
751643
751665
751843
751858
751896
751898
752048
752523
752690
752719
752830
752947
752954
752963
753062
753103
753261
753265
753466
753805
754065
754221
754321
754346
754505
754553
754588
754636
754645
754654
754910
755044
755119
755304
755394
755636
755676
755689
755845
755850
756030
756045
756067
756152
756188
756364
756518
756542
756557
756627
756801
756826
757050
757221
757410
757434
757602
757603
757676
757714
757716
757717
757719
757740
757773
757979
758570
758605
758795
758954
759009
759100
759211
759368
759432
759471
759602
759937
760057
760110
760209
760286
760374
760428
760440
760476
760628
760690
760850
760852
760924
760955
760986
761019
761065
761224
761437
761500
761548
761756
762109
762119
762144
762164
762357
762426
762433
762437
762488
762557
762586
762625
762806
763013
763079
763236
763363
763459
763464
763802
764028
764143
764229
764236
764264
764396
764413
764435
764542
764617
764888
764983
764984
765007
765022
765036
765232
765346
765515
765803
765845
765852
765985
766056
766161
766351
766404
766432
766540
766589
766829
766902
767111
767140
767199
767218
767307
767380
767394
767609
767692
767840
767870
768173
768259
768320
768336
768526
768563
768580
768643
768761
768832
768969
768974
769069
769091
769243
769247
769252
769344
769452
769555
769609
769692
769789
769865
769945
769968
770098
770127
770201
770345
770482
770501
770514
770609
770701
770963
771095
771108
771122
771154
771177
771217
771270
771480
771497
771669
771674
772091
772325
772409
772621
772701
772708
773081
773227
773245
773406
773462
773670
773694
773747
773782
773790
773867
773886
774278
774377
774433
774454
774521
774526
774694
774870
775128
775202
775239
775242
775379
775516
775526
775731
776000
776217
776221
776309
776413
776502
776545
776632
776674
776754
776798
776805
777040
777062
777167
777457
777478
777494
777568
777598
777637
777977
778066
778126
778135
778241
778416
778612
778670
778710
778738
778793
778924
778987
779039
779153
779275
779289
779348
779483
779563
779851
780057
780400
780734
780775
780794
780823
780860
780884
781165
781184
781291
781427
781431
781436
781631
781684
781689
781726
781800
781963
782227
782400
782401
782630
782716
782778
782914
782958
782964
783159
783242
783357
783370
783565
783639
783847
784124
784125
784144
784188
784235
784663
784723
784795
784843
784860
784874
785102
785209
785275
785329
785376
785438
785491
785506
785572
785658
785671
785749
785913
785971
785976
786026
786225
786501
786724
786848
787253
787288
787607
787966
787974
787999
788004
788038
788076
788138
788568
788634
788916
788941
788955
788974
789064
789170
789226
789310
789423
789560
789642
789739
789930
790062
790307
790581
790613
790760
790816
790830
791096
791136
791139
791335
791427
791460
791514
791660
791724
791736
791996
792123
792504
792787
793042
793114
793156
793218
793228
793258
793368
793381
793397
793506
793597
793679
793890
793994
794224
794317
794442
794561
794602
794629
794641
794662
794941
795037
795170
795295
795738
795813
795842
795955
795971
796141
796167
796194
796206
796418
796524
796692
796698
796721
796807
796922
797022
797152
797175
797383
797456
797457
797512
797516
797609
797740
797766
797771
797778
797809
797898
798159
798427
798464
798465
798496
798517
798577
798631
798674
798679
798809
799007
799076
799229
799346
799372
799443
799497
799871
799951
799977
800139
800288
800608
801036
801073
801085
801334
801367
801371
801487
801526
801591
801617
801661
801691
801807
801871
801942
802015
802020
802081
802258
802275
802276
802385
802471
802532
802576
802733
802760
802925
803034
803141
803150
803158
803164
803189
803378
803388
803564
803781
804223
804445
804627
804679
804685
804804
805425
805566
805797
805946
806134
806162
806175
806260
806312
806409
806436
806531
806618
806721
806872
806933
806998
807027
807075
807521
807532
807765
807857
807892
808058
808125
808271
808287
808313
808395
808538
808556
808630
808773
808797
808803
808847
808960
809139
809303
809342
809507
809589
809633
809665
809819
809941
809950
810072
810135
810137
810192
810200
810237
810688
810733
811049
811100
811133
811139
811206
811289
811439
811451
811770
811932
812020
812221
812482
812503
812968
813063
813083
813198
813337
813536
813837
813976
814057
814184
814319
814644
814665
814694
814734
814919
815011
815091
815152
815231
815319
815398
815496
815498
815620
815697
815792
815794
815832
816007
816040
816314
816717
816983
817017
817052
817113
817144
817174
817228
817247
817500
817532
817601
817753
818027
818141
818269
818270
818375
818405
818513
818674
818698
818939
819119
819178
819397
819428
819520
819557
819691
819701
819742
819919
820108
820120
820321
820392
820454
820479
820606
820762
820839
820855
820860
820960
821039
821118
821129
821150
821230
821268
821268
821276
821324
821433
821536
821608
821645
822091
822170
822216
822393
822666
822708
822882
822940
823049
823196
823488
823505
823541
823703
823945
824152
824316
824331
824338
824454
824571
824578
824594
824606
824739
824835
824902
824926
824969
825127
825192
825209
825221
825485
825623
825831
825865
825908
825913
826159
826398
826409
826702
826783
826880
826907
826942
826987
827126
827247
827348
827441
827733
827924
827989
828066
828070
828082
828229
828233
828487
828753
828816
828972
829052
829341
829346
829484
829646
829914
829971
830128
830489
830590
830614
830656
830726
830780
830795
830883
830972
831073
831074
831141
831182
831219
831405
831466
831555
831651
831671
831767
831811
831907
831917
831952
832092
832467
832535
832644
832678
832728
832838
832877
832908
832992
833039
833049
833177
833283
833330
833503
833583
833609
833638
833678
833713
833832
833866
834000
834002
834029
834029
834146
834418
834450
834459
834522
834559
834574
834708
834833
835157
835225
835479
835490
835516
835630
835642
835713
835858
835944
835951
836047
836234
836318
836321
836404
836525
836531
836884
837071
837074
837383
837397
837479
837498
837507
837593
837629
837682
838001
838075
838308
838379
838407
838503
838724
838924
839026
839241
839358
839423
839484
839570
839619
840006
840117
840136
840203
840307
840349
840373
840444
840548
840653
840740
840745
840881
841012
841026
841196
841199
841232
841246
841294
841328
841330
842032
842102
842406
842548
842633
842689
842708
842775
842811
842986
843208
843238
843267
843319
843354
843378
843459
843610
843641
843651
843683
843801
843898
843930
844009
844024
844064
844076
844134
844291
844565
844588
844760
844889
844901
845007
845025
845073
845121
845223
845462
845529
845646
845765
846139
846293
846403
846627
846631
846768
846803
846990
847009
847061
847285
847544
847621
848098
848215
848240
848279
848362
848380
848404
848434
848691
848727
848815
848910
849303
849534
849734
849748
850013
850068
850188
850578
850607
850678
850878
850930
851015
851196
851222
851532
851675
851897
852019
852090
852180
852206
852241
852264
852360
852384
852486
852560
852576
852581
852621
852637
852657
852681
852737
852818
853019
853094
853098
853208
853244
853246
853488
853556
853572
853624
853921
854015
854192
854247
854359
854394
854492
854577
854805
854908
854948
854957
854976
855007
855380
855461
855554
855599
855665
855860
855951
855969
856256
856434
856447
856564
856601
856931
856932
856938
857047
857057
857294
857633
857770
857776
857785
857850
857851
857913
858002
858102
858284
858335
858359
858365
858401
858436
858505
858529
858659
858719
858847
858865
858948
859002
859197
859498
859534
859622
859653
859692
859701
859711
859802
860006
860007
860460
860580
860630
860686
860790
860871
860881
860907
860956
861025
861058
861086
861130
861253
861313
861641
861813
861913
861947
862032
862045
862060
862087
862137
862198
862201
862283
862472
862503
862697
862780
862781
863363
863488
863569
863952
864011
864013
864065
864095
864136
864210
864406
864467
864647
864711
864747
864956
865078
865178
865304
865340
865698
865829
866031
866225
866269
866358
866398
866403
866433
866442
866595
866659
866936
866938
867158
867244
867318
867373
867444
868071
868248
868319
868377
868423
868685
869030
869103
869126
869139
869300
869399
869429
869491
869633
869748
869781
869996
870037
870187
870284
870584
870711
870845
871288
871393
871508
871615
871694
871928
871946
872304
872307
872408
872475
872504
872597
872598
872726
872838
872859
872924
872927
872956
873098
873205
873247
873421
873579
873637
873950
874015
874087
874255
874288
874381
874385
874454
874561
874674
874744
874867
874952
875019
875120
875180
875187
875246
875315
875347
875353
875370
875463
875498
875600
875617
875630
875790
875846
875879
875916
876141
876159
876226
876235
876252
876378
876435
876474
876482
876583
876647
876886
877162
877389
877463
877654
877902
877945
878395
878433
878467
878514
878660
878662
878749
878854
878858
878946
879361
879374
879485
879505
879622
879735
879852
879908
880156
880238
880246
880269
880352
880593
880637
880872
880883
880971
880994
881062
881068
881129
881161
881216
881265
881405
881510
881688
881720
881775
881780
881788
882301
882682
883071
883152
883173
883223
883226
883263
883491
883745
883973
884086
884087
884170
884195
884212
884382
884398
884490
884522
884948
885054
885062
885256
885262
885386
885388
885400
885578
885643
885674
885721
886006
886081
886094
886133
886164
886317
886318
886349
886361
886481
886510
886680
886988
887063
887077
887193
887195
887219
887247
887400
887446
887751
887823
887860
887974
887986
888109
888115
888228
888469
888710
888733
888802
888846
888879
888909
888934
889027
889162
889176
889278
889383
889453
889459
889484
889677
889683
889761
889761
889844
889905
890100
890110
890127
890209
890313
890435
890469
890491
890496
890542
890547
890554
890570
890890
890963
891051
891136
891194
891323
891344
891551
891596
891677
891692
891921
892196
892201
892366
892377
892384
892396
892472
892500
892545
892626
892810
893000
893015
893103
893272
893342
893438
893531
893591
893683
893762
893896
893988
894013
894116
894122
894346
894509
894771
894771
894822
894965
895007
895333
895343
895380
895399
895621
895668
895791
895843
895852
896137
896221
896246
896811
896866
896912
896935
896943
896953
897135
897145
897361
897555
897613
897716
897728
897953
898197
898225
898234
898526
898634
898634
898680
898818
898901
898905
898993
899062
899206
899253
899364
899526
899595
899662
899687
899719
899724
899733
899786
899808
899875
899898
900093
900099
900187
900219
900486
900578
900681
900778
900784
900816
901022
901123
901314
901412
901499
901508
901525
901585
901592
901596
901658
901684
901794
901902
902007
902036
902245
902255
902420
902558
902575
902759
902819
902842
902853
902891
902924
903010
903028
903053
903060
903133
903193
903314
903375
903474
903501
903535
903627
903948
903996
904011
904223
904327
904505
904530
904829
904925
904940
905257
905281
905318
905364
905486
905498
905607
905608
905679
905733
905854
906051
906310
906338
906374
906403
906529
906776
906885
906940
906942
906980
907024
907033
907037
907227
907361
907368
907603
907629
907643
907874
907926
907944
908223
908252
908267
908277
908294
908629
908664
908725
908728
908781
908991
909130
909491
909654
909659
909691
909696
909725
909725
909789
910059
910311
910574
910680
910894
910928
910997
911024
911129
911160
911262
911320
911556
911680
911707
911735
911981
912141
912266
912615
912659
912718
912868
912944
913151
913180
913333
913411
913446
913574
913660
914055
914075
914230
914281
914316
914553
914580
914622
914677
914937
915035
915037
915054
915181
915238
915526
915531
915664
915726
915727
915754
915768
915769
915867
915896
915908
916245
916259
916411
916440
916654
916682
916731
916755
916810
916915
916926
916931
916941
917023
917030
917097
917143
917478
917635
917712
917738
917872
917884
917890
917896
917925
917937
918080
918111
918224
918264
918330
918428
918557
918785
918810
918951
919049
919167
919208
919295
919296
919327
919495
919718
919874
919920
919985
920003
920229
920335
920606
920641
920683
920765
920827
920937
920951
921173
921236
921335
921344
921381
921402
921517
921605
921610
921643
921650
921689
921810
921924
921949
922302
922495
922590
922650
922814
922845
922966
923213
923357
923372
923477
923513
923531
923545
923589
923637
923689
923847
923895
923901
923948
924210
924525
924561
924695
924744
924816
924832
924860
925018
925580
925752
925825
925908
925962
925995
926129
926322
926330
926382
926630
926631
926844
926900
927398
927588
927597
927599
927699
927785
927835
927898
927901
927920
927967
928109
928117
928148
928438
928580
928619
928713
928953
928978
929052
929313
929417
929464
929709
929843
929876
929981
930122
930143
930276
930404
930484
930515
930581
930693
930811
930981
931054
931281
931389
931419
931458
931492
931495
931526
931707
931755
931994
932067
932391
932435
932492
932758
932958
933002
933209
933447
933526
933619
933670
933897
933970
933985
934011
934170
934235
934335
934351
934545
934565
934793
934838
934861
934912
934918
935090
935261
935426
935580
935590
935610
935761
935867
935908
935947
936060
936107
936127
936138
936309
936416
936431
936439
936512
936553
936574
936642
936644
936814
936884
937079
937240
937274
937322
937322
937343
937367
937603
937616
937835
937841
937850
938124
938187
938246
938681
938855
938908
939000
939083
939173
939460
939467
939639
939931
940168
940286
940355
940610
940625
940644
940775
940794
941209
941222
941238
941301
941304
941325
941569
941642
941696
941872
941996
942117
942246
942370
942393
942510
942698
942821
942865
942874
942979
943001
943175
943187
943371
943404
943742
943744
943799
943885
943931
943943
944078
944149
944178
944181
944191
944268
944278
944390
944534
944684
944713
944847
944891
944950
945068
945188
945410
945509
945785
946047
946371
946403
946406
946496
946565
946609
946770
946786
946848
946858
946887
946901
947010
947044
947047
947084
947115
947423
947423
947456
947565
948084
948205
948222
948351
948447
948563
948845
948865
948922
948996
949027
949062
949372
949475
949496
949710
949791
949826
949914
949930
950122
950319
950362
950670
950725
950813
950823
950877
950925
950965
951003
951088
951131
951135
951233
951302
951413
951507
951678
951708
951958
952055
952173
952275
952293
952331
952475
952550
952637
952695
952798
953058
953067
953204
953234
953251
953445
953473
953700
953747
953778
953793
953825
953915
954017
954234
954254
954336
954539
954588
954623
954638
954881
954967
954974
955001
955168
955273
955286
955426
955536
955540
955645
955650
955683
955955
955965
956150
956582
956699
956712
956750
957164
957244
957529
957655
957660
957740
957767
957890
957915
957956
958051
958399
958416
958433
958634
958636
958856
958874
958964
959184
959239
959314
959325
959493
959551
959571
959659
959873
959989
960067
960107
960343
960347
960419
960678
960837
960847
961024
961045
961146
961239
961243
961272
961358
961364
961386
961408
961838
961891
961901
961950
962150
962217
962402
962440
962457
962634
962936
963071
963205
963256
963259
963352
963388
963408
963474
963524
963569
963704
963779
963862
963920
964065
964186
964301
964380
964401
964466
964616
964802
964864
964890
964987
964992
964997
965011
965112
965250
965295
965431
965480
965482
965537
965678
965749
965865
966025
966071
966122
966167
966454
966516
966605
966672
966705
966824
967201
967302
967369
967370
967446
967476
967509
967595
967839
968033
968256
968321
968324
968435
968547
968568
968590
968619
968655
968776
968856
968888
968917
968927
968938
968949
969090
969147
969200
969223
969434
969456
969458
969463
969806
969886
970124
970239
970618
970742
970748
971089
971310
971363
971458
971598
971720
971840
971853
971949
971975
972018
972038
972385
972444
972549
972731
973101
973253
973570
973577
973693
973860
973955
974099
974250
974261
974419
974461
974507
974527
974553
974587
974767
975112
975143
975280
975287
975486
975502
975574
975675
975688
975716
975771
975971
975983
976068
976086
976210
976234
976275
976448
976642
976716
976748
976908
976955
977005
977071
977177
977391
977668
977838
977842
977860
978016
978101
978131
978166
978186
978246
978269
978391
978403
978497
978800
978822
978862
978986
979204
979290
979385
979532
979541
979602
979742
979775
979964
980065
980184
980389
980426
980438
980461
980551
980600
980687
980734
980907
980994
981029
981082
981137
981200
981260
981393
981512
981606
981649
981784
981807
981817
981879
981992
981993
982098
982205
982236
982387
982412
982445
982467
982559
982574
982801
982848
983148
983159
983216
983360
983823
983917
984003
984018
984063
984119
984134
984150
984250
984255
984273
984299
984315
984329
984401
984542
984860
984928
985301
985446
985525
985621
985629
985630
985711
985809
985957
986282
986745
986782
986913
987081
987101
987169
987279
987284
987569
987610
987669
987825
987860
987861
987920
987945
987983
988125
988139
988224
988233
988245
988372
988762
988799
988881
988960
988981
989048
989082
989088
989102
989170
989236
989408
989495
989525
989525
989669
989897
990043
990139
990243
990435
990840
990841
990988
991006
991106
991373
991494
991550
991689
991744
991810
992011
992243
992249
992784
992882
992993
993070
993071
993576
993843
994132
994217
994313
994448
994632
994646
994654
994953
995012
995042
995100
995213
995242
995359
995589
995622
995630
995719
995768
995835
995852
995870
995911
996309
996382
996486
996497
996873
996879
997031
997145
997178
997202
997279
997347
997368
997423
997447
997543
997573
997721
997734
997767
998097
998142
998144
998147
998499
998516
998861
998910
998992
998994
998997
999267
999310
999487
999508
999538
999622
999649
999751
999818
999830
999916
999955
