100
529
5415
11447
69512
111157
118100
129815
133344
133518
151159
153538
159916
165552
166508
184768
188813
191246
198601
199621
205077
205187
205970
211685
213754
235681
237158
254159
257826
263601
265369
267429
273816
275286
320087
321966
328531
339172
339236
353085
365022
377989
386104
399844
403602
404929
405306
405509
417097
419371
423805
433118
437147
447326
454669
473193
476487
485640
492545
502395
535132
535575
543139
560695
561119
562496
567104
567875
571071
577557
586166
588829
608138
640951
660408
673550
683764
685751
709847
724794
729913
732957
740017
750022
782947
798723
805095
840493
846138
846567
866077
893925
914363
922010
922999
935188
954441
967547
971160
971757
993123
