1000
355
581
2466
4345
6185
8101
8920
10155
10261
13967
15465
15890
17037
17081
23491
23902
24424
29392
31400
31416
33820
33883
34699
34782
34970
36190
36360
36627
38255
39106
40466
40559
42951
43467
44709
46584
47539
48076
48195
48650
49591
50652
51248
54995
55640
57294
58757
60801
61019
61510
61603
64090
65465
67899
68549
70865
71611
71661
71716
72147
72460
73283
73631
74828
76000
78500
78978
79424
80335
84003
85692
86263
89517
89840
90704
93189
93888
96025
96161
96272
96692
98594
101040
101074
101131
102251
102860
103084
105898
107696
109185
109272
110014
110568
110970
113504
114237
116474
116484
117735
118563
120263
120431
120957
122818
122950
124023
125527
126335
126850
127998
128638
131220
131880
132269
133746
134131
134488
134684
135065
135845
137965
137974
139168
139493
142848
143106
144448
145789
148586
148690
151640
152340
152394
153890
154666
154804
156592
156787
157728
159455
159473
160104
160226
160286
161278
164493
165115
166177
166666
166969
168309
173219
175713
179198
179485
180710
180719
183396
183502
184324
184823
185326
186946
189229
191069
193434
193761
194154
198488
198664
200591
201690
204094
204297
205268
206690
207146
207601
210147
210335
210721
211925
212141
216543
217183
219209
219223
219625
220715
221405
222396
222447
225109
225541
226243
229311
229397
229552
229948
231566
231846
232660
233202
235931
237402
237894
239386
241255
241549
241906
241996
243127
243589
243671
244345
245366
246179
246486
247403
247820
248850
249065
249169
249195
250705
253207
253649
254147
254263
254360
254704
255000
255808
255881
256316
256436
259225
259401
260522
261401
261839
262371
262936
263374
263533
266651
270936
271869
275373
278142
279229
280343
280516
280706
281838
281896
285737
286545
287554
287932
288684
289284
290284
290981
294837
294838
295746
296351
298645
299054
299150
299638
301750
302622
302871
303231
303344
305296
306216
307323
309498
310010
310784
312139
313394
314456
316153
316337
317177
317222
317324
318108
318542
320635
321510
321680
321899
322810
322891
323537
323683
324011
324249
325738
325889
326496
326644
331655
332879
337139
338026
338436
340514
340565
341806
348705
348878
349224
349280
349392
349711
350145
350625
350726
351594
356173
356638
356728
357192
358603
359542
360096
361336
361693
362110
363513
364853
365848
365963
366563
367059
369173
370216
370541
370621
371703
373349
373765
373967
375229
375901
376169
376390
378281
380579
381259
383593
383931
384013
384234
384372
384794
385181
388606
389620
391038
391394
391596
392351
392660
394760
395352
396686
397077
397245
397559
398712
398966
399581
399713
400368
400784
400947
402673
403937
404702
406708
406931
407354
407768
411785
413810
415224
416075
417681
418478
420289
420646
422330
422383
422626
428935
429802
431561
433746
434103
435106
435666
436191
439898
439908
442356
442861
443063
443255
444215
444681
445391
448638
450567
450907
451066
452084
452172
452460
452500
453027
453820
455197
455410
455908
458914
460721
463456
463871
465401
465696
465959
466431
466762
467400
467956
469135
472005
472509
472947
473717
474182
474973
475361
477212
478380
479085
479144
481650
482258
482654
484867
485083
485546
487445
488410
488526
488560
491380
491631
492054
495703
498254
498797
499433
499717
501846
502322
502489
502505
502962
503276
503549
503568
504386
505011
505260
507341
510211
512407
513169
513451
521271
521594
521761
522008
523101
524790
525064
525552
527187
528388
529224
529494
531148
531616
532235
532965
537320
537873
538764
538929
540040
540857
541064
542674
544470
544603
545642
546160
546315
548517
549742
550410
551533
551678
552040
552811
553585
553728
554121
554823
555749
556511
557687
559096
560324
563702
563960
567230
567353
568147
568466
568553
569205
569328
569816
570256
571918
572615
575243
576786
577228
578484
578685
579760
581231
581255
582688
584959
585214
586002
587704
589879
590330
590491
591463
592077
592559
592680
593847
594175
596494
597708
598147
598186
598508
599706
600341
600427
601124
601900
602937
603016
604353
605505
606986
607612
612386
612931
613483
613527
614206
615086
617615
617634
618321
620304
621736
622477
623033
623622
627335
627811
628127
629162
630090
634710
634881
636059
637059
637789
639608
642755
643006
643810
645547
646850
647114
647162
647788
648227
649389
649496
650666
651315
652296
653127
654264
655401
655947
656954
658209
658898
659609
659630
660336
660419
660425
661003
661577
662136
662248
663264
666073
666362
667249
667410
667861
668501
669148
670606
670891
671005
674992
675608
676839
679401
681310
682741
684051
684556
685248
685911
686367
688778
689129
690538
691094
692152
692671
693601
694730
694868
695133
695336
696911
697067
697527
698624
698895
699078
699293
700441
700861
701430
702502
703110
704180
704406
705021
706271
708196
708668
709105
709306
710021
711066
711217
711325
712929
713070
713592
713961
715552
715870
716487
716920
716948
717071
717279
717300
717418
718019
718118
718810
719566
720742
721590
722241
722905
723530
723572
724459
725390
727341
727718
728442
729000
729936
730338
731409
731724
732292
732342
732804
733145
734494
737989
738028
743185
744519
744816
745000
745029
745226
745859
747885
748847
749417
750039
750715
750838
750879
751043
752151
758084
761957
762580
763050
764674
765414
766277
767672
768537
770520
770641
774742
775516
775536
779247
779951
782649
783668
784430
784725
787186
787680
788391
789405
790388
790765
790836
794956
795021
796747
797284
797595
798970
801752
802031
803316
804073
805858
806325
806800
809509
810451
810462
811872
812338
813847
815719
816808
818100
818618
818994
819413
821591
823159
823510
826247
826839
830001
830105
831184
832297
833351
834056
834351
835446
835781
837129
837467
837569
838847
838968
839933
840637
840866
840949
841547
842374
843548
843899
844197
844977
845373
847838
848923
848953
849695
850682
850766
852029
854029
854054
855672
856639
856718
856730
856922
856944
857742
858932
859653
860113
860839
861179
861576
863611
863770
864813
865638
866857
867454
867567
867675
867864
868081
868614
869360
873251
876761
881257
881530
882054
882320
883587
885965
886946
888446
888990
889860
891311
892337
892507
892762
893010
895046
896749
898740
898851
899867
900156
900422
901781
903319
903590
904118
906916
906935
908198
910279
911390
912825
912831
912897
913184
913273
913675
916754
918030
918376
918608
919815
920888
924582
924968
925766
927758
929158
929941
931844
934911
935319
935607
935629
937351
938076
938129
938451
941765
942806
942938
944832
946987
948217
950160
950436
951412
952810
953024
953378
953470
953996
955347
955488
956182
957350
957524
957688
958469
958802
958890
959955
960095
962466
962572
964313
966733
966829
967498
967532
967625
967787
968119
968513
970122
970559
970676
974048
974602
975228
975245
977462
978187
979423
980200
980844
981687
983150
983730
984012
984439
984542
987759
988864
990273
990678
991079
991272
993434
994704
996125
997563
997988
998726
998887
999148
999154
999214
999250
