10000
194
337
370
461
523
646
675
887
953
1102
1287
1408
1489
1500
1500
1652
1703
1726
1773
1776
1812
1901
1903
2076
2385
2510
2695
2934
2960
3012
3195
3198
3236
3290
3369
3555
3663
3730
3768
3776
3856
4047
4052
4273
4294
4373
4380
4434
4827
5094
5139
5154
5428
5574
5652
5664
6103
6138
6305
6315
6340
6350
6411
7122
7304
7429
7695
7784
7910
7960
8035
8057
8131
8142
8174
8608
8704
9046
9061
9128
9138
9307
9585
9841
9848
9949
10027
10173
10478
10501
10552
10591
10741
10763
10830
10907
11229
11255
11336
11541
11682
11807
11814
11844
11858
11910
12017
12028
12145
12229
12450
12477
12486
12631
12844
12856
12862
12898
13171
13435
13441
13491
13845
13966
14074
14202
14222
14247
14353
14462
14486
14766
14840
14946
15238
15273
15332
15401
15546
15668
15715
15928
16036
16062
16135
16161
16413
16592
16660
16698
16783
16945
17079
17278
17312
17445
17455
17456
17597
17621
17666
17867
17874
17907
17976
18152
18192
18192
18201
18433
18558
18586
18859
18977
19017
19059
19160
19180
19233
19329
19350
19521
19669
19842
19852
20000
20126
20209
20308
20408
20577
20601
20634
20791
20878
21058
21108
21506
21686
21849
21877
22078
22231
22371
22391
22394
22505
22580
22977
23087
23329
23422
23433
23494
23565
23734
23761
23844
24064
24097
24413
24574
24582
24604
24657
24664
24729
24742
24815
24848
24854
24894
25041
25059
25148
25233
25336
25482
25546
25554
25746
26046
26101
26133
26294
26445
26446
26531
26629
26632
26903
27030
27087
27230
27361
27623
27692
27772
27810
27860
28226
28250
28338
28514
28522
28579
28604
28655
28660
28777
28998
29196
29296
29301
29302
29419
29569
29606
29684
29711
29714
29729
29836
30178
30565
30669
30772
30875
30918
30935
31065
31183
31288
31314
31609
31634
31639
31736
31781
31907
32038
32064
32073
32167
32349
32411
32418
32455
32550
32870
32952
33021
33140
33328
33369
33501
33526
33530
33590
33622
33703
33816
33903
33908
34179
34239
34272
34302
34354
34853
35001
35007
35148
35249
35273
35449
35611
35705
35776
35818
35925
35969
36360
36409
36621
36648
36684
36849
37237
37570
37756
37770
37926
37935
37965
38035
38084
38143
38186
38315
38447
38667
38672
38759
39220
39837
39853
39957
40072
40084
40137
40288
40342
40350
40366
40445
40446
40588
40638
40649
40661
40830
40855
41042
41076
41108
41325
41325
41493
41522
41528
41561
41634
41790
41798
41853
41942
42153
42259
42292
42415
42759
42907
43133
43135
43272
43541
43552
43688
43843
43946
44060
44135
44148
44252
44337
44395
44444
44654
44886
44913
44938
44949
44993
45189
45361
45537
45696
45736
45967
45981
46169
46178
46179
46316
46447
46505
46601
46609
46789
46789
46790
46793
46888
47025
47062
47116
47117
47324
47363
47440
47565
47724
47774
47833
47858
47975
48021
48491
48662
48708
48721
48732
48848
48923
49080
49328
49397
49411
49444
49544
49612
49759
49771
49853
49908
49957
50014
50122
50222
50342
50502
50792
50961
51013
51033
51054
51065
51118
51155
51174
51266
51288
51349
51402
51621
51792
51898
51942
52028
52073
52226
52452
52503
52550
52594
52655
52668
52688
52751
52839
52992
52995
53204
53354
53557
53591
53608
53624
53802
53877
53914
53991
54024
54074
54112
54342
54510
54640
54686
54717
54888
55008
55011
55038
55168
55398
55427
55546
55610
55875
55883
55888
56070
56095
56187
56202
56308
56431
56531
56646
56686
56717
56737
56872
56884
56917
56928
57033
57137
57213
57238
57263
57407
57485
57498
57598
57720
57758
57792
57876
57906
57976
58097
58120
58316
58453
58491
58629
59152
59437
59448
59453
59562
59562
59593
59660
59927
60089
60287
60408
60421
60489
60541
60557
60728
60781
60821
60898
61045
61178
61235
61727
61790
61853
61859
61957
62089
62124
62132
62416
62643
62687
62742
62781
62803
62845
63101
63106
63328
63620
63683
63735
63843
63977
64069
64082
64167
64453
64456
64574
64683
64842
64993
65178
65389
65582
65709
66040
66167
66200
66207
66218
66256
66276
66351
66360
66434
66438
66685
66708
66883
67018
67116
67194
67495
67821
67880
68005
68605
68690
68804
68818
68957
69354
69386
69487
69565
69579
69685
69753
69878
69920
69932
70035
70238
70339
70441
70485
70496
70621
70705
70731
70906
70939
70999
71038
71054
71058
71130
71256
71275
71496
71566
71615
71616
72016
72248
72312
72346
72410
72590
72730
72897
72940
73306
73458
73487
73724
73757
73783
73804
73829
73869
73896
73900
73921
73942
73973
74353
74452
74493
74567
74773
74835
74911
75252
75350
75482
75505
75771
75787
75824
75903
75973
76100
76684
76690
76780
76879
76927
76938
77165
77481
77483
77502
77696
77761
77790
77932
78077
78105
78275
78426
78558
78625
78801
78816
78972
79257
79261
79274
79402
79418
79591
79736
79764
79944
80327
80542
80670
80690
80721
80791
80859
80925
81057
81079
81197
81245
81251
81259
81638
81788
81795
81816
81826
81941
82011
82130
82453
82485
82634
82685
82770
82950
83087
83208
83234
83270
83419
83442
83661
83672
83717
83965
83980
84029
84159
84165
84270
84394
84406
84579
84584
84616
84646
84703
84717
84888
85081
85109
85204
85217
85237
85436
85519
85519
85551
85628
85679
85719
85914
85979
86062
86087
86100
86169
86212
86231
86351
86376
86417
86451
86508
86509
86522
86606
86746
86799
86817
86867
86872
86950
87497
87697
87813
88090
88225
88346
88412
88463
88687
88761
88801
88830
89087
89167
89196
89348
89457
89639
89644
89751
89788
90233
90255
90325
90397
90673
90806
90904
90963
91007
91070
91099
91332
91416
91636
91648
91730
91928
92088
92147
92430
92484
92575
92608
93054
93497
93785
93825
93951
94313
94379
94474
94569
94607
94785
94798
94969
95168
95293
95711
95761
95778
95791
95857
95890
95891
95922
95978
96074
96177
96248
96305
96309
96318
96328
96330
96665
96798
97083
97083
97174
97200
97223
97234
97333
97358
97574
97671
97676
97814
97854
97879
97922
98014
98166
98277
98331
98530
98910
99086
99118
99704
99833
99986
100017
100093
100137
100223
100280
100343
100413
100486
100574
100720
100736
100795
100917
100980
101005
101042
101100
101141
101273
101372
101375
101471
101524
101623
101654
101665
101689
101695
101762
101795
101811
102027
102190
102223
102473
102502
102575
102612
102633
102665
102719
102773
102781
102935
103140
103174
103278
103444
103570
103603
103938
103967
104011
104053
104054
104174
104188
104307
104326
104427
104649
104674
104774
104787
105100
105273
105326
105350
105413
105587
105654
105728
105874
105883
105937
105980
106031
106124
106165
106173
106173
106334
106463
106544
106609
106683
106720
106722
106857
106979
106992
107083
107148
107157
107226
107269
107332
107750
108011
108066
108284
108365
108377
108466
108644
108771
108806
109044
109191
109255
109318
109341
109453
109806
109829
109844
109902
110223
110283
110642
110687
110716
110722
110768
110787
110883
111115
111299
111376
111423
111559
111655
111681
111705
111720
111752
111773
111996
112158
112296
112407
112512
112554
112574
112596
112627
112633
112693
112710
112712
112840
113012
113030
113045
113085
113179
113279
113318
113612
113677
113813
113938
113946
114085
114216
114245
114342
114614
114668
114861
114913
115006
115100
115188
115369
115395
115416
115477
115510
115595
115595
115611
115618
115730
115736
115908
116048
116391
116441
116651
116715
116724
116836
116875
116942
117045
117140
117216
117232
117259
117262
117321
117604
117615
117742
117766
117842
117848
117982
118010
118059
118168
118332
118492
118639
118772
118806
118885
118917
119115
119121
119134
119289
119422
119460
119600
119670
119756
119797
119889
120006
120075
120174
120368
120391
120640
120649
120738
120814
120824
120926
121018
121074
121153
121161
121404
121529
121624
121643
121712
121770
121775
121820
121834
121867
121915
121953
121997
122038
122141
122186
122268
122374
122438
122496
122542
122546
122555
122748
122793
122873
122928
123065
123068
123181
123195
123508
123545
123552
123578
123691
123726
123742
124069
124127
124154
124288
124350
124354
124535
124713
124829
125210
125285
125449
125454
125504
125541
125931
126143
126206
126259
126584
126930
127024
127349
127361
127459
127525
127675
127701
127755
127783
127905
128111
128221
128272
128606
128757
128758
128829
129237
129317
129573
129587
129674
129769
130020
130243
130296
130442
130513
130915
131023
131086
131096
131292
131357
131791
131921
132076
132090
132139
132193
132388
132504
132517
132759
132910
132931
133338
133363
133444
133463
133519
133535
133652
133696
133780
133847
133853
133891
133955
133968
134021
134111
134120
134142
134482
134498
134559
134577
134595
134812
134995
135652
135814
135874
136000
136032
136231
136236
136634
136678
136869
137007
137043
137159
137546
137600
137698
137864
137865
137968
137990
138026
138051
138213
138226
138228
138327
138363
138416
138658
138917
138931
138949
139098
139295
139542
139739
139798
139822
140027
140078
140139
140222
140379
140797
140808
140890
140906
140949
141006
141121
141131
141269
141329
141408
141502
141541
141552
141822
141912
141932
141946
141987
142041
142057
142154
142452
142548
142704
142843
142926
142937
143188
143199
143406
143653
143710
143733
143892
144016
144099
144149
144152
144170
144311
144341
144486
144550
144583
144652
144658
144792
144887
144943
144959
145005
145146
145153
145183
145256
145272
145379
145390
145476
145625
145677
145696
146586
146592
146676
146864
146874
146975
146996
147244
147343
147380
147430
147569
147720
147725
147873
147967
148059
148165
148190
148218
148276
148400
148549
148765
148814
149072
149100
149224
149235
149374
149392
149418
149448
149890
150039
150073
150135
150160
150213
150284
150470
150541
150578
150876
151000
151024
151280
151324
151383
151489
151689
151710
151720
151857
151925
152119
152195
152199
152268
152365
152562
152874
152907
152948
152948
153116
153305
153800
153815
153859
154323
154501
154582
154970
155116
155158
155211
155277
155626
155684
155710
155974
156042
156083
156144
156194
156308
156665
156781
156826
157055
157100
157589
157899
157924
157926
158052
158245
158379
158455
158475
158686
158828
159094
159204
159232
159236
159325
159335
159407
159416
159572
159739
159762
159918
159925
159971
159990
159995
160153
160192
160258
160315
160357
160389
160398
160523
160632
160680
160710
160800
161130
161232
161285
161396
161483
161504
161542
161608
161624
161648
161666
161682
161685
161726
161905
162044
162118
162134
162423
162495
162592
162641
162834
162982
163045
163190
163449
163457
163697
163718
163772
163810
163842
163857
164000
164043
164216
164256
164414
164437
164485
164512
164586
164765
164904
164928
165119
165167
165169
165277
165416
165462
165519
165837
165915
165935
165980
166099
166104
166198
166238
166310
166363
166427
166614
166672
166810
167026
167117
167193
167244
167254
167348
167565
167645
167677
167830
168102
168168
168205
168358
168360
168461
168543
168694
168838
169278
169454
169776
170397
170431
170443
170848
170862
171002
171166
171312
171487
171525
171614
171733
171798
171947
172102
172458
172567
172909
172929
172962
173200
173261
173289
173320
173358
173363
173423
173640
173811
173859
174048
174160
174265
174414
174690
174718
175097
175107
175227
175319
175422
175490
175585
175632
175674
175774
175884
175887
175951
176005
176040
176086
176127
176214
176223
176436
176445
176589
176905
176954
177084
177096
177274
177297
177369
177502
177517
177592
177603
177632
177781
177846
177892
178098
178115
178161
178357
178404
178432
178453
178511
178550
178575
178796
178927
178967
179039
179257
179260
179309
179368
179485
179486
179530
179577
179709
179944
180055
180170
180249
180559
180568
180633
180722
180954
180970
181395
181547
181652
181842
181846
181975
181980
181985
182074
182137
182218
182324
182329
182389
182526
182621
182773
182829
183062
183197
183294
183316
183333
183508
183673
183698
183816
183930
183954
184190
184199
184653
184804
184890
184929
184936
185091
185172
185265
185281
185295
185351
185358
185462
185505
185531
185829
186051
186135
186262
186280
186299
186598
186693
187084
187152
187218
187470
187732
188204
188264
188309
188563
188651
188690
188839
188953
189114
189139
189201
189255
189365
189404
189606
189618
189745
189776
189844
189940
190111
190338
190447
190525
190550
190567
190618
190748
190765
190925
190989
191098
191111
191143
191276
191282
191286
191348
191535
191594
191669
191855
191950
192008
192087
192275
192276
192307
192709
192717
192784
192845
192979
193112
193234
193521
193625
194041
194046
194250
194390
194438
194460
194609
194762
194818
194885
194944
194988
195031
195120
195191
195316
195510
195516
195548
195595
195612
195773
195850
195851
195917
196125
196143
196176
196368
196391
196392
196661
196685
196877
196879
197010
197136
197282
197486
197494
197589
197592
197804
198064
198065
198083
198113
198355
198463
198573
198710
198896
198913
199004
199123
199350
199561
199617
199645
199844
199860
199878
200095
200367
200378
200392
200395
200420
200519
200567
200649
200714
200820
200923
200955
201002
201026
201037
201223
201305
201459
201682
201952
201978
202118
202235
202282
202355
202358
202362
202399
202500
202549
202729
202795
202855
203077
203093
203254
203278
203301
203319
203419
203476
203794
203891
204126
204162
204407
204443
204701
204813
204982
205207
205248
205406
205544
205589
205740
205752
205810
205990
206149
206208
206304
206386
206559
206765
206923
207046
207193
207272
207292
207345
207705
207743
207766
207846
208665
208828
208857
208882
208894
209094
209198
209277
209284
209294
209351
209375
209403
209582
209601
209958
210062
210269
210306
210652
210780
210855
210898
210936
211184
211220
211240
211421
211438
211470
211541
211578
211762
211850
212094
212111
212180
212199
212227
212266
212334
212483
212526
212637
212950
212968
213023
213053
213145
213195
213248
213252
213600
213617
213682
213774
213804
213947
213979
214125
214235
214328
214487
214774
214936
215091
215137
215155
215170
215171
215300
215325
215350
215372
215432
215528
215681
215709
215720
215870
216067
216080
216352
216386
216387
216451
216501
216514
216518
216531
216590
216672
216815
216972
217007
217107
217193
217221
217288
217392
217408
217492
217542
217604
217708
217766
217819
217880
217928
218057
218238
218240
218423
218485
218576
218589
218592
219043
219062
219066
219147
219353
219543
219710
219811
219849
219992
220041
220045
220081
220195
220292
220430
220474
220705
220882
220889
220891
220933
220966
220991
221264
221581
221725
221816
221829
221864
221922
222021
222031
222102
222233
222464
222692
222905
222937
223066
223151
223209
223212
223306
223350
223495
223527
223610
223772
223919
223953
223985
224364
224489
224603
224615
224619
224649
224909
224964
224987
225045
225094
225282
225334
225373
225479
225522
225782
225791
225933
225937
226066
226119
226171
226337
226347
226360
226556
226820
226923
226978
227006
227061
227084
227097
227136
227282
227466
227474
227590
227671
227854
227855
228242
228323
228325
228381
228647
228675
228920
228957
229138
229170
229312
229333
229336
229354
229479
229494
229504
229531
229642
229701
229735
229884
230248
230298
230400
230884
231201
231203
231212
231212
231431
231635
231681
231733
231778
231895
231942
232017
232247
232341
232505
232526
232527
232561
232838
232875
232882
232928
232931
232991
233214
233322
233353
233427
233615
233643
233732
233924
233938
234312
234360
234431
234516
234531
234554
234946
235116
235119
235175
235179
235222
235266
235268
235591
235624
235906
235912
236013
236185
236264
236334
236595
236614
236642
236887
236917
237027
237169
237370
237377
237421
237491
237698
237711
237799
238046
238173
238337
238703
238866
238889
238955
239045
239073
239518
239744
239744
239767
239830
239928
239935
240132
240209
240216
240273
240523
240588
240764
240963
241204
241215
241230
241230
241644
241655
241884
241946
242154
242277
242278
242457
242743
242756
242831
242871
242931
242932
243054
243110
243263
243325
243371
243413
243438
243477
243498
243514
243516
243556
243600
244066
244223
244282
244304
244332
244374
244783
244977
245008
245059
245235
245329
245441
245657
245970
246032
246426
246474
246549
246567
246625
246646
246824
246918
246937
246998
247009
247034
247074
247075
247138
247245
247316
247470
247484
247495
247512
247801
247896
247942
247970
248059
248094
248174
248228
248319
248393
248497
248646
248710
248728
248927
249106
249170
249338
249463
249495
249579
249603
249603
249685
249770
249870
250025
250041
250057
250064
250199
250551
250561
250625
250639
250681
250820
250895
250984
251074
251093
251130
251385
251402
251456
251477
251520
251533
251583
251758
251780
251905
251914
252022
252039
252075
252081
252126
252136
252189
252332
252377
252444
252565
252638
252794
252844
253115
253148
253241
253385
253444
253471
253507
253581
253591
253607
253725
253884
254033
254183
254482
254535
254587
254622
254718
255096
255243
255357
255440
255490
255779
255877
255923
255942
255957
256062
256091
256166
256553
256566
256620
256773
256889
256911
256985
257034
257165
257169
257176
257285
257381
257457
257625
257658
257684
258143
258166
258229
258368
258754
258787
258812
259094
259118
259272
259367
259577
259716
259729
259840
259901
259926
259952
260104
260193
260401
260439
260596
260597
260732
260832
260890
261007
261063
261345
261397
261558
261637
261965
262045
262101
262219
262259
262293
262498
262532
262801
262865
262896
262918
263233
263351
263355
263444
263964
263988
264038
264049
264300
264646
264694
265221
265258
265274
265335
265438
265461
265523
265526
265597
265600
265679
265706
266074
266122
266407
266425
266680
266711
266791
266840
266983
267004
267057
267259
267331
267352
267393
267488
267871
268032
268177
268245
268847
269000
269058
269109
269364
269384
269452
269686
269971
270009
270163
270213
270344
270395
270437
270543
270550
270900
270992
271035
271116
271119
271125
271202
271258
271550
271650
271675
271701
271889
271977
271979
271986
272136
272155
272404
272448
272473
272484
272701
272806
272879
272880
273078
273099
273393
273551
273564
273715
273804
273850
273890
273934
273947
274002
274018
274048
274209
274401
274447
274465
274501
274797
274813
274914
275104
275115
275195
275341
275510
275589
275644
275698
275705
275741
276031
276241
276461
276571
276603
276774
276777
277260
277308
277309
277707
277720
277774
277799
277824
278156
278456
278471
278528
278614
278709
278915
278926
279076
279102
279163
279377
279452
279661
279680
279791
279800
279896
280168
280273
280429
280618
280649
280682
280708
281010
281286
281599
281616
281647
281648
281911
281982
282065
282077
282136
282248
282321
282331
282353
282482
282548
282556
282682
282835
282903
282983
283012
283059
283095
283155
283194
283245
283284
283330
283426
283490
283676
283776
283871
283892
283899
284024
284030
284053
284095
284123
284222
284427
284497
284577
284628
284703
284809
284879
284981
285174
285253
285285
285319
285429
285450
285595
285640
285827
285858
285869
285966
285990
286031
286253
286260
286325
286444
286448
286542
286593
287035
287260
287415
287792
287863
287952
287994
288169
288277
288450
288583
288745
288800
288806
289030
289144
289197
289280
289523
289677
289936
290097
290322
290324
290356
290379
290431
290619
290659
290689
290866
290952
290963
291031
291033
291038
291188
291215
291490
291507
292104
292226
292345
292451
292458
292581
292626
292822
292837
292895
292898
292929
293165
293205
293222
293561
293653
294101
294262
294422
294482
294692
295115
295201
295404
295415
295494
295646
295686
295698
295779
295869
295899
295945
295955
296069
296230
296258
296330
296343
296390
296507
296670
296738
296775
296855
296925
296964
296993
297185
297219
297268
297449
297461
297466
297565
297612
297764
297769
297922
298059
298190
298272
298408
298496
298515
298546
298719
298857
299016
299037
299231
299296
299306
299316
299360
299520
299526
299542
299551
299810
300060
300118
300169
300218
300229
300276
300320
300330
300540
300739
300748
300836
300877
300885
301198
301598
301600
301701
301737
301828
301897
301965
302241
302362
302375
302674
302702
302768
302850
302935
303148
303213
303302
303506
303566
303679
303806
303944
303964
303969
304006
304389
304428
304492
304695
304819
305068
305133
305601
305646
305682
305700
305711
305962
306023
306027
306140
306214
306261
306289
306294
306316
306330
306409
306480
306506
306592
306653
307112
307341
307509
307513
307681
307862
307977
308087
308131
308163
308174
308176
308179
308229
308347
308416
308455
308512
308597
308608
308635
308665
308809
308972
309108
309520
309578
309589
309621
309712
309744
309757
309769
309816
309882
309888
309925
310022
310100
310108
310121
310172
310207
310219
310263
310306
310322
310324
310341
310431
310497
310573
310668
310713
310830
310864
311117
311132
311156
311253
311312
311502
311583
311583
311656
311671
311679
311681
311686
311710
311815
311860
312081
312390
312417
312624
312714
313124
313143
313385
313626
313657
313778
313816
313878
313962
314105
314166
314176
314210
314292
314397
314444
314468
314479
314560
314649
314714
315076
315100
315120
315198
315227
315274
315314
315340
315416
315436
315467
315514
315534
315547
315602
315800
316126
316144
316255
316258
316289
316297
316370
316406
316415
316708
316829
316959
317024
317048
317323
317556
317627
317724
317741
317769
317855
317855
317856
318375
318692
318710
318726
318806
318828
318948
318956
319096
319305
319310
319337
319530
319573
319615
319892
319956
320074
320297
320338
320611
320634
320761
320806
320827
320844
320856
320919
321257
321356
321519
321539
321567
321599
321711
321729
321988
322153
322209
322318
322620
322632
322825
322963
323023
323257
323263
323326
323551
323567
323605
323741
323799
323821
323867
323965
324065
324314
324324
324414
324421
324429
324484
324497
324516
324770
324835
324837
324837
324855
324901
324955
324961
325100
325165
325284
325541
325789
326114
326322
326363
326573
326708
326716
326748
326765
326767
326771
327163
327188
327311
327333
327382
327495
327711
327730
327748
327753
327789
327968
328038
328133
328167
328254
328430
328506
328511
328543
328593
328787
328812
328866
328961
329072
329128
329176
329185
329573
329620
329697
329719
329748
329834
329923
330025
330164
330288
330402
330458
330539
330557
330591
330705
330730
330837
330851
330988
331081
331134
331139
331146
331152
331237
331260
331264
331280
331461
331535
331674
331750
331839
331864
331956
332021
332134
332366
332550
332576
332669
332807
332833
332857
332868
332948
332966
333404
333623
333623
333788
333897
334088
334233
334276
334420
334627
334734
334741
334753
334797
334898
334927
334929
335097
335191
335195
335303
335329
335534
335554
335575
335622
335669
335704
335872
336001
336066
336244
336262
336278
336286
336365
336378
336509
336561
336572
336656
336673
336835
336884
336958
336972
337041
337190
337338
337413
337440
337459
337526
337674
337817
338098
338142
338193
338349
338469
339042
339119
339180
339208
339339
339356
339412
339459
339499
339499
339598
339758
339760
339770
340035
340124
340480
340525
340754
340766
340909
341330
341359
341398
341499
341570
341768
342374
342455
342489
342603
342681
342713
342972
343108
343234
343395
343478
343529
343531
343867
343878
343885
343946
343973
344059
344196
344200
344402
344444
344610
344614
344679
344692
344718
344725
344743
344785
345008
345032
345105
345133
345148
345162
345192
345221
345236
345334
345375
345508
345961
345979
346082
346230
346232
346293
346412
346550
346552
346684
346941
347033
347143
347147
347183
347208
347452
347833
347842
347885
348058
348064
348071
348075
348139
348164
348226
348442
348467
348701
348776
348838
348845
348899
349162
349320
349419
349456
349761
349782
350012
350017
350137
350224
350253
350300
350302
350317
350333
350607
350638
350640
351037
351118
351206
351466
351499
351812
351909
352124
352202
352297
352416
352588
352630
352686
352702
352729
352931
353004
353009
353258
353428
353750
353757
353876
354070
354163
354183
354235
354286
354303
354538
354582
354662
354730
354763
354929
355102
355118
355293
355345
355353
355399
355437
355575
355622
355653
355755
355762
355835
355944
356114
356649
356702
356773
356799
356854
356876
356903
356958
356971
357114
357458
357546
357630
357664
358021
358049
358120
358159
358234
358539
358614
358646
358804
358941
358962
359020
359154
359171
359336
359435
359655
359717
359804
360100
360232
360447
360680
360720
360739
360803
360870
360880
360991
361018
361254
361343
361439
361452
361553
361712
361893
361915
361944
362019
362047
362201
362273
362371
362478
362541
362548
362575
362601
362672
362751
362801
362858
362938
363015
363084
363120
363171
363274
363346
363595
363619
363619
363652
363662
363701
363729
363763
363863
363941
364018
364039
364048
364091
364352
364363
364470
364765
364852
364930
364972
364986
365179
365197
365225
365311
365319
365334
365344
365401
365450
365518
365583
365603
365875
365909
366008
366124
366142
366303
366392
366422
366477
366524
366632
366656
366656
366720
366844
367016
367122
367184
367301
367351
367687
367821
367858
368098
368126
368222
368328
368661
368688
368693
368713
369032
369325
369485
369586
369681
369813
369858
369877
369960
370027
370146
370274
370956
371049
371063
371170
371299
371305
371512
371592
371674
371710
371779
371802
371830
371839
372054
372105
372141
372153
372211
372552
372585
372596
372606
372607
372709
372710
373092
373190
373225
373270
373299
373360
373383
373383
373431
373514
373535
373603
373626
373921
373953
373971
374161
374162
374294
374382
374525
374868
374964
374966
375051
375170
375183
375292
375367
375613
375643
375743
375800
375984
376059
376095
376128
376327
376400
376417
376609
376638
376689
376701
376910
376927
376949
377059
377102
377145
377153
377337
377433
377587
377936
378037
378261
378311
378457
378584
378758
378880
379215
379287
379521
379552
379856
379929
379993
380101
380156
380238
380282
380292
380342
380441
380507
380535
380608
380746
380813
380813
380852
380914
381051
381184
381301
381403
381426
381437
381468
381608
381833
381952
382121
382217
382319
382398
382466
382538
382549
382594
382727
382961
383048
383218
383223
383263
383410
383428
383511
383585
383615
383671
383763
383828
383949
384246
384251
384333
384501
384576
384801
384961
385118
385182
385226
385284
385425
385426
385433
385475
385629
385886
385898
385998
386007
386075
386096
386137
386282
386305
386445
386514
386827
387034
387175
387195
387233
387455
387587
387699
387726
387929
388065
388170
388173
388311
388335
388397
388561
388586
388595
388673
388834
388837
388959
388997
389087
389199
389253
389471
389472
389503
389586
389716
389806
390021
390124
390189
390199
390232
390233
390441
390607
390649
390762
390799
390879
391030
391098
391176
391204
391308
391696
391747
391750
391797
391907
391984
392093
392290
392299
392315
392331
392369
392394
392591
392635
392877
393100
393199
393331
393362
393489
393537
393606
393928
394026
394184
394329
394355
394367
394418
394586
394644
394679
394753
394891
394960
394970
395023
395074
395119
395165
395200
395285
395524
395545
395569
395604
395607
395699
395744
395790
396090
396140
396148
396175
396268
396332
396516
396564
396715
396822
397034
397357
397462
397485
397493
397737
397773
397794
397864
397889
397894
397905
398048
398460
398635
398640
398745
398913
398992
399006
399105
399164
399211
399274
399365
399375
399476
399859
399872
400006
400094
400284
400415
400427
400785
400829
400907
400936
400947
400965
400981
401223
401229
401268
401420
401459
401563
401788
401842
401878
401920
402011
402142
402177
402613
402823
402828
402833
402924
402932
402989
403011
403084
403115
403122
403176
403263
403336
403340
403363
403644
403900
403916
403936
404211
404268
404438
404509
404514
404585
404978
405108
405146
405253
405276
405394
405445
405463
405502
405740
405964
406302
406526
406608
406639
406663
406690
406725
406974
406979
407012
407344
407722
407786
407821
407949
408000
408259
408337
408426
408565
408641
408983
408994
409222
409665
409732
409756
409827
409920
409991
410025
410242
410244
410310
410409
410412
410522
410556
410569
410614
410679
410682
410790
410961
410971
411010
411062
411123
411305
411344
411375
411468
411528
411540
411610
411838
411997
412068
412325
412332
412536
412622
412715
412749
412955
413013
413130
413377
413460
413563
413663
413763
413772
413774
414022
414109
414128
414259
414308
414377
414398
414632
414641
414777
414792
414792
415133
415195
415318
415322
415360
415374
415402
415429
415561
415594
415595
415605
415634
415860
416075
416084
416086
416117
416177
416191
416213
416331
416357
416451
416499
416699
416789
416823
416938
416969
417157
417288
417297
417510
417542
417627
417664
417885
418019
418022
418115
418130
418207
418311
418546
418667
418778
418790
418841
418879
418883
419009
419150
419223
419268
419377
419445
419610
419778
419794
419797
419841
419929
420005
420272
420343
420412
420489
420572
420595
420713
420719
420728
420768
421017
421114
421310
421412
421521
421585
421615
421620
421646
421653
421755
421971
422202
422266
422313
422383
422405
422510
422546
422654
422671
422718
422745
422748
422754
422761
422860
422919
422971
423018
423163
423237
423504
423586
423612
423820
423829
423999
424011
424324
424352
424459
424541
424563
424601
424699
424754
424767
424801
425122
425809
425876
425916
426513
426884
426888
427034
427127
427422
427530
427775
427901
427936
428009
428027
428037
428640
428694
428708
428749
428763
428787
428819
428827
428997
429085
429118
429237
429268
429289
429326
429344
429449
429597
429651
429784
429901
429925
430789
430874
430875
430888
430899
431028
431164
431244
431363
431576
431705
431822
431860
431948
431980
431998
432008
432244
432400
432511
433050
433328
433794
433828
433868
433906
433942
434027
434077
434202
434255
434401
434431
434514
434613
434873
434964
434977
435054
435133
435205
435208
435253
435490
435589
435596
435643
435803
435862
436058
436256
436275
436278
436354
436678
436796
437207
437235
437443
437579
437587
437669
437709
437887
438228
438406
438416
438473
438716
438746
438950
439265
439342
439383
439421
439438
439458
439530
439612
439614
439632
439800
439848
439886
440030
440044
440049
440114
440144
440228
440715
440812
440950
440982
441050
441391
441396
441402
441498
441649
441693
441768
441815
441862
441868
442216
442290
442305
442355
442428
442452
442468
442507
442639
442683
442737
442771
442792
442806
442884
442886
442981
443106
443188
443285
443288
443405
443484
443488
443551
443893
443909
443995
444156
444202
444321
444516
444736
444909
444969
445100
445106
445360
445499
445547
445687
445706
445789
445836
446447
446600
446706
446804
446931
446962
447050
447169
447337
447430
447573
447583
447635
447670
447822
447839
447890
448174
448206
448258
448341
448952
449106
449216
449354
449453
449572
449607
449650
449806
449856
449872
449894
449968
450043
450315
450347
450404
450414
450423
450438
450521
450526
450687
450700
450708
450772
450814
450964
451428
451519
451861
451869
452196
452234
452250
452280
452424
452446
452572
452826
452855
452955
452981
452993
453022
453072
453093
453267
453652
453660
453698
453719
453826
453969
454123
454152
454324
454401
454606
454759
454776
454823
454962
455054
455108
455141
455183
455311
455546
455741
455835
455938
455959
456253
456291
456344
456478
456604
456781
457090
457297
457426
457437
457508
457522
457555
457618
457655
457805
457916
458030
458185
458190
458268
458343
458398
458502
458605
458685
458776
458997
459025
459043
459085
459127
459193
459196
459660
459698
459728
459728
459741
459793
459887
459950
459987
460015
460081
460123
460423
460452
460453
460689
460795
460875
460915
460932
461145
461154
461176
461235
461373
461468
461478
461484
461704
461911
462116
462136
462147
462181
462691
462692
462731
462755
462913
462982
463010
463057
463166
463491
463888
463960
463962
463977
463996
464148
464192
464257
464602
464866
464913
464939
465018
465121
465258
465284
465302
465522
465608
465617
465716
465744
465769
465838
466088
466106
466272
466292
466425
466499
466544
466586
466634
466650
466810
466885
466896
466983
467059
467150
467182
467298
467378
467398
467753
467838
467896
468004
468187
468205
468231
468450
468493
468521
468686
468776
468816
468832
468944
469108
469130
469182
469404
469465
469538
469796
470084
470086
470231
470294
470446
470818
470915
470953
471001
471014
471210
471236
471262
471993
472082
472257
472406
472475
472686
472718
472755
472779
472799
472878
472994
473141
473279
473280
473550
473757
473761
473779
473855
473953
474098
474275
474277
474393
474397
474510
474585
474693
474696
474697
474893
474955
474998
475154
475275
475282
475498
475538
475577
475578
475816
476165
476269
476315
476373
476421
476596
476605
476662
476687
477011
477157
477204
477475
477542
477722
477756
477966
478020
478025
478040
478235
478269
478428
478511
478669
478735
479116
479436
479716
479839
479918
480076
480133
480213
480219
480221
480383
480434
480518
480522
480598
480634
480645
480800
480813
480892
480915
480949
481194
481318
481425
481431
481514
481525
481548
481577
481733
481887
481979
482127
482181
482214
482363
482385
482437
482638
482681
482905
482955
482964
483004
483023
483231
483237
483293
483323
483512
483563
483577
483684
483739
483977
484003
484152
484349
484411
484428
484532
484794
484860
484985
485092
485149
485208
485241
485261
485382
485446
485562
485646
485734
485825
485843
485858
485983
486125
486246
486266
486271
486280
486366
486376
486482
486508
486668
486681
486699
486703
486726
486726
486739
486765
487037
487144
487390
487693
487758
487866
487919
488503
488532
488621
488745
488753
488823
489158
489242
489283
489336
489356
489396
489500
489543
489595
489610
489683
489902
490013
490042
490072
490077
490128
490156
490160
490179
490203
490228
490292
490507
490514
490541
490547
490658
490947
491038
491059
491092
491286
491297
491392
491601
491854
491987
492010
492228
492379
492560
492686
492715
492748
492835
493368
493401
493424
493617
493669
493780
493795
493925
494096
494259
494314
494354
494411
494641
494838
494990
494994
495077
495089
495147
495203
495254
495332
495373
495530
495841
495941
496073
496213
496628
496778
496783
497093
497140
497157
497170
497176
497356
497464
497469
497535
497571
497577
497710
497779
497877
498151
498289
498330
498354
498367
498482
498539
498611
498667
499030
499264
499453
499476
499649
499655
499910
500105
500320
500547
500638
500645
500872
501010
501237
501529
501602
501758
501905
501986
502070
502123
502327
502337
502482
502505
502531
502567
502641
502654
502915
502953
502980
503027
503083
503213
503408
503440
503472
503524
503663
503674
503712
503755
503848
503872
504153
504161
504605
504608
504695
504787
504829
504943
505087
505458
505527
505537
505550
505683
505762
506167
506200
506323
506325
506332
506374
506457
506505
506515
506622
506632
506723
507065
507214
507439
507498
507614
507777
507784
507798
507823
508510
508588
508616
508661
508718
508728
509031
509215
509326
509429
509510
509554
509760
509789
509826
510081
510322
510351
510387
510590
510591
510611
510797
510805
510885
510913
511313
511332
511512
511548
511581
511794
511855
512001
512120
512327
512396
512397
512493
512538
512641
512990
512996
512998
513018
513058
513069
513208
513272
513333
513412
513452
513473
513504
513647
513720
513809
513969
514118
514122
514360
514480
514629
514646
515109
515134
515158
515172
515246
515281
515409
515437
515450
515460
515497
515532
515566
515651
515985
516210
516277
516292
516317
516366
516601
516647
516794
516824
516912
517026
517100
517203
517264
517447
517565
517652
517732
517739
517857
517982
518068
518070
518162
518184
518220
518479
518737
518854
518871
519315
519603
519623
519736
519756
519984
519992
519994
520033
520040
520053
520097
520216
520286
520309
520342
520361
520408
520587
520727
520787
520797
520959
521032
521070
521388
521545
521680
521749
521839
522005
522053
522154
522270
522402
522500
522586
522635
522706
522786
522978
523002
523063
523382
523417
523732
523922
523976
524032
524324
524379
524638
524795
524828
524879
524917
525010
525297
525321
525326
525403
525476
525488
525532
525555
525576
525957
526076
526322
526604
526652
526690
526706
526777
526793
526861
527018
527106
527342
527375
527419
527449
527747
527856
527902
527942
528529
528690
528693
528771
528941
529162
529192
529192
529271
529366
529387
529421
529522
529921
529930
529962
530116
530346
530576
530828
530838
530987
531007
531073
531113
531495
531512
531560
531653
531923
532351
532366
532460
532490
532563
532620
532668
532734
532749
533030
533051
533143
533257
533480
533530
533670
533978
533987
534087
534129
534164
534389
534504
534546
534550
534568
534737
534895
534920
534930
534935
534941
535029
535042
535113
535171
535179
535204
535318
535537
535573
535687
535881
535908
535934
535973
536071
536145
536171
536183
536316
536412
536548
536699
536819
536868
537235
537253
537372
537580
537585
537640
537714
537802
537913
538193
538253
538335
538509
538543
538696
538752
538888
538937
539061
539082
539153
539226
539248
539295
539318
539415
539448
539474
539548
539715
539859
539881
539955
539957
540031
540162
540170
540310
540395
540787
540990
541088
541101
541227
541259
541448
541601
541617
541683
541703
541894
542084
542163
542379
542385
542510
542533
542641
542984
543274
543447
543541
543635
543728
543884
543929
543944
544011
544022
544095
544354
544392
544455
544506
544552
544595
544718
544742
544884
544914
545126
545252
545255
545288
545290
545384
545478
545738
545863
545891
545974
545980
545985
546030
546052
546126
546220
546261
546311
546404
546550
546622
546638
546740
546802
546837
547207
547255
547357
547360
547449
547542
547553
547569
547574
547654
547848
547868
548004
548056
548124
548203
548228
548416
548477
548673
548748
548915
549028
549148
549273
549360
549615
549656
549879
549921
550016
550181
550267
550447
550659
551202
551445
551618
551676
551769
551935
551945
551997
552069
552305
552551
552589
552651
552868
552880
552945
552958
553199
553249
553384
553411
553576
553587
553622
553657
553706
553772
553892
554067
554204
554345
554387
554436
554664
554671
554749
554777
554839
554882
555007
555154
555220
555263
555599
555633
555648
555757
556202
556252
556363
556453
556480
556548
556674
556678
556899
556965
556982
557374
557386
557440
557613
558183
558383
558473
558550
558654
558713
558733
558998
559052
559162
559287
559317
559474
559532
559550
559688
559735
559791
559838
559908
559980
560253
560357
560498
560750
560957
561050
561115
561645
561723
561784
562082
562126
562163
562281
562391
562573
562642
562710
562796
562882
563018
563199
563213
563341
563616
563689
563793
563840
563844
563848
563894
563967
564088
564222
564465
564521
564604
564718
564751
564787
564807
564909
565030
565052
565106
565225
565385
565489
565573
565907
566095
566223
566253
566286
566373
566392
566583
566601
566633
566826
567511
567655
567946
568108
568323
568369
568447
568712
568757
569082
569102
569149
569212
569269
569405
569496
569540
569704
569737
569804
569822
569838
569866
569896
570008
570026
570418
570567
570570
570614
570661
570955
571045
571063
571208
571415
571446
571454
571664
571690
571738
571799
571852
571865
571906
572249
572484
572518
572555
572621
572765
572766
572933
572943
573013
573179
573205
573229
573378
573727
573730
573749
573813
573917
574030
574230
574327
574405
574488
574630
574660
574660
574710
574747
574783
574842
574872
575288
575577
575666
575765
575791
575835
575920
576314
576402
576434
576465
576500
576641
576787
576836
576914
576941
576985
577041
577237
577481
577487
577700
577989
578312
578472
578545
578656
578775
579001
579010
579188
579189
579254
579359
579442
579503
579816
579849
580043
580092
580128
580344
580607
580609
580690
580770
580808
580973
581018
581043
581150
581227
581326
581382
581419
581467
581527
581914
581950
581950
582002
582024
582228
582236
582241
582312
582376
582398
582495
582544
582636
582656
582731
582911
582961
583006
583059
583377
583384
583427
583663
583723
583779
583840
583852
583919
584009
584052
584086
584122
584155
584489
584612
584822
584989
585085
585097
585106
585109
585128
585130
585333
585385
585627
585646
585714
585826
585827
585901
585918
585955
586003
586032
586101
586135
586142
586180
586219
586434
586528
586561
586674
586694
586774
586922
586998
587204
587360
587567
587573
587620
587744
587924
588162
588193
588214
588300
588411
588457
588584
588596
588790
588871
588911
588914
589020
589126
589180
589212
589224
589363
589401
589405
589609
589694
589797
589925
589974
589979
590212
590352
590363
590400
591221
591372
591418
591503
591639
591724
591782
591865
591997
592108
592147
592149
592233
592385
592440
592446
592522
592575
592679
592694
592906
592971
593118
593504
593532
593799
593914
593921
594175
594352
594604
594678
594754
594802
595274
595530
595573
595612
595621
595754
595775
595852
596233
596253
596339
596537
596755
596907
597132
597255
597257
597294
597385
597390
597586
597749
598312
598326
598372
598490
598630
598670
598711
598765
598853
599064
599250
599266
599390
599396
599397
599506
599513
599752
599798
599801
599864
599998
600084
600089
600277
600376
600379
600575
600680
600962
601060
601074
601091
601124
601231
601320
601351
601353
601377
601416
601568
601666
601749
601837
601902
601955
602011
602131
602202
602294
602391
602661
602919
602953
602972
602977
603021
603135
603193
603427
603485
603492
603545
603583
603678
603741
603804
603868
603904
603933
604012
604078
604097
604137
604163
604260
604311
604409
604568
604594
604602
604843
604992
604999
605345
605555
605777
606002
606018
606107
606166
606355
606359
606410
606714
606768
606851
607059
607216
607222
607333
607433
607484
607505
607548
607650
607797
608138
608234
608452
608648
608733
608751
608785
608990
609002
609191
609587
609593
609600
609762
610090
610125
610190
610331
610502
610593
610737
610781
610807
610825
611084
611098
611168
611292
611505
611610
611653
611733
611857
611989
612006
612086
612253
612278
612286
612412
612566
612765
612843
612951
613084
613124
613665
613734
613736
613777
613888
613944
614123
614154
614175
614214
614441
614565
614804
614808
614930
614956
615000
615302
615523
615661
615719
615729
616036
616109
616235
616508
616528
616664
616765
616814
617358
617388
617445
617520
617521
617599
617639
617675
617832
617988
618436
618452
618524
618546
618590
618732
618786
618986
619109
619193
619281
619437
619574
619575
619607
619868
619986
620017
620082
620131
620143
620174
620277
620517
620528
620551
620753
621159
621160
621170
621173
621346
621365
621485
621624
621853
621970
621987
622025
622099
622121
622132
622178
622310
622374
622453
622462
622489
622562
622564
622717
622768
622841
622875
622926
623078
623179
623376
623384
623409
623434
623866
623904
624080
624153
624164
624283
624474
624955
625623
625677
625681
625732
625742
625810
625824
625871
625889
625957
625960
626241
626298
626301
626336
626406
626644
626644
626660
626662
626682
626837
626876
627004
627120
627170
627306
627314
627394
627482
627546
627617
627744
627761
627970
628051
628144
628216
628268
628463
628682
628703
628710
629044
629087
629092
629285
629339
629395
629655
629715
629718
630007
630007
630106
630122
630126
630128
630332
630414
630480
630534
630688
630727
630736
630815
630844
630854
630875
631022
631389
631429
631439
631455
631576
631832
631956
632090
632101
632322
632516
632593
632736
632741
632773
632996
633018
633283
633319
633335
633455
633525
633542
633543
633565
633658
633685
633710
633729
633844
634021
634091
634126
634165
634225
634389
634481
634625
634629
634664
634713
634872
634893
634912
634954
635054
635407
635482
635618
635659
635736
635862
636095
636183
636338
636385
636534
636570
636597
636611
636716
636929
636969
637060
637156
637210
637685
637922
638081
638082
638105
638124
638148
638387
638426
638477
638622
638683
638833
638859
638860
638973
639065
639339
639361
639460
639526
639529
639574
639575
639580
639611
639653
639671
639745
639884
640003
640042
640051
640062
640093
640199
640200
640346
640395
640681
640692
640815
640839
641029
641047
641059
641137
641152
641274
641382
641490
641596
641707
641773
641879
641903
641928
642089
642138
642148
642222
642294
642562
642589
642610
642614
642780
642869
642879
642938
642944
642979
643019
643216
643394
643488
643808
643824
644040
644041
644128
644138
644180
644318
644497
644708
645017
645093
645292
645367
645393
645428
645676
645714
645780
645901
645926
645973
646183
646249
646450
646520
646536
646554
646584
646752
646800
646891
647071
647202
647265
647279
647386
647390
647490
647565
647596
647644
647833
647852
647862
647926
647972
648087
648177
648188
648484
648634
648825
648960
649030
649078
649187
649189
649218
649221
649312
649399
649475
649548
649568
649595
649688
649718
649971
650064
650128
650210
650418
650462
650640
650840
650927
650931
650933
651391
651491
651523
651665
651674
651745
651782
651903
651970
652037
652279
652373
652391
652608
652684
652923
653052
653158
653253
653327
653469
653765
653781
653911
653984
654008
654103
654132
654338
654401
654446
654551
654586
655238
655522
655595
655773
655776
655802
656154
656163
656197
656240
656310
656334
656378
656459
656500
656547
656547
656550
656821
656874
657028
657363
657420
657719
657724
657820
657832
658032
658102
658108
658146
658216
658489
658910
659067
659170
659514
659572
659617
659638
659674
659902
660039
660107
660323
660369
660405
660456
660471
660502
660787
660922
660961
660967
661066
661068
661142
661152
661215
661394
661555
662006
662243
662265
662589
662593
662793
662872
662911
662980
663136
663237
663543
663753
663774
663887
663936
663939
664124
664379
664420
664478
664695
664698
664790
664797
664801
664917
664918
665086
665112
665327
665443
665572
665706
665829
666019
666073
666091
666325
666332
666534
666561
666627
666646
666681
666797
666818
666853
666866
667205
667270
667393
667477
667478
667515
667537
667542
667728
667789
667848
668070
668122
668206
668343
668390
668429
668508
668595
668600
668639
668669
668756
668876
668919
668938
668956
669118
669269
669305
669429
669468
669476
669533
669550
669571
669757
669779
669780
669855
669891
670196
670239
670303
670739
670825
670874
670890
671110
671133
671194
671214
671286
671442
671481
671503
671520
671702
671960
671986
672240
672426
672468
672615
672645
672689
672696
672743
672861
672913
672990
673016
673126
673173
673190
673214
673238
673418
673566
673668
673697
673822
673897
673916
674471
674572
674732
674752
674825
674850
675088
675114
675335
675384
675545
675710
675780
675802
675896
675910
676006
676164
676197
676198
676312
676316
676343
676413
676414
676502
676605
676608
676666
676807
676812
676870
677076
677102
677152
677173
677190
677343
677346
677429
677431
677530
677571
677710
677760
677814
677830
677890
677914
677980
678219
678285
678326
678383
678571
678738
678785
678832
678871
678901
678933
678973
679343
679490
679550
679569
679932
680141
680146
680315
680414
680584
680589
680709
680938
681099
681229
681317
681485
681515
681945
682033
682317
682410
682441
682628
682628
682694
682813
682814
682831
683134
683259
683453
683801
684027
684145
684218
684326
684349
684586
684613
684698
685006
685044
685087
685196
685279
685561
685696
685800
685854
686011
686127
686466
686511
686770
686863
686957
686983
687003
687121
687151
687336
687357
687496
687752
688007
688109
688164
688244
688260
688438
688539
688785
688785
688839
688974
689156
689240
689300
689401
689411
689448
689451
689460
689598
689704
689760
689845
689941
690125
690218
690219
690630
690642
690653
690673
690681
690772
690861
691071
691156
691191
691199
691199
691525
691536
691554
691752
691798
691804
691851
691875
692248
692576
692807
692847
692884
692972
693030
693531
693735
694019
694359
694382
694515
694636
694834
694852
694940
694991
695012
695039
695128
695173
695235
695277
695280
695379
695397
695512
695593
695620
695838
695929
695960
696037
696175
696305
696348
696349
696402
696495
696495
696742
697108
697124
697187
697213
697254
697369
697514
697515
697546
697813
697814
697864
697869
697906
698036
698055
698092
698129
698280
698541
698683
698704
698889
698996
699060
699210
699210
699263
699282
699367
699412
699481
699850
699868
699914
699944
699971
700008
700062
700072
700137
700215
700245
700369
700458
700497
700548
700620
700701
700793
700819
700855
700869
701122
701157
701190
701538
701891
701897
702041
702194
702290
702372
702419
702499
702623
702673
702689
702756
702947
702988
703026
703165
703250
703310
703328
703387
703506
703615
703652
703726
703787
703832
703965
703993
704154
704226
704240
704320
704329
704357
704429
704433
704484
704656
704808
705008
705033
705136
705170
705315
705385
705424
705563
705740
705896
705928
706029
706062
706284
706596
706742
706776
706882
706947
707088
707092
707470
707783
707899
707978
708070
708160
708239
708302
708397
708398
708440
708509
708714
708985
708986
709044
709164
709339
709355
709372
709395
709420
709462
709749
710564
710796
710814
710865
711099
711135
711173
711285
711412
711470
711550
711664
711791
711809
711878
711981
712106
712231
712290
712402
712453
712506
712525
712571
712618
712633
712909
713167
713193
713247
713343
713625
713712
713734
713868
713948
713952
713958
713959
713998
714111
714240
714271
714282
714387
714399
714414
714725
715376
715600
715727
715926
716047
716141
716208
716308
716346
716352
716428
716442
716604
716629
716640
716738
717046
717101
717112
717245
717297
717346
717429
717927
717956
718072
718206
718249
718405
718411
718439
718580
718842
718942
718965
718987
719141
719153
719380
719415
719692
719720
719988
720230
720274
720815
720843
720891
720919
721023
721056
721078
721122
721183
721248
721250
721288
721293
721339
721355
721441
721459
721513
721540
721689
721723
721766
721877
721935
721935
721973
722086
722223
722321
722328
722366
722370
722543
722607
722747
723049
723138
723228
723443
723465
723540
723575
723745
723751
723809
723860
723867
724239
724349
724460
724693
724702
724804
724835
724872
724916
724939
725128
725137
725195
725346
725492
725631
725649
725671
725800
725896
725915
726069
726222
726239
726247
726473
726694
726705
726745
727124
727329
727440
727545
727624
727702
727802
727820
727864
728327
728415
728512
728750
728772
728805
729250
729381
729540
729614
729710
729772
729999
730014
730030
730072
730082
730165
730289
730872
730989
731056
731071
731144
731174
731226
731367
731412
731513
731583
731625
732068
732194
732237
732286
732292
732329
732350
732489
732821
733094
733126
733177
733224
733354
733514
733564
733654
733670
733739
733758
734116
734122
734137
734204
734230
734365
734413
734455
734476
734592
734605
734662
735170
735323
735434
735616
735769
735861
735872
735877
735938
735963
736017
736105
736168
736171
736240
736321
736452
736467
736517
736526
736582
736839
736887
737020
737122
737134
737220
737430
737586
737604
737673
737728
737883
737894
737896
737942
737948
737966
737967
738031
738041
738157
738214
738389
738397
738434
738443
738625
738793
738896
739252
739378
739391
739439
739444
739445
739545
739564
739841
739881
739964
739976
740015
740301
740433
740590
740715
740754
740806
740839
740850
740914
740957
741265
741268
741334
741335
741381
741431
741432
741434
741454
741473
741539
741613
741628
741654
741818
741989
742048
742149
742281
742352
742536
742740
742777
742797
742852
743044
743201
743431
743504
743529
743645
743769
743801
743840
743848
744105
744151
744250
744285
744308
744352
744390
744394
744403
744451
744591
744597
744706
744722
744742
744749
744824
744870
744883
744985
745095
745136
745161
745184
745205
745224
745322
745434
745463
745474
745523
745624
745663
745703
745872
746081
746216
746266
746280
746620
746621
746656
746932
746997
747106
747163
747220
747367
747463
747464
747530
747639
747858
748096
748159
748186
748205
748212
748274
748557
748760
748917
749051
749156
749369
749387
749413
749435
749591
749683
749684
749736
749816
749879
749936
750008
750042
750365
750381
750423
750508
750681
750837
750930
751348
751530
751548
751771
751920
751920
752046
752206
752237
752492
752608
752640
752693
753076
753166
753225
753641
753648
753749
753818
753844
753876
753876
754030
754055
754091
754141
754299
754457
754469
754658
754743
755036
755052
755161
755163
755220
755313
755347
755351
755457
755481
755537
755552
755765
755792
755972
756009
756123
756172
756242
756325
756443
756458
756477
756548
757024
757130
757181
757185
757189
757410
757414
757513
757555
757600
757702
757806
757814
757831
758087
758114
758204
758228
758339
758415
758469
758511
758789
758791
758922
759119
759410
759461
759776
759892
759909
760112
760420
760536
760631
760641
760700
760736
760769
761025
761097
761104
761125
761354
761401
761693
761789
761805
761842
761848
761940
761941
762156
762169
762332
762367
762565
762683
762690
762802
763019
763088
763201
763229
763256
763424
763438
763484
763703
763774
763815
764027
764210
764231
764421
764613
764632
764765
764986
764986
765169
765181
765230
765372
765376
765517
765579
765809
765831
766039
766063
766309
766366
766688
766711
766840
766869
767080
767173
767227
767473
767489
767613
767697
767839
767947
768101
768198
768200
768203
768296
768417
768447
768644
768744
769096
769117
769124
769352
769459
769595
769705
769746
769786
769977
770584
770593
770660
770743
770765
770802
770936
771000
771098
771107
771355
771505
771550
771578
771625
771708
771744
771771
771890
771892
771908
771930
772133
772137
772216
772267
772359
772366
772385
772526
772639
772758
772850
773008
773029
773074
773081
773093
773247
773280
773305
773425
773486
773702
773722
773961
773963
774098
774205
774206
774400
774444
774763
774954
775057
775065
775085
775095
775172
775297
775566
775634
775690
775763
775786
775856
776146
776179
776194
776336
776462
776560
776577
776803
776848
776870
777159
777275
777328
777701
777706
777909
777965
778107
778142
778159
778162
778307
778406
778476
778483
778510
778801
778818
778966
779186
779205
779703
779726
779757
779910
779955
779956
780121
780150
780183
780315
780516
780548
780898
780903
780917
780942
781079
781145
781151
781275
781311
781513
781514
781526
781612
781674
781725
781775
781902
781924
781924
782075
782130
782430
782500
782510
782549
782715
782919
782937
783199
783328
783411
783480
783511
783648
783650
783692
783741
783776
783904
783904
784094
784279
784356
784541
784542
784558
784716
784832
784958
785097
785104
785133
785159
785305
785410
785486
785535
785617
785891
785990
786132
786160
786521
786556
786704
786788
786877
786920
786974
786983
787045
787112
787175
787216
787242
787282
787318
787399
787461
787518
787555
787809
787821
787952
787984
788042
788180
788206
788273
788492
788522
788599
788673
788710
788756
788883
788957
789005
789118
789118
789215
789287
789431
789472
789479
789570
789573
789579
789660
789689
789707
789785
789991
790134
790218
790222
790249
790362
790371
790447
790485
790522
790579
790651
790695
790701
790870
790878
790962
791022
791080
791182
791211
791213
791262
791335
791430
791486
791565
791805
791870
792030
792065
792073
792260
792299
792543
792622
792695
792849
793079
793127
793165
793271
793339
793343
793389
793411
793425
793496
793656
793779
793897
794011
794037
794051
794058
794090
794284
794431
794469
794645
794750
794900
795036
795131
795191
795286
795293
795342
795376
795478
795483
795552
795553
795592
795937
795991
796051
796214
796329
796334
796485
796518
796759
796839
797233
797244
797327
797362
797458
797709
797865
798318
798358
798389
798533
798535
798689
798695
798719
798808
798826
799248
799313
799424
799450
799675
799677
799696
799703
799710
799756
799826
800077
800136
800223
800400
800457
800472
800478
800768
801236
801357
801377
801405
801497
801696
801825
801888
801903
802291
802309
802343
802415
802453
802476
802583
802796
802889
802931
802963
803347
803458
803560
803687
803744
803832
803925
804075
804197
804252
804351
804388
804613
804743
804871
805202
805355
805382
805392
805508
805593
805714
805907
805933
805948
805952
806126
806335
806662
806735
806816
806846
806888
806981
806989
807059
807084
807227
807395
807665
807675
807851
807885
807930
808004
808011
808155
808281
808304
808348
808408
808602
808618
808703
808729
808828
808836
808932
808981
809181
809357
809387
809459
809483
809488
809730
809738
809752
809835
810065
810162
810295
810383
810401
810473
810502
810563
810564
810589
810887
811025
811084
811175
811189
811210
811227
811304
811402
811606
811791
811869
811940
811978
812073
812391
812423
812528
812752
812888
813210
813252
813357
813461
813512
813562
813747
814116
814323
814443
814541
814555
814618
814745
814836
815105
815219
815249
815590
815637
815778
815833
815932
816199
816260
816353
816356
816518
816559
816736
816983
816987
817022
817200
817215
817270
817535
817561
817686
817690
817737
818318
818395
818421
818437
818617
818802
818857
818887
819109
819194
819256
819414
819555
819592
819698
819777
819882
819900
820001
820057
820070
820130
820133
820180
820180
820185
820196
820288
820554
820632
820725
820789
820841
820847
820848
821003
821091
821241
821284
821569
821618
822041
822055
822121
822292
822368
822496
822554
822676
822878
822919
822936
822958
823281
823566
823648
823674
823797
823819
824019
824066
824093
824282
824402
824467
824735
824758
824826
824892
824918
824973
824983
824991
825028
825128
825138
825156
825279
825428
825485
825670
825945
826005
826036
826063
826236
826236
826236
826558
826605
826699
827054
827093
827104
827236
827277
827370
827395
827553
827570
827585
827697
827849
827975
828028
828145
828300
828312
828396
828440
828494
828547
828615
828747
829043
829145
829163
829179
829328
829412
829474
829721
829722
829764
829837
830084
830223
830337
830621
830625
830859
830887
831025
831070
831123
831193
831345
831564
831640
831759
831856
831877
832238
832255
832256
832473
832612
832631
832660
832677
832734
832854
832912
833006
833227
833235
833824
833848
833924
833931
833966
834037
834274
834347
834545
834630
834767
834787
834807
834875
835066
835176
835180
835319
835331
835345
835530
835592
835624
835702
835848
835929
836000
836119
836377
836400
836407
836455
836533
836538
836550
836570
836582
836656
836689
836807
836839
836925
836993
837256
837397
837407
837430
837524
837574
837606
837611
837669
837784
837867
838294
838302
838370
838381
838400
838428
838437
838688
838727
838739
838876
838899
839024
839236
839242
839324
839339
839451
839455
839505
839516
839519
839537
839566
839584
839683
839728
839760
839884
839988
840006
840028
840191
840250
840296
840389
840475
840646
840651
840654
840659
840936
840987
841158
841187
841269
841469
841663
841725
842021
842123
842160
842244
842336
842445
842737
842781
843099
843123
843153
843176
843433
843668
843803
843973
844151
844331
844464
844505
844581
844638
844802
845000
845144
845154
845693
845749
845782
845818
845895
846149
846237
846246
846340
846381
846431
846517
846606
846815
846837
846898
846923
847026
847320
847498
847810
847856
847856
848009
848114
848283
848385
848430
848553
848607
848675
848805
848980
849028
849134
849235
849238
849261
849312
849326
849564
849616
849750
849962
849992
850012
850039
850086
850227
850341
850594
851253
851366
851390
851532
851540
851554
851585
851622
851622
851713
851782
851819
851901
851936
851999
852021
852044
852085
852091
852153
852223
852252
852317
852419
852616
852621
852800
852853
852882
852972
853040
853279
853625
853784
853830
853925
853957
854038
854109
854158
854247
854705
854861
855058
855067
855105
855207
855317
855373
855415
855483
855580
855597
855744
855807
855884
856035
856058
856120
856126
856215
856301
856311
856520
856639
856694
856739
856741
856785
857125
857131
857149
857151
857172
857204
857521
857563
857603
857767
857784
857850
857885
857889
857934
857984
858024
858098
858195
858259
858281
858356
858624
858674
858851
858872
859025
859067
859194
859307
859535
859604
859741
859747
859795
859867
860041
860176
860296
860348
860528
860618
860677
860732
860831
860960
861187
861383
861470
861722
861768
861835
862175
862411
862448
862496
862515
862601
862611
862953
863022
863074
863147
863154
863282
863309
863323
863336
863805
863887
863912
864003
864093
864119
864369
864393
864401
864466
864631
864763
864771
864822
865014
865105
865148
865295
865384
865494
865727
865761
865787
865789
865802
865892
866071
866087
866636
866986
867165
867216
867291
867381
867625
867657
867686
867831
867894
867996
867999
868101
868150
868654
868701
868703
868737
868754
869121
869413
869498
869695
869698
869863
869870
870012
870078
870134
870157
870244
870275
870316
870510
870562
870578
870724
870733
870766
871224
871311
871398
871452
871625
871841
871935
871964
872037
872097
872232
872489
872722
872758
872857
872953
873021
873289
873308
873316
873332
873528
873593
873700
873761
873788
874042
874124
874168
874262
874356
874440
874545
874711
874740
875113
875181
875190
875328
875412
875514
875520
875652
876152
876295
876381
876430
876580
876772
876780
876828
877026
877073
877156
877290
877339
877343
877463
877684
877760
877934
877977
877988
878103
878154
878189
878191
878378
878462
878763
878802
878898
878979
879172
879186
879254
879255
879428
879446
879587
879588
879669
879673
879963
879990
880145
880216
880286
880294
880303
880448
880564
880585
880623
880724
880756
880762
880813
880849
880894
880917
880987
881135
881160
881220
881247
881261
881261
881264
881285
881379
881379
881425
881569
881616
881708
881716
881809
881858
881923
881933
882055
882108
882194
882238
882347
882398
882543
882618
882627
882630
882703
882803
882823
882848
882873
882889
883001
883011
883019
883140
883203
883300
883510
883579
883608
883707
883737
883892
883936
884144
884150
884181
884343
884542
884808
884934
885049
885119
885176
885236
885333
885403
885459
885504
885539
885555
885704
885739
885860
886054
886221
886299
886304
886373
886466
886507
886708
886829
886874
886937
886989
887033
887350
887450
887521
887553
888029
888103
888181
888411
888505
888519
888547
888956
888991
889065
889074
889147
889299
889347
889398
889640
889780
889975
890055
890077
890192
890380
890394
890488
890500
890531
890605
890630
890636
890806
890829
891094
891104
891127
891139
891144
891253
891406
891474
891568
891614
891724
891750
891893
891895
891951
892035
892062
892066
892082
892122
892200
892261
892299
892370
892381
892808
892914
893377
893398
893630
894047
894048
894463
894523
894894
895190
895205
895221
895307
895394
895411
895442
895461
895502
895616
895715
895772
895919
895961
896115
896318
896372
896394
896474
896494
896537
896624
896710
896789
896876
896977
897028
897240
897259
897454
897575
897584
897686
897722
897800
897953
897957
897994
898020
898190
898315
898349
898369
898383
898574
898709
898713
898738
898760
898797
898830
898901
899030
899049
899053
899223
899544
899989
900096
900106
900274
900322
900353
900363
900392
900463
900550
900581
900772
900980
901100
901173
901330
901564
901574
901597
901672
902831
902885
902959
903037
903057
903069
903099
903417
903444
903476
903568
903699
903962
903965
903968
903989
904173
904239
904338
904358
904381
904470
904519
904583
904608
904707
904769
904837
905135
905156
905277
905473
905493
905603
905694
905723
905919
905941
906067
906128
906204
906335
906513
906573
906638
906693
906830
906833
906889
907050
907144
907232
907334
907653
908078
908203
908282
908355
908360
908534
908612
908959
908972
909026
909077
909148
909200
909224
909317
909610
909639
909665
910133
910154
910166
910196
910337
910402
910552
910685
910698
910853
911111
911169
911268
911595
911672
911673
911688
911716
911727
911881
911966
912018
912068
912353
912761
912789
912916
913017
913369
913412
913659
913676
913765
913969
913996
914054
914063
914095
914323
914497
914549
914579
914665
914727
914733
914865
914884
914911
915009
915156
915160
915189
915208
915281
915531
915735
915768
915906
915991
916200
916233
916443
916542
916691
916728
916835
916840
916907
917198
917242
917317
917325
917444
917447
917585
917589
917590
918154
918227
918352
918459
918486
918654
918655
918928
919150
919257
919258
919277
919299
919382
919481
919507
919643
919722
920001
920082
920431
920464
920500
920786
921000
921264
921377
921410
921426
921551
921561
921612
921751
921797
921853
921894
921929
921947
922608
922874
923206
923460
923525
923863
923864
923933
923937
923991
924028
924109
924157
924214
924306
924434
924535
924552
924599
924668
924693
924698
925143
925208
925294
925389
925426
925463
925478
925516
925564
925588
925596
925656
925892
925895
925923
925926
926176
926286
926317
926359
926420
926489
926665
926743
926756
926770
926882
926897
927011
927180
927234
927331
927369
927416
927426
927447
927497
927550
927600
927601
927656
927966
927973
928208
928221
928325
928833
928838
928896
928910
929424
929672
929684
929728
929736
929747
929867
929932
930077
930079
930142
930981
930994
931011
931174
931354
931397
931939
931978
932048
932125
932183
932191
932343
932637
932714
932756
932838
932934
932967
932984
933054
933081
933180
933346
933479
933497
933747
933753
933754
933831
933837
933998
934053
934293
934303
934406
934506
934717
934728
934744
934813
934820
935178
935543
935587
935620
935917
935964
936340
936345
936436
936465
936602
936656
936667
936696
936719
936789
936961
937013
937013
937112
937221
937330
937403
937426
937482
937516
937651
937761
937901
938079
938257
938258
938687
938691
938714
938776
938860
939002
939099
939149
939158
939187
939275
939286
939525
939839
939912
939919
940115
940120
940723
940739
940947
941363
941579
941597
941605
941643
941783
941870
942003
942062
942127
942320
942340
942380
942429
942592
942790
942815
942923
942993
943096
943113
943182
943206
943229
943291
943421
943545
943844
944006
944126
944435
944924
944954
945012
945611
945653
945783
946094
946285
946294
946324
946386
946592
946634
947002
947156
947191
947195
947244
947311
947344
947802
947848
947891
947926
947974
947976
947992
948050
948058
948111
948134
948146
948232
948295
948367
948460
948589
948668
948725
948732
948919
949016
949161
949225
949380
949525
949542
949660
949889
949972
950191
950250
950255
950263
950472
950514
950707
950832
951026
951223
951248
951372
951387
951465
951573
951629
951690
951714
951784
951906
952048
952057
952144
952301
952321
952499
952520
952528
952567
952721
952755
952820
952844
953194
953268
953303
953330
953382
953484
953536
953625
953853
953906
954066
954143
954144
954193
954221
954286
954327
954487
954509
954652
954711
954810
955002
955048
955172
955182
955188
955204
955254
955336
955361
955398
955421
955459
955497
956033
956134
956311
956404
956448
956504
956549
956581
956687
956767
956898
956928
957141
957315
957546
957571
957754
957807
958208
958228
958273
958305
958331
958366
958402
958475
958536
958593
958650
958671
958713
958733
958764
958867
958888
958953
958976
959149
959261
959660
959855
959866
959867
959932
959968
960005
960098
960484
960527
960944
960987
961013
961277
961383
961407
961423
961462
961541
961541
961594
961630
961671
961851
961971
962005
962197
962264
962402
962416
962642
962689
962950
963132
963263
963322
963460
963666
963677
963685
963704
963838
963884
964180
964253
964312
964349
964391
964721
964828
965001
965368
965392
965670
965811
965935
966006
966039
966186
966312
966374
966515
966523
966547
966616
966625
966637
966850
966865
967241
967540
967759
967786
967915
968199
968355
968371
968550
968628
968701
968853
969051
969168
969218
969235
969246
969330
969424
969508
969539
969571
969677
969762
969837
969908
970224
970327
970510
970723
971019
971025
971104
971198
971316
971403
971410
971651
971660
971816
971972
972088
972115
972425
972428
972660
972715
972731
972754
972780
972837
972891
973022
973065
973344
973424
974002
974094
974220
974241
974267
974312
974515
974532
974534
974546
974562
974704
974787
974954
975059
975096
975108
975109
975121
975161
975181
975602
975682
975688
975768
975773
975902
975952
976109
976449
976474
976491
976533
976672
976771
976780
976780
976885
976936
977107
977248
977250
977320
977472
977663
977787
977909
978018
978120
978556
978566
978599
978603
978634
978966
979161
979195
979369
979436
979479
979589
979605
979611
979636
979672
979775
979927
979960
980155
980178
980210
980407
980657
980734
980879
981094
981238
981272
981310
981378
981409
981422
981482
981558
981784
981804
982072
982088
982208
982230
982255
982327
982529
982564
982565
982627
982628
982773
983022
983095
983139
983154
983170
983170
983178
983296
983316
983338
983462
983518
983537
983634
983873
983924
984113
984124
984132
984211
984692
984723
984862
984909
984916
985104
985152
985225
985231
985540
985818
985935
986091
986237
986263
986455
986532
986567
986605
986613
986857
986887
986963
987039
987095
987227
987272
987275
987493
987576
987589
987660
987850
988007
988027
988078
988083
988095
988240
988275
988321
988400
988468
988537
988577
988590
988682
988708
988839
988887
988887
988897
989002
989062
989068
989096
989166
989234
989327
989453
989458
989499
989562
989617
989715
989739
989855
989941
989948
990082
990247
990280
990403
990451
990505
990521
990551
990857
991082
991136
991441
991461
991567
991594
991853
991916
992100
992210
992280
992591
992697
992768
992912
993121
993127
993301
993430
993431
993461
993472
993483
993631
993742
993858
993889
994112
994146
994152
994159
994160
994173
994222
994365
994515
994624
994717
994880
995062
995092
995273
995873
996206
996225
996326
996415
996469
996492
996689
996731
996816
996928
997005
997177
997253
997254
997293
997333
997546
997795
997817
998007
998010
998059
998074
998281
998557
998724
998773
998903
999006
999091
999429
999559
999583
999656
999946
