10000
12
69
129
151
284
403
440
469
650
849
962
971
1020
1071
1104
1540
1641
1695
1698
2047
2199
2482
2526
2674
2680
2720
2783
3032
3125
3157
3588
3721
3814
3910
3921
4280
4386
4388
4444
4455
4519
4529
4696
4707
4783
4843
4879
4949
4959
5152
5199
5222
5224
5271
5316
5727
5763
5787
6114
6162
6164
6261
6268
6271
6392
6478
6503
6664
6698
6715
7005
7160
7286
7288
7320
7416
7449
7499
7801
7906
8052
8324
8524
8630
8660
8714
8958
9004
9105
9311
9413
9463
9479
9509
9515
9576
9637
9664
9711
9891
9944
10155
10252
10278
10445
10476
10518
10810
10972
10986
11278
11508
11635
11721
11727
11734
11747
11768
11796
11861
12069
12115
12718
12770
12834
12904
12966
13110
13119
13238
13371
13604
13620
13667
13901
14093
14114
14154
14191
14252
14399
14485
14589
14631
14640
14756
14818
14973
15361
15373
15484
15554
15689
15692
15701
15867
15935
16239
16380
16402
16524
16648
16738
16799
17013
17023
17046
17304
17369
17381
17483
17566
17782
17822
17870
18139
18427
18907
19006
19245
19421
19461
19586
19615
19665
19969
20013
20045
20171
20265
20412
20413
20468
20783
21110
21293
21301
21446
21485
21526
21595
21683
21855
22057
22059
22290
22364
22372
22618
22625
22890
22922
23126
23469
23490
23582
23585
23666
23713
23769
23807
23848
23851
23916
23952
24104
24319
24420
24466
24497
24547
24714
24920
24979
25174
25396
25404
25504
25552
25555
25788
26030
26145
26175
26308
26391
26568
26619
26734
26956
27090
27166
27212
27561
27594
27679
27926
27976
27983
28035
28037
28059
28215
28279
28634
28634
28681
28692
28701
28774
28958
28959
29000
29147
29161
29255
29470
29565
29704
29721
29822
30101
30103
30111
30162
30286
30372
30470
30472
30474
30525
30599
31004
31016
31279
31284
31321
31381
31385
31439
31496
31505
31563
31600
31656
31663
31772
32022
32189
32201
32424
32470
32470
32504
32535
32673
32692
32732
32825
32858
32893
32990
33069
33349
33546
33586
33599
33948
33950
34268
34285
34387
34597
34687
34702
34716
34832
35080
35096
35184
35640
35875
35893
36083
36120
36191
36321
36374
36518
36618
36661
36740
36790
36887
36970
37030
37053
37060
37141
37269
37300
37561
37755
37758
37967
38071
38102
38156
38189
38242
38290
38331
38579
39159
39272
39351
39396
39443
39590
39755
39988
40088
40176
40246
40271
40299
40330
40359
40507
40595
40696
40797
40839
40876
40965
40981
41001
41032
41041
41086
41117
41174
41271
41337
41439
41945
42029
42044
42267
42347
42511
42546
42599
42621
42645
42659
42749
42769
42806
42885
42914
43025
43066
43085
43329
43417
43446
43676
43888
43939
43997
44280
44285
44522
44588
44716
44809
44836
44842
44884
44920
44993
45053
45226
45322
45339
45741
45746
45909
46171
46216
46370
46439
46443
46494
46541
46574
46849
47059
47177
47250
47365
47580
47865
47888
48080
48139
48141
48225
48261
48286
48309
48386
48427
48460
48595
48609
48640
48709
48718
48968
48979
49043
49139
49212
49244
49559
49672
49691
49866
49973
50008
50023
50154
50167
50314
50545
50769
50935
50981
51272
51292
51316
51350
51360
51421
51503
51505
51538
51615
51761
51890
51896
52129
52147
52189
52235
52293
52361
52432
52520
52577
52583
52691
52752
52777
52788
52843
52942
53376
53471
53531
53601
53680
53777
53850
53880
53920
53964
54048
54083
54120
54126
54159
54229
54406
54410
54480
54672
54877
54887
55071
55084
55261
55354
55408
55464
55507
55747
55932
56021
56049
56096
56109
56151
56301
56450
56494
56620
56920
57045
57082
57180
57576
57684
57742
57760
57777
57831
57845
57923
58127
58139
58238
58239
58334
58454
58528
58619
58666
58712
58771
58839
58901
58984
59016
59114
59195
59199
59355
59559
59567
59598
59612
59625
59757
59801
59855
59873
60266
60328
60713
60735
60763
60962
61143
61274
61320
61431
61450
61542
61592
61847
62080
62323
62340
62657
62678
62725
62835
62901
63111
63261
63290
63331
63661
63925
63949
63971
64097
64273
64360
64661
64854
65085
65125
65230
65320
65494
65511
65521
65541
65634
65664
65683
65719
65897
65916
66114
66123
66257
66315
66406
66463
66587
66829
67051
67111
67234
67310
67329
67346
67552
67702
67888
68055
68227
68320
68397
68763
68800
68821
68980
69009
69119
69186
69340
69346
69371
69535
69536
69544
69553
69587
69622
69631
69712
69794
69853
69974
70056
70071
70159
70385
70819
70821
70914
71034
71119
71224
71354
71579
71623
71728
71922
72150
72405
72422
72607
72679
72848
72868
72878
73195
73263
73381
73418
73457
73674
73777
73836
73900
74339
74345
74352
74361
74404
74423
74496
74706
74712
74780
74792
75016
75166
75752
76018
76054
76228
76323
76557
76566
76830
76947
77038
77056
77458
77482
77576
77587
77811
77937
78146
78190
78453
78537
78554
78977
79074
79308
79353
79357
79362
79440
79451
79469
79742
79837
79892
79896
79912
79967
79997
80099
80116
80150
80201
80251
80305
80411
80526
80606
80882
80886
80889
81030
81123
81239
81302
81311
81347
81506
81571
81581
81655
81951
81971
82123
82205
82236
82268
82394
82424
82532
82595
82742
82789
82793
82893
83282
83457
83490
83496
83663
83866
84016
84113
84153
84323
84439
84440
84452
84522
84611
84638
84696
84779
84872
85119
85187
85263
85280
85360
85645
85706
85715
85941
85966
85974
86398
86552
86584
86632
86652
86719
86751
86930
87007
87085
87420
87431
87442
87718
87795
87801
87867
87896
87931
88109
88334
88335
88561
88603
88657
88856
88857
88858
88869
88919
89004
89031
89108
89185
89357
89627
89702
89819
89833
90023
90027
90124
90155
90214
90386
90406
90559
90682
90788
90870
90870
90871
91033
91040
91095
91135
91171
91218
91311
91413
91431
91456
91487
91575
91962
92132
92141
92226
92234
92497
92617
92701
92745
92763
92784
92983
93222
93376
93389
93399
93535
93539
93569
93597
93684
93771
93866
93877
93975
94015
94159
94165
94173
94292
94315
94373
94471
94865
94957
95115
95348
95383
95392
95468
95507
95607
95656
95664
95806
95855
95974
96226
96385
96517
96523
96557
96659
96744
97101
97114
97135
97214
97363
97375
97504
97645
97706
97771
97806
98270
98292
98320
98402
98567
98658
98751
98818
98836
98858
98861
98914
98986
99059
99061
99082
99237
99281
99547
99634
99634
99661
99910
100025
100107
100122
100246
100345
100427
100533
100584
100644
100713
100854
100963
100978
101070
101077
101150
101205
101260
101405
101446
101736
101740
101756
101864
102030
102036
102053
102119
102127
102138
102249
102380
102565
102598
103186
103200
103247
103341
103390
103491
103622
103789
103804
103933
104159
104217
104243
104355
104398
104494
104519
104582
104592
104660
104662
105459
105461
105487
105624
105628
105951
106133
106166
106182
106272
106340
106346
106381
106401
106453
106460
106552
106647
106693
106722
106804
106813
106852
107053
107083
107176
107448
107464
107632
107648
107741
107785
107845
107939
108107
108149
108193
108311
108386
108560
108605
108610
108619
108752
108835
108878
108882
108947
109066
109133
109242
109282
109373
109418
109438
109444
109529
109653
109811
109849
109914
110026
110026
110150
110191
110211
110228
110568
110668
110737
110740
110865
111011
111048
111106
111142
111144
111246
111524
111539
111653
111661
111776
111799
112043
112114
112115
112181
112284
112331
112739
112779
113417
113503
113524
113632
113682
113808
113852
113946
114164
114200
114279
114339
114372
114379
114687
114714
114845
114930
115109
115134
115180
115393
115760
115927
116107
116132
116253
116305
116337
116440
116447
116573
116705
116769
116813
116970
117096
117149
117284
117319
117322
117339
117348
117575
117591
117638
117678
117842
117932
117937
118086
118091
118163
118330
118559
118746
118772
118778
118832
118841
118949
119141
119258
119472
119495
119628
119642
119828
119943
120056
120080
120098
120494
120782
120858
120915
121096
121572
121616
121711
121755
121885
121887
121946
122252
122337
122355
122541
122573
122683
122725
122749
122786
122887
122936
122943
122990
123223
123265
123303
123394
123415
123506
123548
123655
123704
123706
123780
123780
124310
124361
124591
124645
124675
124685
124765
124806
125092
125259
125278
125774
125965
126069
126201
126375
126464
126513
126667
126687
126728
126906
127200
127212
127454
127465
127663
127714
127956
128152
128185
128212
128249
128280
128318
128374
128528
128656
128794
128813
128958
128980
129015
129158
129187
129262
129330
129390
129479
129522
129569
129651
129716
129989
130071
130129
130263
130306
130346
130381
130514
130563
130576
130585
130635
130641
130718
130732
130767
130779
130889
130947
131119
131208
131334
131608
131952
132057
132102
132114
132138
132262
132329
132436
132469
132589
132756
132791
132837
132921
132926
132980
133129
133269
133373
133434
133436
133476
133672
133695
133732
133750
133751
133772
133820
133845
134075
134078
134178
134201
134264
134417
134514
134562
134600
134618
134947
135037
135141
135143
135270
135548
135671
136001
136201
136362
136544
136732
136837
136870
136924
137134
137338
137379
137432
137485
137635
137749
138137
138281
138478
138525
138735
138938
138946
139151
139155
139391
139553
139644
139775
139903
139937
139953
140215
140301
140342
140357
140608
140628
140932
141025
141270
141437
141487
141550
141739
141808
141904
142207
142259
142262
142382
142421
142596
142680
142820
142936
143193
143363
143391
143433
143557
143585
143585
143593
143646
143655
143822
143857
143922
143941
144122
144183
144277
144397
144480
144575
144614
144653
144743
145117
145187
145232
145421
145476
145583
145614
145869
145880
145932
145935
146056
146150
146396
146502
146509
146777
146816
146973
147180
147236
147244
147297
147441
147607
147613
147689
147958
148302
148514
148632
148706
148752
148757
148930
148940
148950
149330
149390
149428
149734
149793
149864
149882
149956
150125
150218
150309
150345
150695
150856
150919
150945
151853
152167
152381
152439
152625
152708
152836
152849
152865
152873
152881
152895
152979
153068
153256
153258
153267
153530
153556
153556
153689
153699
153797
153819
153843
154090
154270
154298
154392
154528
154646
154665
154807
154818
155038
155159
155171
155191
155292
155386
155455
155554
155652
155679
155823
155837
155968
156074
156134
156302
156318
156351
156409
156519
156594
156672
156709
156714
156846
156944
157468
157674
157804
157868
157927
158030
158051
158108
158123
158245
158542
158632
158728
158839
159067
159136
159279
159457
159504
159541
159583
159641
159895
159900
159953
159982
160066
160189
160303
160413
160585
160788
160947
161122
161420
161445
161522
161809
161978
161987
162008
162096
162280
162306
162570
162754
163006
163045
163081
163099
163120
163185
163363
163405
163520
163594
163601
163649
163700
163778
163838
163978
163982
164158
164287
164414
164478
164698
164755
164757
164782
164880
165525
165537
165620
165750
165893
165915
165945
166028
166144
166148
166161
166247
166516
166612
166761
166808
166841
166859
166865
167014
167031
167302
167339
167543
167765
167830
167889
167912
168002
168167
168507
168573
168599
168621
168627
168854
169088
169133
169210
169403
169537
169580
169692
169711
169803
169835
169853
169951
169971
170036
170184
170232
170246
170254
170445
170494
170573
170674
170720
170839
171127
171250
171349
171449
171595
171693
171884
171944
172139
172167
172181
172382
172425
172484
172533
172546
172553
172606
172701
172843
172944
172984
172989
173008
173032
173033
173119
173228
173250
173335
173401
173418
173424
173544
173705
173722
173853
173915
174125
174191
174360
174484
174610
174647
174903
174910
174979
175160
175202
175306
175320
175383
175504
175524
175564
175808
175920
176207
176279
176354
176484
176591
176612
176704
176710
176721
176735
176901
176988
177179
177224
177422
177482
177524
177687
177978
178133
178144
178349
178409
178606
178606
178656
178693
178750
178873
179038
179151
179184
179234
179241
179255
179325
179643
179666
179744
179852
179987
180059
180064
180106
180114
180124
180194
180199
180292
180360
180460
180510
180573
180623
180686
180708
180789
180858
180964
181241
181467
181551
181694
181796
181936
182013
182066
182145
182169
182272
182323
182379
182486
182705
182731
182733
182736
182753
182786
182964
183051
183189
183345
183575
183636
183675
183686
183926
184072
184218
184355
184607
184688
184706
184742
184779
184858
184863
184905
184986
185040
185056
185119
185185
185263
185534
185540
185628
185660
185860
186274
186479
186601
186624
187009
187480
187587
187663
187728
187752
187822
187882
188030
188087
188114
188180
188247
188432
188582
188682
188706
188828
188881
188896
189004
189006
189078
189131
189197
189350
189593
189621
189756
189777
189793
189830
189862
189964
190029
190149
190391
190534
190622
190684
190741
190864
190957
191055
191084
191216
191273
191336
191340
191366
191427
191456
191629
191688
191861
191935
192061
192245
192474
192488
192496
192556
192682
192710
192769
192771
192790
192963
193003
193046
193159
193208
193225
193508
193580
193621
193716
193740
193798
193806
193915
194024
194205
194509
194845
194847
194856
194860
194922
195005
195316
195398
195621
195676
195720
195739
195953
195969
196102
196147
196148
196204
196219
196231
196280
196359
196467
196474
196617
196695
196903
196933
197063
197095
197181
197218
197271
197430
197442
197625
197853
197857
197857
197979
198138
198424
198512
198579
198913
199008
199073
199103
199158
199387
199455
199543
199588
199672
199865
199874
199972
199978
200120
200176
200299
200452
200544
200558
200606
200650
200699
200728
200845
200886
201231
201267
201272
201439
201487
201588
201752
201799
201911
201930
202125
202223
202319
202365
202449
202646
202799
202830
202833
202981
203078
203093
203127
203175
203193
203516
203718
203739
203869
203942
204216
204266
204409
204496
204758
204876
204964
205026
205258
205289
205398
205431
205491
205640
205876
206181
206227
206368
206488
206743
206951
207200
207252
207439
207475
207477
207478
207495
207750
207814
208050
208093
208109
208181
208218
208228
208400
208462
208508
208539
208550
208709
208771
208903
209021
209079
209139
209194
209239
209266
209427
209427
209508
209647
209849
209855
209864
209988
210180
210494
210619
210622
210637
210753
210836
211198
211234
211398
211824
212151
212166
212359
212383
212539
212551
212563
212666
212680
212764
212766
212801
212820
212851
212893
212949
212999
213108
213145
213197
213332
213535
213629
213699
213949
213968
213968
214321
214502
214585
214600
214791
214810
214851
214876
214888
215066
215089
215110
215213
215492
215560
215745
215806
215810
215817
215902
215975
216222
216352
216442
216449
216451
216473
216515
216828
216914
217109
217274
217380
217381
217445
217512
217894
218124
218141
218151
218156
218276
218333
218386
218434
218517
218557
218614
218686
218705
218743
218818
219075
219077
219109
219595
219683
219696
219699
219885
219985
220007
220071
220097
220134
220481
220593
220599
220613
220682
220764
220861
221062
221279
221388
221428
221575
221581
221696
221713
221739
221816
221900
221947
222129
222138
222156
222423
222432
222916
222919
222938
223254
223280
223421
223498
223658
223856
223889
224034
224117
224124
224150
224260
224342
224399
224446
224474
224491
225011
225054
225284
225308
225339
225625
225792
225872
225892
226066
226268
226334
226426
226616
226813
226910
226926
226975
227518
227742
228002
228033
228040
228172
228353
228393
228487
228603
228684
228773
228825
228836
229002
229144
229445
229460
229493
229609
229862
229891
230003
230082
230095
230220
230238
230384
230417
230669
230958
231242
231357
231652
231770
231820
231861
231893
231956
232123
232173
232560
232567
232901
233105
233376
233412
233486
233494
233607
233692
233916
233982
234132
234298
234357
234376
234394
234494
234821
234922
235037
235048
235209
235375
235392
235679
235754
235780
235844
235916
235921
236030
236147
236455
236559
236649
236783
236863
236950
236992
237081
237107
237174
237393
237458
237500
237507
237522
237543
237753
237835
237952
238106
238394
238499
238593
238610
238618
238750
238926
238953
239218
239411
239514
239614
240140
240148
240214
240242
240267
240431
240486
240567
241018
241104
241150
241614
241668
241870
241985
242154
242156
242180
242187
242446
242652
242767
242826
242882
242915
242973
243005
243214
243366
243434
243745
243848
243932
243953
244007
244101
244104
244190
244415
244542
244982
245055
245144
245353
245571
245641
245672
245835
245860
245900
246056
246147
246210
246866
247037
247043
247151
247208
247265
247282
247366
247402
247515
247515
247556
247712
247815
247855
247952
247980
248189
248244
248386
248388
248423
248705
248755
248937
248961
248978
248981
248984
249033
249067
249079
249188
249411
249566
249678
249684
249699
249709
249777
249860
249979
250058
250162
250455
250560
250875
250968
251009
251082
251103
251125
251350
251416
251531
251587
251617
251624
251641
251662
251734
251779
251841
251842
251965
252014
252041
252048
252069
252181
252201
252226
252291
252513
252684
252735
252922
252955
253040
253111
253246
253253
253333
253520
253797
253872
253908
253914
253935
254069
254179
254224
254226
254391
254450
254558
254630
254670
254885
254942
254945
254981
255062
255078
255202
255553
255755
255885
255924
256047
256155
256421
256557
256588
256591
256597
256657
256838
257021
257187
257189
257441
257508
257829
257862
258040
258074
258499
258519
258690
258874
258988
259019
259189
259204
259230
259342
259549
259876
259906
259950
260052
260268
260269
260299
260583
260632
260803
260961
260972
261055
261134
261181
261207
261236
261270
261308
261562
261564
261600
261685
261742
261769
261832
262060
262205
262214
262256
262407
262495
262535
262671
262726
262751
262757
262825
262888
263024
263215
263241
263277
263359
263470
263481
263690
263719
263734
263810
264174
264187
264201
264254
264399
264453
264682
264802
264882
264932
265086
265130
265154
265249
265433
265479
265560
265606
265855
265896
265932
265984
265994
266207
266325
266427
266435
266509
266535
266538
266554
266607
266897
266925
267085
267203
267230
267434
267452
267533
267545
267545
267659
267709
267738
267744
267807
267880
267924
267957
268142
268311
268317
268371
268386
268472
268472
268536
268547
268551
268851
268932
268987
269055
269386
269458
269546
269810
269873
270022
270146
270226
270351
270411
270476
270489
270527
270582
270720
270823
270836
270946
271156
271229
271247
271282
271306
271395
271426
271850
271886
271931
271952
271956
271993
271994
272072
272332
272512
272704
272780
272858
272922
272952
273058
273108
273196
273210
273301
273487
273491
273525
273538
273626
273641
273958
274140
274159
274236
274441
274634
274664
274770
274802
274873
274884
275289
275470
275536
275552
275585
275836
275902
276008
276054
276131
276193
276289
276459
276461
276555
276555
276685
276697
276703
276793
276796
276802
276848
276926
276940
276943
276959
277140
277222
277325
277585
277629
277663
277674
277974
278167
278317
278466
278675
278847
278975
279075
279360
279566
279689
279786
279795
279889
279945
280033
280564
280569
280693
280746
280998
281134
281165
281194
281203
281267
281362
281410
281473
281548
281672
281732
281793
281870
281881
281909
281936
282117
282122
282143
282152
282266
282291
282388
282404
282427
282597
282664
282717
282865
283021
283035
283064
283267
283279
283295
283328
283393
283453
283690
283761
283766
283778
283836
284218
284398
284401
284449
284460
284515
284603
284785
284823
285059
285177
285323
285362
285655
285669
286070
286080
286273
286353
286408
286469
287052
287219
287227
287241
287288
287400
287405
287478
287554
287722
287746
287821
287966
288028
288045
288103
288252
288405
288411
288431
288453
288484
288487
288519
288664
288696
288748
289369
289462
289544
289563
289564
289708
289710
289748
289849
289862
289902
289948
290073
290232
290415
290432
290470
290496
290617
290665
290679
290735
290771
290778
291059
291065
291183
291310
291571
291713
291856
291994
292088
292172
292295
292356
292517
292604
292836
292840
292913
292963
293000
293125
293159
293262
293295
293604
293630
293641
293782
294119
294257
294304
294364
294429
294455
294478
294536
294547
294676
294748
294834
294870
295086
295105
295216
295318
295507
295686
295785
295810
295914
295982
296447
296605
296757
296824
296897
296973
297060
297101
297368
297656
297822
297852
298183
298243
298315
298522
298529
298535
298545
298648
298706
298722
298743
298874
298879
298900
299014
299048
299364
299421
299444
299511
299581
299634
299975
300219
300222
300282
300288
300313
300474
300490
300758
300829
300861
300893
300951
301132
301164
301265
301442
301457
301468
301512
301546
301548
301812
301836
301956
302039
302120
302145
302162
302451
302464
302673
302695
302767
302954
302992
303080
303295
303329
303430
303464
303465
303482
303797
303824
303988
304091
304149
304153
304297
304313
304431
304501
304598
304703
304924
305050
305058
305088
305424
305570
305810
305856
306279
306355
306395
306439
306560
306571
306576
306694
306721
306730
306778
306844
306870
306883
307142
307210
307232
307262
307276
307540
307655
307672
308087
308367
308391
308438
308570
308665
308716
308845
308867
308887
308946
309030
309383
309980
310141
310181
310362
310363
310423
310584
310606
310644
310805
310813
310835
310836
310858
311076
311096
311165
311297
311698
311703
311875
312341
312451
312529
312556
312591
312683
312870
312911
313000
313010
313084
313122
313251
313282
313286
313491
313504
313530
313636
313757
313910
314014
314258
314411
314586
314720
314751
314827
314976
315243
315302
315339
315356
315432
315586
315678
315842
315863
316126
316198
316448
316651
316714
316748
316855
316916
316923
317006
317118
317177
317252
317297
317404
317412
317415
317452
317478
317585
317586
317806
317929
318002
318059
318069
318193
318248
318461
318783
318814
318957
319031
319066
319231
319245
319310
319338
319479
319528
319651
319738
319765
319824
319876
319964
320118
320251
320373
320480
320494
320496
320502
320643
320756
320779
320874
320880
320882
320941
321079
321117
321383
321397
321522
321548
321567
321640
321675
321745
321831
322229
322279
322372
322429
322445
322492
322494
322495
322623
322743
322783
322855
322988
323248
323566
323590
323663
323773
323843
323890
323934
323992
324027
324033
324088
324209
324259
324280
324397
324595
324876
324936
324962
325084
325101
325145
325182
325725
325726
325788
325823
325965
325982
326140
326356
326394
326402
326609
326698
326735
326853
326939
326940
326970
327013
327125
327371
327562
327647
327662
327667
327845
327976
328021
328027
328137
328166
328188
328238
328269
328406
328511
328536
328576
328580
328605
328721
328867
328904
328992
329198
329467
329557
329560
329598
329677
329777
329875
329887
330100
330135
330386
330417
330470
330760
330893
330957
331061
331127
331139
331310
331475
331509
331796
332214
332253
332327
332348
332715
332999
333026
333176
333214
333232
333243
333266
333445
333486
333544
333648
333787
333926
333986
334038
334086
334126
334127
334174
334261
334480
334729
335004
335006
335215
335368
335371
335464
335656
335662
335685
335697
335873
335894
335929
335975
336005
336100
336108
336203
336352
336360
336380
336407
336450
336498
336520
336605
336663
336803
337028
337142
337210
337327
337599
337769
337844
337861
337961
338059
338065
338324
338345
338370
338710
338884
338971
339213
339228
339236
339462
339543
339580
339866
339946
340041
340079
340402
340796
340852
340926
341027
341116
341128
341429
341464
341575
341617
341673
341724
341766
341850
341904
342029
342096
342165
342210
342400
342463
342786
342880
343002
343175
343196
343215
343373
343430
343461
343546
343815
343876
343931
343957
344127
344287
344518
344565
344703
344784
344949
345195
345242
345303
345319
345350
345371
345524
345789
345904
346181
346229
346469
346621
346684
346826
346833
346873
346878
347052
347321
347458
347574
347611
347629
347865
347920
348051
348171
348188
348263
348296
348385
348503
348506
348539
348750
348753
348765
348779
349004
349136
349167
349193
349378
349399
349542
349721
349777
349944
350116
350240
350446
350562
350754
350797
350862
351078
351173
351179
351235
351342
351359
351493
351510
351630
351637
351880
351942
351963
352008
352037
352398
352486
352541
352547
352642
352811
352941
352982
353061
353295
353312
353473
353544
353750
353833
353888
353946
354026
354053
354235
354325
354369
354417
354561
354569
354582
354946
355093
355108
355115
355127
355171
355377
355518
355678
355698
355794
356216
356235
356407
356506
356556
356599
356632
356642
356700
356712
356795
356808
356844
356943
356991
357057
357129
357354
357423
357440
357442
357483
357485
357580
357607
357629
357673
357701
357706
357718
357731
357919
357928
358035
358062
358294
358475
358484
358489
358513
358742
358742
358760
358808
359039
359308
359318
359364
359408
359518
359565
359641
359641
359699
359795
359912
359987
360029
360073
360325
360362
360401
360435
360706
360903
360919
361001
361042
361300
361452
361470
361514
361675
361822
361829
361880
361902
362097
362232
362312
362355
362378
362430
362493
362500
362557
362586
362600
362616
362638
362640
362726
362738
362787
362860
362995
363092
363118
363369
363508
363521
363577
363654
363951
364119
364386
364390
364540
364553
364561
364568
364718
364930
365150
365167
365368
365456
365477
365488
365498
365500
365540
365751
365837
365910
365916
366079
366090
366117
366225
366254
366299
366435
366448
366477
366525
366554
366561
366940
367037
367098
367158
367201
367290
367321
367489
367526
367590
367599
367886
368024
368252
368258
368331
368388
368432
368531
368600
368646
368777
368911
368918
368920
369045
369772
369827
370078
370108
370172
370275
370299
370413
370452
370627
370712
370816
370864
370963
371017
371037
371218
371362
371404
371572
371615
371735
371794
371807
371832
371886
371953
371969
372023
372212
372248
372516
372537
372635
372838
373024
373029
373052
373056
373191
373300
373463
373640
373692
373744
374008
374100
374130
374175
374288
374316
374384
374435
374504
374565
374840
375115
375309
375625
375648
375813
375813
376135
376178
376289
376556
376586
376611
376646
376647
376796
376803
376870
376976
377240
377243
377376
377456
377514
377612
377615
377656
377817
378029
378148
378150
378640
378682
378742
378987
379035
379102
379174
379331
379403
379416
379464
379490
379601
379628
379779
379917
380036
380045
380267
380269
380303
380477
380568
380611
380968
380981
380990
381012
381043
381076
381146
381189
381250
381375
381394
381422
381433
381534
381725
381836
381977
381984
381998
381999
382095
382308
382421
382496
382569
382598
382600
382771
382881
383009
383024
383044
383187
383251
383294
383393
383458
383477
383549
383570
383925
384085
384421
384581
384694
384785
384928
385178
385219
385237
385470
385542
385633
385758
386053
386240
386253
386279
386310
386350
386424
386576
387352
387407
387420
387545
387637
387802
387852
387923
387957
388035
388114
388288
388387
388397
388557
388568
388689
388834
389155
389177
389328
389398
389482
389656
389962
390016
390363
390458
390629
390740
390752
390791
390908
391093
391119
391168
391210
391316
391412
391507
391639
391781
391898
391976
392135
392365
392637
392671
392759
392792
392866
392872
393104
393107
393330
393336
393355
393434
393455
393487
393545
393739
393781
394051
394063
394232
394237
394441
394501
394549
394633
394696
395115
395148
395197
395232
395290
395555
395580
395638
395811
395915
395963
396008
396024
396052
396064
396069
396176
396218
396491
396511
396572
396823
397115
397152
397156
397399
397472
397508
397691
398108
398180
398261
398332
398354
398541
398546
398724
398767
399154
399279
399288
399301
399399
399704
400040
400287
400417
400432
400831
400863
400915
400952
401018
401030
401092
401095
401112
401193
401194
401296
401341
401420
401423
401581
401752
402055
402125
402140
402319
402470
402496
402558
402774
402897
403168
403202
403229
403446
403469
403648
403863
403879
403939
403980
403982
404032
404144
404160
404201
404345
404352
404433
404460
404620
404988
405517
405760
405803
405856
406020
406022
406168
406253
406318
407092
407096
407172
407268
407379
407384
407511
407548
407579
407694
407885
407919
408118
408179
408189
408586
408605
408645
408647
408684
408889
408940
408986
409057
409078
409079
409118
409376
409394
409595
409628
409749
409815
410123
410168
410273
410277
410312
410316
410396
410485
410753
410962
410972
411138
411162
411189
411238
411298
411371
411416
411591
411606
411645
411887
411937
411941
411991
412025
412072
412105
412108
412146
412173
412181
412303
412313
412543
412586
412682
412702
412903
412996
413041
413042
413071
413122
413161
413233
413302
413338
413434
413575
413620
413661
413817
413859
413897
413945
414017
414088
414107
414183
414185
414277
414307
414334
414676
414760
414880
415080
415240
415246
415248
415414
415584
415756
416021
416153
416247
416307
416350
416408
416805
416839
416957
416991
417190
417260
417312
417436
417590
417658
417849
418157
418568
418618
418641
418651
418792
419104
419160
419253
419321
419424
419651
419687
419693
419777
420126
420147
420689
420718
420793
420934
421082
421162
421372
421419
421511
421638
421883
421992
422234
422345
422600
422633
422636
422644
422760
422876
423193
423448
423633
423712
423738
423880
423900
423920
423964
424186
424332
424382
424408
424496
424728
424947
424978
425209
425274
425308
425625
425636
425721
425883
425892
425905
425946
425997
426171
426179
426545
426557
426600
426712
426741
426977
427124
427142
427309
427380
427413
427606
427697
427801
427821
427849
428024
428120
428603
428701
428947
428995
429075
429183
429386
429640
429815
429833
430323
430363
430387
430663
430832
430935
431027
431034
431115
431133
431172
431279
431330
431389
431403
431411
431431
431451
431571
431848
431860
431890
431926
432018
432157
432281
432315
432365
432369
432371
432445
432474
432483
432675
432773
432826
432943
433034
433072
433107
433122
433612
433815
433868
433899
433961
433970
434026
434136
434190
434204
434341
434352
434408
434549
434693
434805
434843
434884
434976
434984
435060
435478
435709
435735
435915
435967
436035
436072
436214
436314
436426
436663
436664
436740
436747
436819
436925
437068
437144
437289
437371
437398
437443
437456
437545
437548
437732
437795
437852
438043
438243
438299
438334
438385
438468
438536
438694
438743
438976
438987
439188
439361
439414
439442
439536
439681
439726
439744
439777
439856
440037
440044
440108
440119
440182
440187
440249
440414
440643
440676
440805
440842
440866
440892
440946
441045
441272
441347
441459
441472
441490
441556
441693
441771
441922
441935
442270
442339
442404
442457
442493
442498
442538
442655
442677
442725
442814
442897
443098
443130
443198
443208
443387
443690
443785
444079
444334
444353
444617
444649
444677
444761
444940
445137
445168
445215
445404
445485
445650
445679
445692
445702
445743
445743
445785
445868
446368
446409
446540
446623
446645
446743
446907
447016
447062
447183
447209
447343
447604
447611
447622
447736
447865
448074
448101
448304
448494
448513
448623
448700
448811
448888
449100
449154
449259
449446
449447
449602
449659
449794
449843
449843
449966
450286
450483
450665
450735
450798
450830
450878
451236
451255
451330
451511
452203
452223
452260
452402
452765
452846
452853
452897
452948
452960
452963
453181
453258
453294
453354
453456
453506
453713
453770
453772
453816
453858
453895
454017
454033
454104
454211
454288
454346
454453
454529
454568
454674
454721
454924
455000
455019
455057
455257
455259
455375
455405
455482
455712
455714
455800
455821
455882
455885
455924
455929
455947
455964
455996
456119
456160
456282
456335
456371
456502
456607
456660
456661
456720
456752
456758
456844
456899
456911
456916
456955
456959
457308
457435
457570
457836
457917
457931
458030
458032
458131
458188
458383
458446
458449
458465
458576
458774
458775
458812
458920
459002
459006
459162
459369
459491
459498
459754
459863
459869
459902
460185
460248
460319
460350
460353
460360
460377
460381
460467
460623
460767
460817
460849
460921
461054
461130
461154
461432
461534
461643
461831
462182
462240
462379
462447
462606
462877
462886
462898
462951
462959
462989
463183
463248
463608
463637
463862
463990
464261
464274
464318
464439
464495
464531
464816
464922
464985
465014
465063
465100
465180
465194
465509
465513
465656
465693
465757
465925
466056
466107
466129
466257
466299
466413
466823
466859
467073
467114
467122
467141
467160
467264
467395
467468
467501
467642
467854
467892
468281
468427
468427
468468
468521
468996
469127
469186
469230
469353
469512
469519
469545
469558
469571
469617
469649
469755
469951
470038
470058
470200
470240
470407
470610
470652
470653
470695
471033
471142
471227
471329
471337
471634
471709
471842
471918
471952
472088
472161
472181
472182
472216
472235
472338
472371
472397
472617
472703
472723
473020
473142
473146
473295
473340
473473
473538
473712
473796
473988
474028
474247
474410
474526
474551
474823
474930
475139
475158
475329
475482
475514
475622
475664
475791
475803
475910
475996
476041
476050
476199
476270
476401
476468
476477
476573
476595
476964
477155
477254
477281
477520
477700
477806
477933
477972
478009
478375
478475
478758
479068
479318
479425
479429
479531
479860
480165
480224
480470
480538
480594
480604
480671
480788
480877
481206
481347
481420
481479
481753
481835
481889
482018
482088
482139
482221
482396
482525
482575
482610
482610
482800
482822
483034
483202
483209
483504
483604
483614
483616
483689
483734
483868
483932
483952
483968
484014
484025
484157
484172
484421
484810
484879
484897
484997
485063
485066
485157
485221
485229
485232
485319
485322
485452
485537
485627
485638
485715
485738
485809
485839
485867
485892
485953
486209
486228
486230
486419
486490
486572
486590
486689
486735
486866
486870
487146
487154
487184
487230
487237
487267
487299
487328
487435
487539
487669
487919
488023
488112
488163
488428
488510
488525
488531
488793
489057
489135
489303
489331
489389
489452
489764
489876
489953
489993
490024
490206
490245
490293
490320
490378
490435
490856
490858
490941
491036
491087
491440
491567
491635
491650
491661
491746
491778
492017
492025
492120
492320
492426
492506
492512
492615
492754
492808
493106
493182
493563
493600
493869
493970
494393
494529
494587
494672
494680
494689
494727
494749
495040
495074
495134
495252
495256
495336
495382
495431
495553
495607
495767
495895
496492
496494
496570
496686
496968
496973
497202
497263
497364
497543
497584
497848
497933
497983
498081
498218
498244
498410
498436
498473
498585
498619
498657
498830
499157
499186
499270
499428
499495
499516
499586
499603
499637
499690
499755
499859
499877
499926
500030
500074
500118
500134
500162
500252
500267
500357
500439
500446
500457
500698
500698
501108
501256
501297
501504
501706
501744
501758
501761
501934
501951
502093
502118
502192
502220
502258
502312
502483
502543
502701
502774
502847
502912
502945
502948
502999
503009
503035
503061
503093
503179
503237
503252
503409
503455
503460
503558
503742
503745
503756
503781
503814
503885
503931
504024
504035
504267
504270
504305
504393
504497
504531
504589
504602
504648
504668
504744
505076
505151
505188
505556
505605
505774
505863
505905
505924
506045
506101
506103
506113
506212
506355
506400
506423
506424
506445
506458
506600
506608
506771
506793
507013
507052
507101
507349
507377
507516
507654
507683
507746
507790
507882
507961
508051
508159
508275
508422
508452
508468
508470
508622
508683
508758
508967
509002
509020
509068
509152
509319
509485
509520
509564
509579
509742
509747
509759
509859
510177
510211
510543
510838
510843
510939
511040
511078
511217
511248
511459
511691
511755
511771
511793
511797
511830
511902
512127
512492
512569
512633
512666
512746
513010
513039
513087
513093
513319
513358
513433
513540
513590
513789
513866
513897
513908
513944
514048
514060
514098
514109
514180
514206
514259
514381
514447
514456
514490
514534
514716
514777
514984
515031
515086
515394
515565
515565
515606
515626
515844
515882
515918
516067
516083
516141
516509
516529
516549
516715
516911
516953
517139
517294
517418
517429
517506
517570
517629
517760
517774
517821
517834
518158
518297
518351
518495
518650
518662
518788
519098
519309
519644
519692
519894
519968
519981
520002
520005
520060
520355
520356
520432
520478
520683
520897
520960
520985
521044
521053
521096
521702
521850
521917
522061
522192
522207
522209
522227
522317
522390
522455
522519
522561
522968
523001
523192
523196
523269
523320
523811
524059
524108
524202
524430
524711
524938
524972
525115
525333
525466
525511
525852
525865
525876
525901
526076
526094
526275
526335
526388
526435
526461
526495
526567
526660
526716
526812
526825
526975
527115
527306
527317
527681
527686
527806
528014
528056
528134
528158
528199
528382
528398
528421
528455
528494
528833
528863
529067
529137
529214
529237
529284
529340
529380
529442
529524
529757
529771
529794
529802
529931
530077
530083
530101
530266
530428
530429
530470
530562
530595
530767
530824
530893
530997
531335
531367
531397
531659
531745
531748
531817
531837
531932
531940
531994
532095
532100
532122
532157
532270
532303
532404
532616
532651
532662
532784
532959
532975
532980
533046
533096
533178
533225
533286
533499
533553
533567
533639
533697
533702
533735
533909
534156
534298
534341
534373
534495
534564
534577
534599
534718
534742
534991
535091
535142
535247
535514
535524
535639
535818
536120
536527
536577
536609
536807
536832
537267
537297
537341
537400
537420
537499
537529
537569
537585
537621
537750
537895
537909
537924
537994
538035
538346
538511
538743
538755
538797
538881
539174
539260
539497
539540
539677
539825
539863
539919
540093
540146
540158
540215
540289
540418
540547
540581
540593
540666
540676
540771
540846
540854
540872
540980
541142
541256
541367
541685
541982
542071
542080
542123
542286
542406
542497
542501
542564
542748
542871
543156
543283
543532
543557
543622
543640
543777
543833
543895
543920
544051
544075
544424
544459
544471
544472
544708
544865
545042
545327
545341
545371
545641
546024
546196
546224
546355
546381
546562
546582
546719
546803
546838
547005
547027
547249
547297
547506
547792
547819
547941
548000
548017
548256
548305
548366
548484
548801
548825
548870
548877
548905
548908
548918
549244
549250
549317
549336
549431
549598
549599
549750
549806
549881
550019
550132
550336
550346
550404
550655
550655
550898
550901
550947
550947
551064
551162
551260
551266
551349
551353
551441
551635
551716
551938
552121
552187
552330
552449
552502
552802
552840
553044
553053
553125
553171
553457
553546
553548
553861
553865
553875
553896
554099
554190
554223
554306
554505
554521
554539
554683
554825
555002
555199
555291
555396
555510
555660
555728
555876
556436
556537
556537
556559
556710
556721
556746
556747
556749
556805
556922
557153
557154
557160
557260
557341
557342
557349
557505
557752
557761
557864
557872
558097
558098
558102
558118
558324
558382
558416
558559
558616
558643
558774
558841
558942
558958
559044
559105
559518
559519
559530
559639
559708
559711
559737
559902
559961
559966
560079
560320
560595
560749
560865
560907
560916
561058
561152
561169
561233
561419
561462
561462
561593
561893
561933
562004
562025
562032
562133
562218
562237
562255
562428
562435
562505
562774
562832
562883
562915
562982
563049
563157
563184
563250
563343
563402
563604
563667
563825
563925
563980
563995
564048
564337
564419
564642
564764
564976
565133
565165
565176
565236
565321
565376
565430
565486
565512
565761
565909
565937
565988
566071
566085
566313
566385
566443
566585
566876
566909
567049
567111
567147
567201
567216
567217
567390
567431
567540
567579
567598
567743
567744
567840
567939
568064
568096
568258
568297
568588
568597
568635
568689
568855
568911
569026
569294
569549
569653
569721
569809
569846
569882
569943
570081
570356
570403
570454
570516
570578
570587
570640
570839
570969
570999
571025
571060
571082
571176
571448
571452
571727
572429
572493
572639
572671
572945
572970
573172
573203
573223
573270
573287
573396
573510
573593
573674
573794
573825
573855
573929
573953
574009
574029
574042
574324
574516
574595
574670
574751
574981
575036
575045
575091
575273
575275
575459
575506
575526
575680
575709
575731
575763
575857
575888
576076
576079
576316
576346
576456
576490
576500
576719
576726
576770
576798
576814
576825
576950
577168
577217
577356
577723
577831
577835
577866
577903
578116
578395
578707
578715
578744
578763
578912
578949
578950
578957
579178
579292
579534
579544
579591
579741
579824
579851
579969
580092
580237
580264
580397
580417
580462
580810
580835
581003
581007
581087
581164
581223
581279
581353
581463
581546
581742
581772
581906
581918
582013
582018
582033
582115
582121
582147
582147
582275
582392
582435
582475
582783
582786
582922
583086
583117
583220
583302
583322
583331
583352
583589
583621
584086
584147
584327
584398
584413
584630
584633
584774
584810
585017
585099
585157
585288
585290
585428
585512
585515
585532
585558
585627
585677
585800
585841
585865
586148
586157
586274
586277
586480
586530
586654
587137
587287
587448
587483
587495
587561
587882
587893
587915
587921
587924
587971
588027
588089
588134
588235
588250
588350
588401
588445
588672
588727
588937
588983
589005
589158
589372
589401
589474
589591
589652
589730
589750
589893
589897
589913
589917
590071
590071
590107
590276
590346
590384
590397
590464
590759
590777
591029
591164
591169
591259
591268
591361
591399
591448
591568
591586
591680
591681
591860
591973
592068
592082
592083
592181
592300
592472
592804
592804
592909
592943
593016
593171
593228
593232
593243
593335
593395
593433
593450
593463
593530
593550
593745
593912
594033
594041
594068
594642
594702
594807
594843
594925
595043
595076
595106
595192
595467
595561
595584
595728
595733
595748
595812
595825
595837
595948
596006
596037
596124
596180
596279
596295
596300
596380
596534
596556
596677
596786
597019
597128
597240
597459
597735
597757
597879
597960
598066
598335
598493
598588
598714
598753
599060
599233
599359
599534
599725
599779
599817
600171
600697
600736
600761
600765
600807
600874
601304
601326
601436
601637
601737
601785
601826
601870
601991
602104
602343
602483
602706
602820
602979
603002
603253
603284
603289
603324
603458
603473
603501
603511
603930
603963
604165
604198
604226
604236
604487
604530
604567
604571
604647
604705
604840
605027
605111
605140
605514
605549
605656
605717
605909
606033
606098
606283
606284
606400
606709
606758
606769
606809
606948
606957
607068
607357
607376
607424
607428
607691
607793
607944
608012
608215
608220
608419
608542
608569
608642
608690
608792
608838
608936
608987
609153
609191
609230
609264
609333
609415
609853
609942
610049
610098
610206
610237
610251
610366
610367
610443
610547
610645
610699
610930
610983
611016
611057
611099
611100
611296
611313
611322
611328
611484
611932
612067
612398
612430
612587
612978
613054
613345
613422
613495
613573
613923
614122
614148
614275
614353
614496
614540
614576
614667
614823
614850
614861
614885
614955
615102
615342
615367
615423
615656
615749
615803
616003
616007
616193
616222
616364
616430
616433
616766
616857
617056
617394
617443
617453
617636
617782
617934
618023
618052
618165
618169
618257
618339
618476
618476
618494
618535
618628
618709
618757
618778
618971
618971
619055
619264
619563
619678
619824
619824
619878
620029
620090
620769
620886
621033
621070
621074
621131
621257
621485
621512
621618
621701
621762
621795
621853
621978
622096
622117
622160
622201
622361
622496
622689
622748
622832
622863
622972
623122
623209
623266
623422
623640
623729
623807
623859
623860
623884
623921
624002
624092
624194
624281
624488
624499
624535
624733
624855
624976
625135
625268
625271
625291
625792
625803
625877
625920
626169
626293
626453
626509
626509
626656
626767
626776
626845
626986
626987
627074
627087
627105
627139
627158
627451
627520
627530
627609
627749
627791
627895
627949
627959
628019
628178
628282
628351
628745
628825
628917
628924
629021
629214
629715
629804
630106
630131
630135
630286
630295
630412
630568
630667
630672
630720
630734
630766
630898
631219
631404
631519
631527
631602
631621
631669
631781
632095
632187
632283
632488
632561
632786
632878
632913
633125
633146
633248
633256
633304
633351
633541
633543
633802
633996
634078
634095
634217
634285
634399
634796
634825
634939
635144
635243
635259
635279
635312
635386
635435
635638
635763
635876
635967
636512
636525
636605
636716
636867
637021
637172
637287
637375
637512
637604
637634
637801
637811
637890
637969
638151
638154
638196
638576
638625
638626
638662
638705
638706
638868
639038
639290
639329
639389
639457
639550
639612
639852
639874
640051
640052
640091
640104
640126
640163
640264
640268
640331
640332
640582
640687
640786
640796
640925
641093
641094
641125
641252
641270
641272
641319
641466
641529
641844
642090
642497
642576
642674
642681
642753
642754
642812
642886
642942
642966
643207
643349
643945
644205
644602
644667
644669
644731
644864
645041
645119
645186
645187
645188
645214
645241
645259
645333
645363
645393
645459
645632
645826
645870
645981
646063
646140
646374
646483
646589
646800
646846
647084
647104
647127
647527
647685
647734
647762
647926
648020
648074
648084
648089
648172
648410
648507
648514
648551
648575
648650
648750
648754
648814
648899
649054
649067
649131
649187
649343
649484
649926
650018
650107
650213
650233
650315
650350
650859
650902
650928
650946
650960
651032
651053
651070
651205
651224
651622
651651
651695
651698
651988
652008
652117
652301
652631
652785
652845
652863
652878
652992
653038
653057
653073
653136
653138
653142
653144
653237
653305
653392
653491
653634
653892
653892
653923
653972
654037
654165
654494
654674
654723
654784
654851
654979
655093
655097
655186
655625
655797
655875
655885
656114
656243
656422
656424
656436
656464
656492
656495
656636
656740
656767
656851
656888
656994
657089
657142
657282
657603
657664
657751
657894
657935
658011
658278
658630
658870
658885
658945
659048
659336
659496
659559
659614
659712
659737
660049
660137
660151
660431
660441
660459
660553
660654
660761
660908
660913
660970
660983
661115
661317
661436
661719
661782
661929
662001
662033
662087
662161
662306
662337
662649
662933
662977
663008
663140
663177
663292
663442
663445
663558
663563
663581
663594
663594
663605
663657
663988
663996
664129
664218
664845
664905
664946
665080
665119
665227
665251
665259
665266
665499
665708
665811
665896
666035
666109
666112
666120
666146
666156
666177
666188
666235
666593
666811
666909
667022
667051
667134
667155
667200
667267
667370
667382
667436
667960
667994
668255
668321
668688
668738
668806
668964
668965
669032
669046
669117
669126
669453
669656
669751
669846
669990
670043
670076
670182
670279
670318
670459
670475
670717
670777
670793
670904
670997
671024
671074
671093
671117
671438
671439
671449
671660
671686
671732
671901
671949
672069
672165
672341
672414
672432
672518
672541
672600
672728
672839
672953
673059
673401
673557
673625
673658
673716
673720
673870
674011
674067
674111
674254
674337
674376
674382
674415
674417
674603
674831
674857
674858
674866
674931
674938
675060
675333
675365
675611
675627
675666
675700
675732
675814
675838
675902
675997
676125
676182
676200
676306
676468
676505
676547
676581
676684
676716
676752
676934
677075
677092
677225
677265
677267
677521
677886
678018
678133
678236
678274
678581
678745
678917
679136
679289
679603
679641
679726
679731
679894
679900
680124
680131
680174
680261
680294
680340
680372
680626
680681
680743
680774
680880
681040
681080
681233
681243
681313
681407
681568
681577
681606
681656
681874
682164
682265
682384
682456
682850
682881
682963
683240
683407
683543
683643
683716
683784
683816
683946
684003
684237
684329
684378
684403
684446
684497
684654
684721
684728
684749
684758
684956
685157
685186
685193
685337
685381
685405
685418
685513
685529
685746
685786
685930
686177
686211
686219
686281
686446
686669
686790
686828
686844
686940
687021
687162
687223
687232
687527
687609
687617
687710
687728
687820
687891
688101
688201
688316
688368
688425
688538
688791
688813
688981
689156
689178
689321
689427
689491
689688
689700
689704
689778
689798
690138
690293
690296
690332
690367
690381
690486
690524
690711
690772
690840
690872
690872
690906
690962
691179
691184
691198
691240
691269
691331
691367
691384
691474
691614
691700
691763
691774
691941
691958
692027
692274
692361
692389
692642
692733
692927
692931
692946
692952
693023
693099
693396
693445
693890
694040
694063
694116
694130
694135
694167
694204
694325
694736
695043
695165
695196
695348
695514
695533
695724
695965
696051
696098
696469
696632
696852
696909
697090
697262
697549
697657
697770
697824
697851
698039
698154
698203
698206
698250
698296
698358
698606
698880
699011
699063
699101
699157
699179
699310
699410
699434
699687
699688
699888
699943
699949
700031
700177
700180
700349
700660
700662
700863
701149
701335
701608
701750
701882
702001
702044
702540
702558
702611
702675
702998
703244
703296
703338
703348
703552
703705
703814
703861
703878
703890
703919
704135
704247
704621
704635
704701
704717
704810
704836
704850
704858
704884
705083
705100
705133
705200
705307
705318
705420
705456
705573
705576
705602
705630
705774
705816
705820
705926
705972
706006
706007
706077
706247
706447
706475
706825
706997
707343
707382
707435
707482
707535
707569
707593
707649
707760
707834
708023
708203
708227
708314
708321
708355
708394
708416
708467
708527
708577
708693
708915
708948
709251
709384
709411
709437
709514
709566
709626
709630
709697
709898
710312
710490
710549
710551
710575
710597
710664
710693
710716
710795
710913
710980
711056
711213
711243
711382
711389
711744
711788
711920
711956
712004
712015
712143
712374
712456
712474
712709
712798
712919
712957
713071
713116
713167
713231
713364
713421
713520
713628
713643
713770
714001
714054
714177
714395
714440
714484
714536
714546
714558
714594
714600
714690
714773
714816
714901
714930
714958
715104
715469
715624
715698
715813
715951
716027
716050
716161
716229
716307
716426
716482
716519
716658
716712
716729
716782
716823
716839
716841
716893
716967
717046
717093
717117
717143
717251
717279
717325
717390
717393
717621
717680
717699
718180
718863
718943
719094
719298
719372
719547
719573
719594
719595
719604
719606
719645
719645
719855
720011
720028
720038
720053
720072
720304
720344
720473
720477
720705
721044
721122
721188
721257
721379
721459
721608
721826
722023
722219
722388
722455
722529
722545
722689
722719
722727
722746
722849
722884
722974
723023
723103
723250
723385
723452
723715
723770
723858
724179
724200
724232
724507
724643
724823
724839
724926
725045
725047
725114
725153
725364
725394
725563
725687
726095
726223
726341
726388
726466
726478
726482
726512
726547
726585
726671
726771
726962
727023
727031
727199
727224
727283
727396
728011
728021
728088
728124
728204
728240
728306
728310
728359
728463
728501
728552
728608
728706
728752
728795
728875
729008
729048
729508
729587
729606
729613
729681
729699
729794
729877
729916
730044
730178
730266
730351
730396
730885
730919
731022
731023
731110
731237
731387
731441
731509
731639
731734
731778
731945
731987
732045
732051
732158
732161
732338
732346
732500
732537
732712
732834
732859
733045
733051
733123
733251
733258
733261
733452
733585
733727
733787
733858
733967
734116
734342
734374
734573
734672
734757
734936
734964
734990
734993
735018
735086
735163
735172
735223
735290
735303
735376
735393
735414
735414
735553
735563
735577
735627
735789
735826
735883
736041
736079
736097
736121
736238
736413
736567
736567
736939
736944
736998
737006
737061
737230
737411
737469
737581
737811
737834
737860
737933
738104
738113
738144
738155
738189
738503
738594
738597
738791
739044
739188
739217
739322
739335
739361
739391
739418
739576
739781
739868
740097
740100
740114
740442
740527
740705
740741
740774
741038
741281
741410
741993
742050
742087
742104
742108
742176
742210
742320
742959
743025
743061
743245
743285
743294
743464
743465
743553
743574
743655
743779
743808
743816
743855
743927
743973
744048
744172
744243
744366
744367
744487
744586
744821
744847
744907
744982
745013
745071
745170
745380
745677
745722
745828
745883
745895
745978
746025
746096
746277
746332
746547
746876
747079
747120
747229
747290
747507
747647
747767
747942
747994
748097
748193
748209
748214
748231
748262
748291
748491
748516
748763
748875
749117
749152
749170
749193
749347
749425
749478
749577
749758
749911
749921
750131
750386
750690
750833
750837
750851
751105
751137
751329
751429
751567
751640
751730
751762
751769
751780
751875
752186
752201
752330
752357
752432
752515
752565
752618
752776
752870
752929
753192
753265
753423
753660
753730
753766
753823
753830
753875
753956
753978
754071
754167
754276
754300
754331
754439
754516
754582
754648
754761
754784
754910
754984
755107
755190
755363
755379
755398
755446
755492
755640
755739
756281
756620
756679
756736
756740
756765
757108
757382
757389
757436
757481
757666
757842
757852
757913
757966
758073
758084
758208
758208
758225
758516
758592
758766
759029
759198
759215
759309
759326
759803
759822
759871
759912
759936
759941
760313
760410
760440
760442
760495
760612
760641
760785
760849
760891
760977
760988
761017
761233
761581
761587
761910
762041
762323
762343
762413
762526
762598
762705
762736
762826
762932
762978
763166
763183
763203
763262
763302
763321
763414
763474
763574
763624
763793
763820
763904
763934
764225
764324
764365
764406
764558
764568
764608
764638
764766
764788
764813
764833
765032
765198
765237
765259
765570
765612
765641
766171
766255
766724
766792
766876
767299
767321
767390
767490
767589
767630
767643
767693
767821
768021
768160
768203
768206
768310
768335
768336
768340
768406
768620
768683
768937
769094
769095
769150
769292
769417
769422
769456
769607
769638
769769
769775
769808
770323
770336
770344
770383
770523
770535
770586
770690
770989
771105
771118
771178
771365
771400
771470
771628
771695
771723
771796
771839
772055
772108
772169
772189
772384
772392
772465
772632
772633
772645
772686
772811
772833
773122
773257
773294
773429
773764
773873
773923
773941
774014
774430
774511
774607
774759
774766
774816
774961
774961
775147
775243
775304
775562
775630
775659
775829
776037
776338
776536
776655
776661
776661
776863
777165
777298
777359
777421
777482
777563
777816
777883
777929
777930
777999
778199
778251
778289
778393
778435
778502
778528
778595
778596
778718
778809
778829
778919
779136
779159
779240
779319
779385
779627
779695
780129
780224
780234
780429
780460
780478
780926
781217
781307
781404
781495
781560
781662
781741
781779
781892
781918
782018
782220
782325
782333
782388
782417
782419
782468
782494
782553
782640
782729
783043
783055
783130
783135
783164
783274
783430
783463
783860
783871
784111
784147
784186
784348
784527
784538
784627
784802
784806
784902
785297
785318
785319
785348
785484
785492
785601
785607
785652
785737
785935
785965
786022
786069
786165
786286
786286
786407
786699
786964
787045
787060
787550
787697
787790
787876
787964
788087
788247
788259
788312
788360
788399
788441
788650
788752
788833
788913
788974
789013
789285
789369
789443
789875
789889
789999
790036
790039
790155
790437
790441
790461
790806
790888
791010
791035
791051
791610
791877
792020
792060
792109
792200
792354
792638
792675
792773
792894
792975
792988
792992
793050
793059
793261
793280
793346
793485
793690
793709
793775
793808
794103
794175
794184
794452
794487
794748
794792
794802
795028
795051
795398
795630
795634
795702
795994
795994
796052
796254
796268
796368
796385
796536
796553
796583
796707
796988
797001
797244
797256
797257
797294
797317
797370
797387
797483
797616
797654
797846
797860
797883
797970
798103
798106
798127
798442
798753
798806
798971
799030
799110
799132
799234
799333
799395
799471
799478
799502
799530
799754
799816
800006
800036
800273
800373
800550
800551
800713
800781
800808
801169
801190
801194
801243
801293
801313
801354
801555
801654
801761
801766
801776
801852
801956
802122
802123
802128
802229
802298
802405
802449
802488
802534
802548
802596
802742
802788
802827
802890
802923
803196
803519
803814
803939
804081
804159
804259
804310
804340
804350
804390
804637
804658
804661
804832
804883
805077
805128
805459
805604
805784
805842
806090
806173
806230
806469
806708
806787
806795
807058
807059
807068
807112
807141
807416
807560
807567
807639
807673
807690
807702
807991
808291
808330
808364
808380
808501
808590
808639
808896
808997
809135
809156
809270
809557
809603
809696
809703
809736
809773
809790
809937
810110
810150
810206
810281
810337
810526
811040
811069
811148
811185
811222
811293
811374
811448
811744
811801
811805
811901
812249
812433
812455
812478
812498
812549
812559
812559
812743
812765
812772
812781
813107
813121
813227
813287
813528
813552
813563
813597
813643
813697
813704
813733
813903
814022
814231
814761
814962
814979
815003
815118
815173
815437
815472
815672
815721
815918
815982
816027
816199
816481
816561
816605
816717
816728
816854
816870
817077
817212
817229
817400
817478
817479
817607
817680
817798
817833
817854
817855
818026
818121
818176
818198
818297
818454
818523
818746
818876
818942
819013
819041
819118
819192
819234
819404
819487
819526
819547
819659
819813
819831
819955
820019
820019
820031
820127
820156
820197
820374
820408
820446
820456
820520
820675
820922
821034
821524
821726
821807
821869
821932
821942
822060
822164
822201
822218
822283
822301
822357
822419
822649
822683
822719
822925
823038
823212
823337
823398
823448
823746
823863
823902
823919
823973
824038
824055
824066
824188
824201
824209
824214
824458
824513
824603
824644
824691
824705
824742
824833
824927
824927
825081
825352
825357
825549
826027
826205
826279
826999
827017
827480
827542
827601
827662
827731
827744
827775
827893
827903
828177
828396
828553
829040
829070
829191
829278
829578
829637
829760
830112
830138
830179
830371
830383
830596
830600
830610
830611
831038
831108
831114
831268
831298
831407
831409
831465
831621
831877
832001
832154
832309
832425
832490
832547
832624
832774
832792
832927
833017
833035
833110
833126
833154
833261
833308
833602
833618
833686
833791
833866
833893
834118
834154
834228
834549
834574
834609
834708
834711
834855
834911
835008
835041
835090
835152
835322
835496
835557
835815
835847
836015
836117
836258
836627
836688
836778
836914
836927
837072
837087
837100
837313
837409
837485
837574
837605
837863
837990
838004
838523
838524
838550
838696
838847
838855
838912
838993
839031
839341
839371
839565
839656
839707
839856
839934
839998
840358
840468
840522
840647
840653
840759
840850
840882
841011
841033
841050
841071
841116
841147
841277
841499
841620
841624
841889
841914
842266
842319
842331
842362
842365
842392
842453
842563
842631
842660
842708
842725
842874
842960
842961
843011
843013
843149
843152
843303
843342
843354
843558
843655
843751
843823
843886
843902
843902
843931
844150
844176
844383
844391
844396
844493
844515
844687
844732
844735
844807
844815
844816
844961
845239
845356
845566
845736
845926
845930
846030
846064
846104
846404
846416
846429
846479
846485
846539
846613
846625
846662
846718
846718
846847
846869
847173
847204
847308
847503
847503
847631
847691
847709
847908
847913
847988
848110
848131
848193
848503
848516
848664
848785
848791
848801
848998
849057
849133
849142
849371
849384
849395
849620
849751
849756
849778
849921
850058
850126
850287
850364
850405
850572
850651
850663
850737
850743
850777
850837
851031
851050
851476
851481
851501
851551
851676
851803
852052
852055
852056
852247
852466
852597
852618
852657
852839
852851
853010
853033
853175
853346
853352
853519
853527
853638
853900
853927
853999
854049
854051
854126
854146
854156
854250
854418
854592
854674
854776
855168
855221
855328
855635
855638
855954
855973
855992
856022
856365
856534
856560
856572
856573
856637
857071
857278
857310
857350
857372
857373
857450
857551
857844
857861
857931
858306
858368
858388
858524
859227
859236
859287
859349
859487
859531
859572
859657
859732
860240
860262
860280
860689
860717
860898
860982
861093
861182
861223
861272
861337
861722
861771
862271
862366
862383
862411
862507
862544
862589
862829
862856
862865
863077
863102
863235
863332
863379
863411
863439
863786
863829
863835
863839
863873
863886
863924
863933
863944
864005
864095
864361
864444
864513
864658
864665
864697
864723
864862
864950
865122
865236
865271
865321
865342
865360
865363
865488
865497
865615
865740
865818
865942
866143
866224
866444
866530
866560
866647
866656
866699
866730
866814
866867
867037
867227
867239
867404
867462
867676
868136
868183
868379
868419
868429
868505
868608
868611
868752
868755
868927
869238
869256
869453
869608
869621
869802
870013
870044
870085
870114
870209
870295
870481
870502
870506
870551
870927
871146
871201
871214
871233
871234
871342
871391
871450
871504
871554
871668
871723
871878
871934
871952
871990
872007
872009
872032
872183
872361
872376
872417
872495
872566
872615
872709
872759
872796
872838
872872
872884
872973
873079
873086
873256
873292
873488
873616
873679
873760
873854
873858
873896
873905
873910
873944
873979
874093
874217
874249
874384
874489
874547
874601
874603
874690
874706
874708
874799
875096
875100
875283
875361
875761
875786
876012
876037
876339
876370
876600
876801
876810
876823
876831
876893
876949
876956
877078
877158
877344
877354
877423
877548
877562
877660
877721
877846
877884
877998
878242
878246
878355
878453
878731
878804
878850
879010
879100
879290
879390
879404
879494
879514
879586
879588
879594
879657
879738
879803
879863
879960
880261
880364
880395
880460
880497
880670
880682
880699
880843
880853
880886
881104
881498
881501
882047
882054
882104
882122
882241
882349
882615
882700
882772
882933
883251
883376
883572
883611
883779
883890
883996
884321
884380
884553
884558
884593
884780
884814
884877
885001
885019
885052
885119
885271
885443
885477
885698
885894
885979
886183
886477
886534
886564
886578
886886
886973
887059
887322
887333
887336
887417
887430
887465
887485
887509
887741
887838
887989
888278
888291
888357
888489
888742
888979
889136
889354
889473
889578
889859
889926
889955
890268
890390
890462
890545
890955
891194
891272
891288
891365
891386
891492
891498
891662
891736
891951
892240
892248
892300
892326
892488
892501
892604
892856
892909
892917
893085
893094
893198
893231
893292
894129
894267
894465
894670
894846
894858
894927
894964
894977
895144
895379
895423
895433
895437
895614
895745
895824
895934
895980
896054
896147
896287
896431
896438
896543
896605
896620
896636
896680
896775
896860
897087
897234
897582
897603
897926
897929
898011
898226
898384
898420
898546
898571
898591
898679
898766
899116
899134
899140
899156
899179
899190
899242
899387
899409
899451
899586
899624
899625
899757
899831
899874
900058
900259
900296
900572
900591
900782
900873
900907
900908
901156
901300
901760
901805
901811
901820
901851
901911
901921
901927
902293
902559
902591
902617
902634
902747
903109
903244
903497
903606
903776
903908
903928
903947
904051
904081
904426
904600
904651
904652
904689
904796
904811
904870
905010
905653
905765
905837
905940
905998
906195
906410
906426
906624
906712
906762
906828
907013
907137
907163
907277
907419
907432
907681
907733
907838
907998
908086
908098
908176
908254
908352
908391
908487
908552
908614
908675
908760
909057
909398
909432
909442
909450
909737
909813
909863
909971
909981
909988
910001
910101
910143
910149
910158
910292
910336
910418
910450
910455
910465
910592
910800
910826
911043
911088
911089
911376
911440
911512
911583
911679
911779
911847
911881
911891
911937
911964
912128
912308
912334
912358
912453
912472
912509
912526
912684
912743
912914
913113
913235
913392
913439
913451
913498
913525
913708
913711
913741
913773
913789
913931
914027
914046
914054
914164
914176
914274
914302
914354
914684
914702
914719
915053
915066
915386
915401
915726
915736
915781
915803
915804
915916
916022
916283
916303
916499
916692
916701
916723
916840
916856
916918
916986
917087
917159
917160
917176
917222
917485
917589
917593
918031
918186
918321
918478
918534
918653
918690
918726
918833
918973
919004
919017
919068
919151
919386
919506
919513
919519
919531
919608
919625
919653
919751
920203
920215
920270
920349
920733
920745
920926
921407
921430
921462
921552
921754
921817
922041
922159
922379
922414
922422
922483
922540
922645
922710
922711
922764
922808
922822
922938
922978
923207
923224
923241
923287
923414
923442
923526
923630
923665
923666
923766
923935
924079
924190
924241
924343
924366
924487
924689
924710
924854
924863
924882
924908
924998
925349
925350
925369
925451
925544
925606
925642
925699
925775
925782
925800
925832
926043
926083
926819
927114
927330
927352
927387
927387
927674
927705
927716
927987
928035
928170
928185
928272
928408
928518
928619
928650
928668
929241
929256
929319
929440
929450
929500
929676
929750
929959
929986
929992
930052
930061
930068
930074
930206
930266
930321
930513
930573
930593
930870
930994
931195
931206
931225
931250
931341
931562
931626
932250
932253
932452
932650
932656
932679
932719
932958
933134
933179
933369
933388
933531
933647
933778
933906
933976
934071
934215
934241
934307
934337
934343
934381
934698
934763
935016
935028
935097
935383
935398
935499
935640
935765
935780
936080
936179
936356
936429
937152
937239
937285
937347
937715
937755
938051
938081
938488
938686
938707
938832
939110
939207
939302
939348
939359
939374
939409
939532
939539
939635
939643
939686
939714
939741
939746
939803
940058
940062
940131
940136
940191
940196
940231
940308
940491
940891
941052
941235
941271
941514
941686
941725
941747
941810
941856
942127
942129
942214
942308
942334
942383
942385
942462
942581
942587
942590
942708
942833
942925
943332
943505
943694
943953
944069
944203
944234
944442
944807
944833
944838
944856
945126
945148
945157
945171
945226
945299
945307
945474
945600
945617
945647
945772
945787
946029
946194
946200
946260
946501
946556
946595
946657
946676
946840
946872
947033
947155
947182
947427
947530
947622
947726
947958
947990
948135
948162
948211
948325
948644
948723
948728
948728
948761
949471
949655
949998
950092
950336
950452
950528
950557
950572
950773
950820
950844
950853
950960
951014
951611
951739
951798
952024
952167
952172
952312
952396
952424
952439
952584
952604
952606
952634
952646
952863
952890
952906
953231
953546
953575
953851
954025
954053
954283
954379
954571
954797
954866
955091
955187
955249
955268
955303
955398
955434
955604
955648
955752
955902
955954
956015
956021
956266
956355
956408
956566
956625
956627
956659
956672
956707
956746
956931
957044
957048
957096
957098
957120
957152
957262
957441
957571
957575
957604
957622
957660
957748
957934
957959
958097
958257
958276
958387
958450
958469
958608
958747
958830
958850
958914
958955
958982
959007
959111
959122
959447
959465
959754
959867
960135
960224
960342
960345
960372
960377
960481
960568
960701
960802
961051
961112
961134
961341
961374
961395
961408
961438
961456
961570
961621
961652
961733
961739
961893
961901
962353
962417
962491
962503
962506
962596
962603
962824
962876
962925
963001
963093
963285
963293
963354
963466
963554
963580
963653
963850
963902
963916
964010
964114
964172
964346
964541
964684
964712
964873
964933
964949
964968
965195
965319
965330
965384
965571
965719
966214
966437
966439
966656
966659
966832
966876
967014
967027
967121
967216
967350
967352
967474
967715
967755
967833
967864
967937
967938
967982
967990
968024
968060
968169
968268
968436
968475
968633
968868
968966
969084
969215
969347
969371
969391
969439
969781
969847
969928
970020
970147
970240
970299
970345
970459
970598
970611
970699
970787
970867
970973
971152
971230
971378
971422
971557
971563
971572
971682
971693
971932
972148
972308
972756
972806
972861
972873
972903
973043
973332
973337
973338
973363
973448
973663
973824
973872
973873
973986
974019
974075
974110
974138
974226
974461
974704
974756
974875
974997
975001
975004
975108
975332
975400
975588
975630
975710
975710
975896
975930
975953
975974
975988
976028
976507
976584
976619
976636
976715
976836
976874
976888
976946
977231
977330
977394
977519
977577
977631
977792
977804
977945
977986
978024
978247
978272
978342
978392
978448
978467
978738
979368
979468
979479
979783
979883
979937
979945
980105
980138
980250
980276
980863
980987
981018
981042
981303
981386
981548
981627
981674
981819
981950
981952
981972
982032
982062
982361
982554
982804
982832
983033
983087
983223
983275
983683
983847
983913
984092
984187
984295
984300
984350
984519
984547
984605
984663
984726
984853
984981
985066
985186
985305
985314
985755
985821
985858
985935
986012
986283
986341
986399
986447
986522
986593
986631
986660
986959
986972
986995
986998
987222
987303
987346
987451
987513
987809
987879
987891
988033
988259
988271
988432
988464
988731
988773
988833
988899
988909
988945
989155
989281
989356
989417
989568
989746
989881
989927
989960
989967
989993
990094
990209
990287
990317
990359
990394
990471
990532
990566
990648
990717
990766
990916
990941
990973
990988
991288
991383
991482
991599
991606
991717
991734
991741
991772
991780
991841
992022
992142
992240
992344
992369
992405
992541
992567
992579
992677
992680
992729
992738
992895
992920
993011
993158
993426
993489
993563
993666
993746
993817
993865
993912
994006
994151
994374
994691
994830
994878
995018
995068
995099
995128
995231
995231
995330
995426
995504
995690
995730
995743
995756
996093
996143
996203
996212
996317
996358
996374
996504
996507
996842
996872
997032
997111
997170
997568
997569
997708
997762
997816
998058
998227
998307
998333
998483
998512
998544
998825
998847
998922
998928
998934
999058
999209
999250
999313
999372
999563
999681
999754
999954
