1000
919992
712209
23635
669037
910562
673403
767341
766597
675391
710183
266749
919465
765026
460732
376061
14227
908132
923940
698358
190180
601555
71106
941867
306888
958975
644652
19402
105204
590244
999480
150162
992734
807876
583517
171235
775466
328688
838482
97061
417055
837171
800851
447482
704757
895707
823064
534722
431901
441763
520679
687271
717063
345865
564713
995404
525657
40312
72481
132168
849349
817617
895402
338674
767820
961493
876387
725080
85963
675817
649818
3053
536329
25098
472677
198339
352136
99339
720025
67842
240215
265846
145328
953353
941657
308075
758587
597876
212176
131227
372816
396086
183716
416425
552558
743442
462905
99178
335282
100476
219758
652344
537492
24882
924774
793202
465873
593323
164816
534301
228620
847076
72488
440095
753083
335510
503939
322504
686273
301967
677487
608221
498273
980863
679722
431567
536731
910929
610654
909792
317597
643971
391922
354816
299535
108164
269196
927659
743398
179605
370889
352969
415482
171362
636764
920093
417162
257713
1545
175748
612721
317230
773090
764073
43247
135161
685148
608147
316453
880695
954695
840950
141646
77786
333443
456019
204865
628137
550967
625221
165313
931972
52840
320178
107021
182959
904330
149065
432600
718087
782975
619199
19452
613368
575377
388870
151725
54320
417641
993312
683881
160898
901242
59881
906478
494353
241100
373313
925068
448243
210869
75528
848792
931594
236315
545510
1305
600467
562276
178552
788292
658541
892846
750224
314655
68022
67727
100974
996132
676524
599931
491634
505137
148165
950216
809557
122861
293648
31634
456951
396831
884904
811856
207725
491694
71885
219633
204317
494261
991468
642311
68303
523689
195679
79809
930733
168813
302839
826301
801527
595496
674870
242369
743840
130867
26093
933205
309265
266622
797278
720616
115817
120603
636578
261833
298044
85483
761985
401817
769389
585397
638500
590601
641489
202969
114194
514702
250100
351445
473152
747664
273627
715892
650527
699332
210700
301094
534790
813657
731225
8937
260272
852831
5895
661278
551208
93301
899390
701609
789787
238345
184375
705159
171598
174321
83621
487038
459575
737102
308147
770925
511542
44000
694780
801964
836884
824617
112389
977949
7353
101615
845116
967414
630029
555834
438814
672264
511658
793210
683667
866477
459628
876973
6763
215100
328256
517176
319092
820385
375993
976599
412982
948848
544920
418044
712176
66501
362035
796294
852719
304521
377543
779111
491576
478706
233177
5058
71559
679343
85926
623931
611801
386444
237085
774614
325983
681779
317463
679196
786365
660281
126687
923354
834050
334531
783183
995777
435683
286950
906400
590695
317881
102176
265111
289368
245039
691581
864888
693730
133782
964647
254629
482561
378882
762774
11249
280750
622014
478423
107855
352106
78589
716260
725214
492455
985682
766891
518394
753045
512824
981952
38766
956511
762414
69769
968075
728413
443044
890880
988274
813298
79230
534744
28452
537683
283485
930361
28901
709313
185281
551989
434698
668668
41836
164363
473574
562190
495504
932523
183210
21869
851110
218195
246893
478660
75828
694417
760792
96271
256311
198838
4328
848802
495412
402394
755400
486575
509617
649269
465375
497744
564379
958074
415668
362981
744825
341663
322090
614887
275877
863265
818144
753680
265675
668530
838845
550125
393741
65362
411790
872644
263672
998202
706751
951742
442256
218317
941098
922832
532553
625630
562171
351383
831363
172881
946170
299150
673910
112517
388740
267503
354874
429882
896401
88730
844293
434832
341257
909015
630432
722319
890603
905829
491334
419082
193238
152158
908617
890144
98620
346161
610811
997930
712253
317284
815319
96448
907603
107330
201552
347618
560550
719835
285867
632380
950206
211910
202008
517622
462823
644947
260645
464025
96528
848892
702934
795750
592158
302060
187850
741095
157333
972264
445069
884225
218283
288520
260863
978358
646184
764188
509662
808204
637076
195035
509659
334412
671825
474404
164125
718168
998346
915300
69055
290950
992190
396891
431331
918281
882778
711677
431090
66872
502512
547807
364694
663137
102459
739572
742319
908870
343656
44633
924349
383065
874583
862414
882047
361096
754419
490047
167722
41156
613989
425550
507977
717361
264490
434152
746207
660138
943017
946999
924419
509073
975051
409214
901630
459758
857982
448411
844241
428333
31998
12602
908188
454026
511900
803757
209418
489080
392687
107121
960298
937534
963130
541938
315764
617688
290186
344725
945432
691811
919968
194952
395232
461705
188025
768862
267641
452380
651078
430279
953144
470613
828777
343617
959396
658055
175177
582826
660267
7846
368506
65524
426086
951542
878169
497135
258500
835401
367499
655005
419149
97228
634048
335994
92512
898598
346987
357106
819889
865060
626277
678410
544837
479935
386164
937022
431488
824708
897275
866161
590998
329596
855834
246330
799799
673448
973060
583376
606060
18047
465065
528017
708493
955827
407731
699253
326216
665468
595401
708666
90758
555209
77652
736788
992461
940807
683400
14129
820788
126990
767892
146758
584746
722995
302074
338487
402428
230454
120885
406839
63012
739646
515810
746029
461212
794082
352166
255157
699725
459437
112297
998744
876645
211766
300710
380695
759257
127298
31935
481354
364673
59752
944078
625026
44635
794867
364818
532339
886194
267826
814079
709880
433748
815785
384724
495776
749117
225510
418811
284864
637598
577007
903229
248112
431676
797368
52488
748475
721830
424229
593985
435241
821782
869520
616488
76664
802614
731959
727446
80009
968362
43089
786555
50355
750082
557699
656898
87749
706024
826175
325449
121959
602598
236569
956241
257981
231308
73370
820872
415013
211802
544966
440218
682949
957745
298216
151246
191909
429154
621663
37884
599511
622238
277368
421831
187950
395831
878327
8274
503312
690287
266962
976296
110591
370168
997144
562789
540471
149590
664562
616326
303925
159264
990210
836040
10488
660016
385922
855904
501346
809795
104305
587410
368191
334338
326422
638892
715792
529358
469353
18692
440569
170321
439869
458742
884442
174245
458197
992046
612514
68574
926061
358070
985458
222405
46233
64230
553765
613705
598472
185862
233703
884129
51579
570374
13356
526926
127075
523360
117815
39042
53254
49051
869932
791468
177428
916497
770977
497954
392504
950863
386489
199039
8557
365242
43351
515454
162575
178041
498227
105341
619862
919866
885581
695639
140910
227525
91810
790020
504695
435616
723936
100165
582250
855577
630919
18255
244916
701600
916427
923149
286489
889212
37961
572292
91859
524628
221418
480832
616497
175645
107109
441510
208279
841711
100103
954336
111785
485638
265382
350457
987184
905618
346040
324071
361282
929707
909633
394873
607978
258830
230908
706806
19515
247744
240786
30976
842584
527297
825006
452037
699185
914560
476872
977927
39289
830816
602217
720179
867123
726432
828659
975770
186394
236517
702457
95743
257091
527935
239105
955132
97099
503424
265422
751793
669583
853679
48917
