100
572317
997752
300010
79690
895115
357935
726200
657316
675794
26992
443642
783287
291296
52403
471160
502453
761233
782556
19276
585873
86684
444364
164762
622867
76984
72715
175004
518834
281924
71332
538558
896786
732131
15898
753929
405493
631902
809690
848599
111033
458584
531276
97162
265870
19859
669045
578222
977350
928197
344701
164646
587723
812753
619261
958038
808164
624097
258794
89427
4604
930456
508789
914185
533813
107587
185858
571829
735328
946435
856613
909001
323158
998211
817158
166099
390348
44275
57406
114822
383115
307551
831305
426764
974428
723413
187065
657086
558245
436786
24661
565636
604953
449974
532905
672736
743451
571169
234786
580089
344054
