10000
999902
999855
999768
999649
999564
999540
999285
999280
999221
999198
999134
999059
999058
998979
998886
998725
998607
998389
998357
998351
998335
998287
998284
998255
998051
997982
997926
997845
997841
997760
997745
997637
997513
997432
997234
997056
996960
996583
996561
996559
996559
996493
996454
996261
996257
996246
996168
996018
995815
995707
995621
995548
995469
995452
995166
994923
994878
994852
994833
994649
994488
994478
994377
994316
994286
994224
994190
993804
993731
993691
993162
993110
992946
992866
992849
992640
992515
992385
992357
992235
992179
992116
991980
991970
991835
991773
991726
991691
991588
991575
991375
991303
990861
990810
990803
990795
990688
990424
990109
990000
989719
989562
989448
989238
989214
989198
989171
989127
989105
989006
988827
988682
988455
988288
988271
988206
988108
988100
988047
987975
987924
987764
987711
987543
987536
987415
987411
987410
987317
987249
987055
987044
986932
986903
986848
986750
986692
986413
986313
986265
985949
985873
985863
985855
985843
985807
985524
985459
985452
985418
985415
985394
985312
985240
984997
984990
984903
984654
984630
984493
984443
984161
984124
984081
983946
983914
983909
983767
983668
983142
983124
983104
983097
983020
982940
982938
982924
982791
982746
982451
982410
982402
982315
982240
981933
981890
981843
981725
981700
981516
981492
981469
981345
981159
981065
980707
980616
980575
980344
980171
980132
980054
979950
979904
979635
979529
979520
979314
979245
979204
979059
979024
979005
978899
978812
978763
978747
978709
978428
978369
978250
978237
978196
978039
977923
977898
977666
977589
977499
977490
977216
977122
977061
976955
976911
976905
976845
976815
976770
976732
976712
976656
976522
976143
976020
975847
975729
975710
975580
975299
975240
975219
975133
975093
975031
975029
975016
974953
974697
974590
974377
974283
974039
974017
974014
973926
973895
973857
973806
973772
973252
973118
973035
972907
972704
972300
972276
972239
972145
971973
971632
971627
971584
971498
971493
971437
971284
971257
971219
970852
970759
970711
970642
970640
970403
970356
970260
970160
970130
969940
969871
969710
969678
969616
969315
969289
969247
969202
969154
968917
968894
968880
968788
968690
968483
968261
968250
968209
968135
967993
967914
967848
967772
967764
967731
967693
967587
967525
967044
966955
966937
966817
966805
966715
966704
966527
966396
966113
966018
966006
965993
965721
965705
965624
965565
965551
965381
965260
965246
964766
964561
964531
964386
964231
964029
963934
963795
963765
963626
963575
963123
963075
963016
962971
962915
962894
962726
962581
962547
962514
962374
962328
962310
962300
962287
962162
962133
961921
961886
961884
961761
961743
961575
961503
961333
961304
961198
961096
960959
960826
960632
960577
960558
960497
960274
960189
960118
960051
959770
959730
959702
959634
959570
959521
959311
959136
959062
959041
958987
958811
958779
958752
958708
958650
958618
958607
958520
958469
958458
958098
958050
958026
957917
957821
957483
957141
956994
956968
956596
956589
956474
956025
955793
955375
955326
955141
955057
954921
954813
954771
954698
954688
954685
954492
954349
954322
954298
954118
954031
954026
954012
954010
953928
953796
953644
953612
953488
953435
953433
953278
953210
953010
952594
952527
952447
952383
952368
952292
952260
952246
951997
951919
951831
951808
951778
951609
951488
951484
951440
951293
951217
950942
950920
950882
950801
950715
950707
950671
950629
950599
950525
950403
950322
950234
950179
950149
949948
949937
949695
949423
949206
949053
948817
948809
948528
948407
948353
948131
948094
948081
948077
948026
947982
947974
947745
947745
947730
947609
947575
947530
947523
947449
947440
947419
947286
947240
947190
947147
947134
947104
947096
947073
946972
946876
946848
946842
946813
946796
946445
946357
946182
945955
945922
945897
945864
945547
945414
945348
945337
945253
945138
945092
944974
944929
944920
944675
944659
944649
944566
944541
944485
944253
944231
944032
944030
943933
943894
943847
943712
943684
943557
943547
943372
943352
943189
943122
942989
942344
942301
942287
942020
941787
941556
941426
940981
940888
940763
940517
940495
940478
940455
940384
940262
940260
940232
940111
940013
940001
939992
939798
939624
938951
938871
938679
938617
938608
938544
938529
938457
938318
938212
938209
937948
937927
937824
937782
937727
937691
937670
937660
937646
937630
937473
937418
937289
937093
936930
936907
936829
936759
936596
936545
936428
936420
936337
936193
936060
936033
936032
936011
935866
935856
935839
935794
935687
935647
935639
935621
935481
935454
935374
934990
934953
934929
934904
934857
934828
934809
934808
934796
934789
934530
934373
934368
934354
934233
934171
934099
933719
933673
933565
933420
933091
933078
933000
932968
932940
932868
932867
932857
932761
932698
932549
932528
932416
932405
932391
932297
932251
932094
932014
931914
931851
931832
931695
931603
931535
931519
931348
931216
931100
931081
931050
930752
930696
930652
930503
930499
930487
930437
930394
930385
930326
930241
930104
929923
929853
929828
929722
929660
929567
929525
929472
929162
929150
929144
928703
928636
928606
928464
928376
928357
928344
928307
928251
928220
928026
928018
927769
927699
927639
927375
927281
927232
927198
927010
926907
926611
926576
926566
926349
926067
925876
925856
925829
925716
925711
925638
925584
925555
925514
925339
925279
925258
925247
925245
925205
925090
925018
924986
924955
924918
924749
924714
924642
924606
924525
924434
924412
924326
924259
924191
924138
924118
924076
923947
923937
923857
923840
923803
923723
923698
923616
923498
923270
923209
923181
923073
922671
922664
922415
922017
921977
921808
921716
921681
921526
921510
921496
921477
921463
921421
921286
921242
921206
920911
920556
920422
920373
920303
920249
920248
920189
920149
919922
919735
919687
919621
919609
919574
919506
919317
919085
919075
918740
918716
918629
918620
918471
918311
918287
918223
918095
918013
917916
917837
917794
917775
917361
917205
916988
916715
916670
916669
916592
916546
916527
916448
916368
916278
916176
915937
915715
915685
915154
915029
915004
914939
914682
914646
914540
914526
914484
914405
914396
914363
913917
913820
913764
913747
913659
913414
913351
913256
913101
912765
912746
912649
912622
912526
912475
912323
912299
911998
911726
911679
911675
911625
911615
911612
911531
911389
911290
911217
910931
910778
910748
910651
910637
910617
910303
910256
910231
910098
909973
909874
909835
909732
909673
909511
909506
909365
909240
909227
909130
908994
908828
908729
908669
908589
908312
908263
908204
908094
908059
907957
907938
907844
907713
907430
907423
907354
907333
907204
907149
907022
906856
906580
906386
906378
906366
906173
906070
905931
905865
905732
905244
905226
905180
905172
905113
904920
904673
904581
904383
904330
904310
904094
903979
903949
903943
903891
903778
903770
903761
903759
903572
903562
903466
903344
903302
903254
903058
902986
902944
902932
902867
902760
902658
902654
902533
902515
902498
902319
902254
902222
902179
902080
902050
902037
901835
901811
901794
901250
901004
900956
900899
900716
900693
900668
900327
900299
900296
900216
900125
899916
899869
899723
899634
899372
899224
899034
898940
898932
898788
898780
898732
898594
898563
898469
898396
898327
898293
898265
898159
898067
897963
897947
897921
897837
897742
897650
897645
897415
897257
897214
897027
896874
896840
896839
896738
896267
896228
896203
896196
896187
895935
895906
895487
895454
895039
894881
894796
894760
894114
894085
893807
893793
893675
893345
892947
892757
892645
892634
892363
892240
892230
892174
892150
892149
892052
891958
891798
891580
891579
891156
891075
891000
890781
890533
890505
890472
890374
890308
890297
890043
890024
889882
889783
889534
889411
889345
889327
889311
889263
889262
889145
888959
888945
888923
888597
888554
888380
888271
888195
888099
887917
887879
887571
887534
887448
887258
887076
886998
886791
886636
886579
886410
886241
886081
885960
885948
885822
885780
885724
885595
885562
885501
885498
885411
885300
885262
885127
885117
884979
884971
884872
884836
884615
884498
884430
884430
884156
883934
883889
883755
883753
883583
883559
883374
883349
883151
883143
883055
882954
882936
882884
882822
882815
882706
882423
882401
882062
882049
881886
881831
881775
881766
881745
881633
881510
881061
881052
881048
881010
880991
880859
880840
880802
880795
880639
880604
880522
880510
880452
880220
880190
880156
880036
879842
879763
879650
879564
879547
879523
879374
879368
879087
879043
878996
878532
878458
878044
877784
877755
877681
877666
877554
877402
877336
877217
877092
877041
877016
876952
876939
876756
876754
876733
876664
876488
876356
876143
876095
876070
875915
875850
875721
875564
875486
875434
875307
875229
875139
875136
874950
874803
874575
874528
874485
874473
874411
874273
874118
873869
873825
873795
873673
873471
873409
873377
873272
873228
873225
873224
872855
872651
872616
872604
872518
872514
872497
872405
872305
872280
872278
872050
872019
871992
871960
871787
871706
871517
871314
871140
871102
870968
870932
870923
870846
870771
870670
870628
870500
870315
870223
870175
870033
869908
869885
869851
869634
869616
869567
869548
869529
869523
869319
869302
869199
869177
869165
868979
868574
868464
868283
868263
868242
868184
868149
868136
868126
868041
868028
868000
867980
867945
867876
867660
867283
867216
867203
867161
867160
867070
867028
866941
866866
866758
866704
866456
866432
866319
866221
866102
866082
866046
865894
865822
865736
865673
865322
865100
865097
865079
864957
864941
864868
864665
864507
864417
864402
864252
863921
863811
863696
863601
863376
863344
863321
863316
863212
863104
863096
863060
863054
863001
862881
862716
862675
862591
862326
862157
862094
862058
861427
861320
861077
860966
860885
860828
860684
860599
860385
860357
860311
859936
859903
859831
859761
859695
859525
859402
859254
859019
858978
858860
858671
858583
858514
858494
858329
858320
858306
858294
858235
858210
858101
858101
858028
857885
857811
857701
857633
857582
857421
857379
857315
857253
856948
856948
856921
856886
856773
856760
856751
856546
856436
856175
856026
855790
855600
855564
855331
855258
855210
855141
855117
855044
855033
854604
854496
854431
854360
854325
854310
854284
854151
854043
853983
853734
853485
853465
853287
853268
853085
853025
852844
852791
852773
852701
852684
852632
852601
852364
852328
852196
852149
852011
851984
851891
851890
851755
851682
851609
851370
851335
851292
851268
851186
851168
851149
851118
851116
850920
850849
850797
850642
850629
850573
850476
850263
850226
850224
849704
849699
849537
849417
848981
848899
848747
848723
848685
848673
848666
848627
848571
848519
848501
848465
848287
848240
847967
847874
847570
847378
847344
847291
847265
846998
846654
846389
846377
846325
846297
846233
846228
846176
846144
846064
845771
845617
845563
845373
845299
845030
844847
844700
844608
844587
844537
844376
844316
844284
844238
844144
844062
844055
844032
843817
843742
843718
843573
843499
843426
843102
842966
842739
842639
842159
842115
842099
841986
841963
841941
841863
841825
841731
841557
841469
841335
841208
841177
840791
840775
840724
840323
840208
840026
839996
839940
839932
839762
839571
839555
839517
839476
839465
839456
839327
839254
839245
839051
838874
838853
838717
838678
838606
838557
838511
838474
838442
838408
838306
838255
838237
838209
838196
838137
838018
837940
837720
837692
837649
837605
837473
837463
837395
837084
836943
836869
836684
836661
836550
836505
836387
836344
836275
836194
836182
836049
835870
835707
835561
835411
835350
835227
835201
835200
835186
835121
835092
834940
834827
834797
834731
834730
834730
834722
834692
834618
834227
834120
834092
834054
833886
833681
833667
833662
833564
833526
833068
833007
832613
832286
832159
831991
831918
831878
831876
831875
831819
831810
831727
831670
831616
831454
831331
831315
831280
831236
831226
831183
831130
831116
830830
830829
830745
830701
830677
830589
830569
830292
830145
830063
830014
829795
829703
829694
829535
829406
829188
829183
829181
829142
828926
828881
828696
828570
828286
827846
827771
827750
827695
827608
827598
827562
827496
827479
827397
827236
827191
827119
827032
826985
826951
826767
826731
826611
826610
826478
826185
826136
826041
825937
825935
825676
825639
825636
825542
825494
825482
825460
825235
825143
824851
824818
824677
824632
824520
824516
824429
824357
824161
824150
824117
824106
823865
823853
823633
823496
823387
823265
823248
822895
822763
822747
822705
822670
822516
822417
822382
822366
822243
822236
822155
822142
822007
821900
821882
821855
821831
821801
821752
821674
821606
821579
821479
821272
821246
820670
820668
820481
820166
820143
820123
820086
819963
819855
819549
819495
819477
819444
819437
819361
819324
819291
818772
818770
818664
818656
818655
818643
818595
818441
818438
818436
818418
818318
818280
818157
817984
817957
817810
817698
817578
817496
817345
817327
817200
817189
817009
816988
816959
816935
816365
816336
816316
816315
816255
816211
816076
815768
815559
815495
815434
815430
815406
815317
815163
815014
814996
814959
814939
814922
814896
814768
814750
814658
814632
814565
814564
814552
814350
814342
814328
814257
814246
814123
813976
813959
813959
813922
813644
813464
813461
813252
813224
813185
812971
812935
812878
812753
812741
812668
812529
812499
812488
812451
812390
812323
812202
812200
812136
812055
812045
812024
812022
811974
811891
811656
811619
811583
811216
811097
811021
810909
810856
810813
810812
810739
810372
810302
810277
810276
809992
809906
809877
809820
809766
809546
809520
808928
808525
808363
808301
808261
808056
808046
807793
807779
807740
807486
807455
807423
806823
806433
806047
806004
805988
805981
805905
805743
805582
805382
805259
805126
804958
804820
804525
804435
803983
803826
803631
803611
803387
803150
803066
803019
803002
802976
802842
802795
802704
802667
802643
802629
802487
802241
802216
802215
802170
802160
802063
802046
801940
801826
801499
801487
801472
801455
801443
801362
801330
801284
801228
801215
801207
801202
800713
800684
800672
800652
800492
799997
799989
799874
799648
799626
799602
799445
799203
799024
799003
798871
798850
798767
798701
798597
798595
798527
798387
798377
797862
797830
797806
797724
797705
797626
797550
797370
797202
797133
797079
796769
796745
796711
796611
796586
796554
796439
796411
796306
796180
796063
796003
795979
795952
795879
795849
795832
795732
795721
795699
795524
795404
795379
795361
795155
795082
794954
794799
794769
794743
794736
794718
794643
794589
794549
794265
793863
793683
793456
793344
793286
793242
793240
793154
793075
793046
792958
792915
792855
792760
792693
792612
792590
792467
792290
792254
791837
791716
791678
791641
791615
791491
791417
791415
791344
791284
790985
790898
790823
790747
790674
790552
790473
790448
790356
790102
790062
789878
789876
789843
789704
789693
789600
789574
789538
789423
789197
789182
789149
788991
788850
788536
788507
788126
788116
788107
788103
787962
787814
787749
787720
787695
787341
787047
786928
786888
786775
786614
786590
786519
786359
786253
786234
785978
785961
785848
785785
785751
785717
785528
785469
784986
784723
784636
784146
784145
784082
783995
783280
783006
782997
782953
782945
782885
782819
782671
782634
782597
782594
782487
782454
782421
782370
782345
782242
782130
781981
781967
781897
781734
781440
781357
780899
780863
780735
780624
780435
780432
780364
780331
780329
780252
779790
779676
779559
779545
779426
779291
779137
779039
779031
778802
778798
778792
778774
778728
778722
778683
778606
778476
778351
778187
778015
777992
777992
777756
777753
777432
777424
777381
777367
777335
777192
777055
776927
776807
776787
776783
776684
776671
776587
776366
776318
776224
776186
776050
775678
775628
775533
775360
775307
775134
775039
774902
774856
774804
774798
774776
774710
774644
774608
774523
774454
774438
774287
774177
774153
773945
773687
773623
773485
773370
773198
773191
773050
773048
772886
772857
772691
772590
772567
772516
772439
772371
772370
772260
772235
772131
772130
772081
772054
771914
771823
771819
771780
771653
771645
771608
771607
771207
771195
771058
770814
770809
770727
770696
770507
770362
770323
770301
770251
770245
770212
770009
769998
769625
769365
769329
769273
769256
769118
769105
768975
768840
768826
768728
768457
768308
768283
767966
767831
767759
767747
767610
767538
767481
767407
767321
767312
767297
766862
766777
766756
766694
766656
766640
766579
766436
766421
766411
766386
766376
766303
766020
766020
765906
765872
765848
765777
765699
765643
765607
765463
765400
765295
765224
765162
765138
765135
765107
765065
764835
764749
764720
764598
764513
764405
764235
764109
764054
763671
763408
763376
762990
762929
762894
762774
762551
762491
762479
762433
762409
762337
762240
762198
762137
762033
762004
761984
761955
761725
761711
761528
761519
761503
761420
761005
760996
760712
760696
760491
760444
760427
760288
760281
760274
759696
759543
759502
759289
759048
758946
758895
758830
758699
758427
758204
758164
758043
757879
757836
757632
757541
757540
757532
757497
757458
757295
757184
757071
757059
756796
756758
756619
756613
756564
756555
756318
756235
756127
756113
756058
755966
755904
755879
755787
755692
755536
755453
755420
755248
755144
755078
755005
754938
754921
754820
754770
754767
754763
754714
754612
754543
754455
754344
754342
754166
754158
754076
754055
753850
753819
753759
753748
753605
753603
753585
753581
753542
753528
753316
753125
753071
752999
752941
752851
752724
752590
752558
752374
752225
752195
752064
752047
752013
751809
751532
751452
751444
751392
751343
751315
751132
751119
750766
750684
750470
750349
750194
749868
749616
749515
749501
749419
749340
749188
749173
749140
749072
749062
749052
749042
749027
748799
748798
748717
748703
748259
748247
748225
748204
748039
748027
748024
747992
747981
747921
747781
747776
747619
747530
747499
747472
747145
747113
746697
746565
746561
746515
746487
746477
746457
746433
746131
746124
746000
745871
745751
745511
745464
745394
745298
745262
745232
745202
745177
745131
745108
744934
744871
744812
744802
744693
744680
744548
744417
744365
744326
744131
744086
744011
743855
743839
743602
743596
743562
743486
743425
743210
743142
743114
743109
743076
742995
742985
742910
742839
742578
742547
742520
742452
742333
742282
742038
741917
741526
741337
741171
741025
740920
740918
740807
740782
740748
740650
740384
740365
740360
740281
740251
740245
740202
739868
739545
739520
738995
738941
738856
738817
738739
738614
738200
738168
737907
737780
737719
737674
737572
737484
737469
736989
736875
736829
736826
736761
736747
736471
736429
736295
736177
735985
735850
735774
735752
735641
735576
735267
735247
735030
734922
734890
734731
734611
734580
734535
734453
734437
734320
734319
734213
733745
733698
733664
733312
733133
732755
732679
732616
732604
732506
732097
731883
731877
731741
731482
731398
731279
731173
730960
730709
730547
730400
730302
730223
730185
730121
729792
729765
729757
729739
729718
729639
729552
729382
729348
729323
729253
729233
729053
728988
728832
728748
728683
728610
728486
728408
728371
728369
728306
728151
728088
728004
727906
727834
727664
727579
727552
727326
727078
727029
726963
726925
726899
726780
726605
726512
726316
726266
726209
726126
726098
726044
725743
725623
725176
725034
725025
725004
724976
724945
724878
724858
724753
724701
724661
724553
724482
724405
724115
723941
723795
723611
723501
723258
723256
723086
723030
722974
722963
722795
722767
722760
722738
722680
722671
722627
722474
722407
722371
722209
722195
722129
722022
721898
721665
721511
721423
721152
721138
721099
721094
721066
720977
720872
720853
720826
720823
720812
720810
720791
720674
720594
720554
720544
720448
720429
720241
720236
720140
720067
720036
719843
719808
719795
719768
719729
719531
719490
719452
719352
719132
719016
718896
718882
718761
718744
718712
718689
718654
718601
718599
718386
718224
718160
718154
718050
717958
717827
717701
717600
717597
717503
717105
716846
716784
716664
716610
716544
716460
716460
716241
716230
716214
716186
716109
715967
715918
715886
715848
715828
715732
715703
715680
715589
715455
715448
715370
715361
715278
715234
715002
714823
714627
714513
714381
714219
714198
714163
714153
714031
713965
713909
713636
713437
713084
713074
713069
713060
713034
712835
712810
712662
712585
712456
712374
712303
712292
712206
712038
711919
711902
711898
711895
711826
711794
711755
711713
711295
711239
711150
711135
710499
710423
710395
710228
710121
710106
710010
709976
709913
709845
709774
709392
709314
709279
709267
709217
709057
708797
708366
708350
708343
708243
708054
708014
707912
707854
707513
707510
707288
707235
707081
706999
706944
706896
706476
706463
706292
706197
705863
705737
705672
705644
705616
705567
705534
705371
705238
705215
705123
705080
704995
704911
704818
704784
704771
704764
704717
704653
704479
704348
704134
704061
703751
703694
703649
703553
703326
703221
702987
702910
702905
702844
702819
702764
702742
702511
702505
702256
701942
701826
701564
701518
701484
701330
701328
700969
700874
700817
700803
700537
700153
700075
700057
700030
699843
699809
699731
699666
699653
699525
699479
699426
699414
699283
699142
699098
699074
698931
698902
698806
698800
698776
698751
698567
698541
698326
698299
698273
698263
698220
697968
697953
697892
697283
697226
697190
697167
697164
697145
697092
696966
696919
696905
696842
696826
696772
696583
696419
696260
695979
695903
695865
695805
695564
695506
695495
695331
695283
695164
694959
694880
694775
694576
694512
694456
694342
694017
693745
693636
693610
693524
693146
693001
692730
692671
692661
692575
692492
692432
692423
692248
692208
692186
692117
692095
692038
691903
691855
691790
691752
691739
691618
691584
691541
691524
691484
691434
691403
691354
691288
691261
691191
691174
691145
691101
691036
690979
690966
690838
690825
690819
690801
690767
690584
690399
690126
690049
690038
689972
689892
689873
689736
689663
689545
689523
689466
689390
689343
688924
688913
688891
688810
688693
688669
688611
688467
688323
688131
688041
687968
687892
687779
687778
687733
687701
687693
687466
687350
687248
687147
687123
686920
686837
686810
686801
686729
686329
686268
686242
686156
686001
685943
685941
685895
685834
685802
685772
685640
685603
685581
685572
685499
685419
685418
685077
684980
684748
684621
684613
684592
684397
684313
684257
684238
684126
683496
683488
683475
683472
683432
683381
683356
683196
683075
683022
682947
682678
682668
682624
682435
682400
682112
681988
681897
681814
681690
681618
681574
681534
681240
681161
680780
680711
680691
680654
680494
680344
680290
680168
680086
679997
679911
679836
679707
679628
679610
679511
679312
679173
679019
678997
678990
678892
678773
678719
678683
678446
678319
678223
678174
678054
678025
677820
677766
677583
677437
677413
677344
677242
677069
677030
676997
676886
676662
676595
676572
676364
676238
676109
676046
676007
675961
675841
675743
675499
675482
675462
675448
675430
675347
674895
674889
674777
674676
674650
674608
674486
674352
674326
674160
673986
673882
673827
673818
673751
673745
673655
673641
673570
673431
673279
673042
673020
672882
672703
672583
672550
672547
672502
672447
672382
672280
672271
672247
672142
672107
672088
672056
672029
671913
671866
671728
671280
671250
671231
671128
671096
671022
670919
670914
670754
670741
670717
670556
670377
670238
670209
670188
670038
669957
669918
669834
669321
669208
669159
669063
668397
668181
668138
668117
668066
667951
667911
667870
667736
667677
667397
667098
666812
666673
666587
666347
666129
666096
665960
665794
665750
665606
665514
665474
665449
665371
665335
665256
665125
665020
664904
664863
664749
664568
664400
664292
664159
664108
664094
663940
663887
663850
663695
663482
663395
663248
663228
663202
662932
662750
662735
662674
662650
662574
662457
662453
662255
662167
662057
662013
661977
661922
661920
661833
661831
661793
661617
661605
661538
661507
661492
661477
661279
661180
660927
660807
660693
660383
660310
660240
660231
660087
660040
660010
659950
659938
659928
659610
659564
659508
659492
659456
659448
659353
659310
659208
659184
659110
658789
658782
658754
658614
658439
658400
658282
658271
658206
658131
658040
657575
657564
657383
657310
657292
657254
657170
657130
657105
657090
656979
656967
656960
656929
656795
656660
656376
656201
656193
656189
656085
656039
655835
655661
655518
655433
655302
655182
654526
654492
654464
654417
654301
654281
654253
654190
654172
654034
653920
653817
653769
653716
653711
653627
653621
653393
653065
652977
652791
652682
652508
652460
652210
652117
652080
651539
651450
651312
651309
651230
651033
651011
650929
650716
650594
650583
650544
650532
650480
650147
650137
650129
650108
649704
649693
649635
649587
649306
649145
649087
648865
648824
648786
648651
648500
648270
648212
648165
648057
648049
648017
647943
647900
647714
647684
647659
647607
647434
647378
647334
647323
647258
646874
646835
646833
646792
646747
646600
646581
646575
646325
646263
646113
646024
646013
645881
645874
645745
645711
645631
645576
645487
645367
645349
645309
645256
645202
645150
645040
644918
644817
644772
644715
644679
644581
644547
644546
644541
644307
643982
643932
643703
643663
643589
643559
643399
643396
643376
643342
643268
643243
643223
643128
643110
643057
643052
643000
642998
642986
642985
642864
642780
642387
642359
642229
642182
642098
641974
641899
641879
641848
641668
641620
641361
641340
641287
641211
640962
640956
640808
640771
640678
640571
640452
640291
640038
639935
639886
639886
639794
639721
639703
639555
639452
639332
639271
639259
639225
639015
638867
638649
638582
638578
638473
638412
638338
638330
638192
637958
637663
637655
637649
637569
637559
637541
637312
637232
637220
637182
637076
636821
636684
636580
636556
636547
636170
636165
636086
636028
635993
635975
635879
635841
635775
635760
635587
635564
635542
635423
635375
635319
635102
635040
635024
634971
634869
634845
634766
634699
634391
634345
634333
634271
634213
634210
634074
633782
633549
633539
633200
633067
632974
632912
632480
632438
632424
632334
632270
632238
632172
632032
631860
631757
631718
631482
631163
631139
630936
630898
630510
630406
630084
630054
630030
629970
629928
629761
629670
629473
628988
628722
628688
628654
628532
628475
628464
628207
628199
628167
628098
628055
628046
627991
627942
627715
627638
627560
627352
627315
627276
626927
626779
626701
626539
626537
626450
626398
626282
626220
626111
626042
626026
625995
625771
625672
625661
625336
625252
625121
625113
625004
624918
624910
624818
624630
624628
624573
624566
624319
624314
624274
624236
623947
623876
623644
623572
623494
623468
623417
623271
623225
623014
622749
622491
622278
622227
622200
622119
622014
622005
621713
621655
621536
621511
621461
621313
621263
621170
621137
621113
621089
620773
620687
620316
620297
620294
620209
620151
620011
619941
619869
619836
619794
619741
619492
619378
619320
619298
619273
619241
619197
619108
619018
619003
618820
618546
618371
618350
618248
617988
617630
617627
617287
616999
616990
616897
616838
616830
616738
616644
616629
616607
616573
616423
616154
616112
616045
616025
616015
615831
615692
615579
615555
615379
615344
615284
615253
615108
615046
614942
614936
614867
614783
614636
614540
614445
614322
614191
614157
613981
613961
613687
613523
613461
613437
613374
613346
613233
613079
612952
612911
612690
612639
612566
612545
612537
612483
612240
612238
612203
612075
611948
611801
611788
611788
611652
611526
611246
611222
611205
611160
611065
610880
610736
610450
610379
610352
610127
609796
609634
609602
609457
609355
609337
609282
609221
609156
608832
608688
608633
608405
608355
608342
608149
608066
607886
607590
607563
607538
607486
607374
607358
607044
607003
607002
606631
606556
606438
606429
606381
606176
606170
605792
605711
605599
605509
605481
605350
605284
605283
605098
605095
605090
605086
604859
604557
604516
604253
604206
604197
604183
604076
604019
603935
603862
603823
603626
603550
603459
603444
603365
603279
602894
602840
602625
602525
602441
602203
602192
602048
602007
601895
601779
601777
601707
601642
601529
601507
601107
601097
601026
600777
600765
600525
600307
600275
600220
600179
599745
599698
599583
599491
599303
599159
599128
599064
599064
598798
598704
598673
598624
598422
598302
598237
598029
597961
597921
597755
597703
597664
597308
597238
597222
597178
597168
597066
596980
596980
596967
596850
596810
596723
596255
596091
596043
596038
595865
595620
595577
595361
595273
594961
594939
594910
594809
594500
594388
593867
593594
593542
593530
593426
593399
593380
593232
592991
592788
592771
592677
592535
592450
592275
592072
591868
591655
591588
591524
591511
591392
591368
591215
591065
591014
590955
590739
590717
590703
590620
590406
590310
590218
589957
589950
589859
589848
589619
589536
589524
589473
589444
589428
589357
589167
589162
589076
589075
588744
588652
588388
588386
588301
588271
588205
588176
588132
587831
587783
587774
587699
587426
587411
587040
586845
586685
586654
586637
586606
586558
586553
586518
586494
586484
586420
586372
586209
586206
586204
586197
586163
586068
585998
585915
585779
585503
585455
585435
585322
585315
585149
584983
584604
584560
584505
584460
584322
584258
584218
584208
584119
583983
583900
583798
583548
583487
583383
583320
583280
582953
582904
582811
582532
582459
582415
582356
582202
582200
582078
582010
581852
581794
581749
581639
581597
581593
581378
581367
581348
581303
581167
581113
581056
580800
580681
580494
580361
580302
579941
579902
579823
579806
579806
579611
579599
579556
579520
579442
579414
579213
579090
578960
578926
578757
578587
578569
578423
578306
578033
578004
577912
577853
577518
577006
576892
576802
576737
576728
576647
576587
576527
576215
576132
575869
575636
575635
575569
575430
575240
575199
575171
575000
574963
574772
574531
574430
574398
574360
574310
574171
573853
573626
573506
573444
573291
573197
573182
573134
573110
573056
573044
572899
572806
572695
572478
572445
572244
572109
571938
571934
571907
571575
571551
571498
571383
571328
571218
570923
570912
570769
570506
570484
570454
570329
570273
570218
570207
570102
569905
569899
569683
569504
569340
569165
569126
569106
568963
568747
568713
568685
568344
568288
568277
568252
568070
567841
567794
567694
567642
567625
567579
567299
567234
566958
566903
566778
566759
566694
566627
566625
566597
566441
566228
566180
566174
566081
565988
565810
565405
565138
565093
565042
564994
564922
564826
564280
564160
564101
564062
563845
563829
563786
563715
563688
563651
563524
563486
563348
563145
563128
562851
562724
562716
562675
562617
562605
562581
562557
562524
562459
562098
561932
561855
561835
561700
561571
561540
561409
561385
561328
561203
561045
560953
560742
560700
560691
560676
560613
560582
560548
560493
560412
560408
560370
560335
560268
560175
559912
559837
559630
559340
559262
559207
559105
559018
559011
558835
558812
558715
558588
558400
558369
558364
558339
558217
558203
558200
557794
557784
557688
557577
557566
557555
557478
557292
557252
557241
557203
556837
556694
556647
556505
556488
556473
556375
556125
556056
555971
555767
555597
555487
555457
555454
555073
554889
554856
554656
554629
554565
554558
554518
554370
554325
554291
554284
554006
553963
553907
553821
553652
553515
553500
553370
553349
553180
553176
553048
552937
552832
552546
552505
552201
552190
552187
552102
551964
551935
551879
551835
551573
551548
551544
551539
551356
551328
551231
551148
550843
550733
550646
550628
550359
550312
550252
549979
549957
549944
549523
549462
549443
549395
549368
549301
549258
549212
549106
549106
549010
548996
548767
548716
548625
548599
548506
548386
548269
548077
548031
547892
547795
547699
547640
547572
547564
547560
547555
547480
546809
546715
546660
546629
546620
546589
546408
546041
546031
545976
545951
545946
545852
545620
545593
545343
545203
545200
545132
545055
544941
544881
544811
544648
544235
544132
544128
544010
543920
543774
543408
543215
543034
542975
542893
542886
542817
542579
542497
542144
541880
541744
541717
541600
541599
541414
541381
541286
541185
541006
540965
540567
540432
540328
540132
540125
539905
539762
539725
539700
539656
539282
539188
539176
539078
539061
538806
538541
538210
537897
537803
537767
537645
537634
537614
537549
537540
537388
537385
537269
537251
536972
536913
536904
536873
536794
536790
536462
536254
536226
536181
536175
536027
535964
535660
535577
535305
535296
535280
535220
535155
535121
535055
535025
534895
534882
534866
534766
534765
534711
534640
534306
534279
534137
533944
533912
533874
533767
533735
533669
533581
533431
533236
533221
533043
532799
532739
532738
532656
532625
532447
532264
532246
532193
532081
532056
532007
531602
531422
531383
531321
531320
531190
531170
531150
531047
530656
530454
530419
530263
530120
529993
529836
529825
529751
529731
529678
529551
529440
529382
529349
529323
529285
529212
529124
528979
528844
528828
528728
528691
528688
528535
528172
528117
528116
528103
528000
527920
527623
527544
527515
527464
527408
527362
527351
527295
527288
527278
527270
527140
527120
527028
526903
526810
526696
526690
526524
526435
526232
526083
525944
525914
525841
525378
525358
525341
525289
525243
524827
524760
524756
524715
524675
524359
524293
524275
524270
523975
523965
523961
523855
523731
523525
523512
523258
523253
523186
522984
522970
522960
522747
522719
522625
522624
522580
522579
522321
522319
522202
522190
522083
521959
521928
521837
521794
521786
521620
521591
521351
521085
520926
520845
520827
520809
520636
520636
520627
520561
520545
520531
520373
520345
520147
519953
519892
519877
519845
519710
519695
519688
519687
519583
519582
519500
519453
519028
518854
518825
518817
518771
518758
518393
518346
518142
518121
518033
517913
517758
517709
517405
517385
517331
517296
517224
517193
517132
517122
517105
517005
516863
516811
516730
516581
516149
515890
515877
515684
515680
515672
515548
515435
515386
515277
515241
515225
515217
515185
515067
515041
514863
514803
514790
514601
514481
514452
514347
514111
514107
513938
513815
513807
513548
513509
513491
513280
513102
513080
513003
512951
512865
512819
512758
512733
512721
512682
511988
511965
511842
511770
511702
511700
511021
510933
510742
510642
510433
510219
510001
509865
509828
509547
509528
509452
509114
509101
509101
509082
508878
508859
508816
508670
508548
508528
508402
508388
508373
508299
508228
508167
508128
508123
508066
508051
507933
507931
507567
507496
507491
507448
507329
507328
507239
507212
507096
506944
506813
506808
506780
506669
506645
506602
506545
506153
506054
506047
506010
505987
505801
505739
505685
505547
505529
505422
505386
505233
505100
505096
505065
504856
504817
504779
504740
504650
504375
504243
504150
504095
504078
503878
503564
503543
503527
503490
503470
503279
503161
503098
503045
503035
502957
502943
502933
502879
502708
502651
502434
502401
502174
501973
501692
501499
501358
501185
501061
501042
501023
500925
500839
500675
500607
500578
500432
500406
500341
500204
500053
500049
499975
499943
499934
499708
499618
499518
499439
499375
499357
499352
499325
499204
499188
498984
498947
498899
498891
498835
498672
498602
498573
498380
498106
497931
497695
497600
497548
497354
497270
497211
497194
497042
496920
496897
496623
496343
496338
495999
495949
495928
495768
495719
495642
494994
494971
494926
494897
494482
494095
494055
493984
493980
493855
493821
493734
493467
493347
493168
493158
492836
492825
492708
492662
492556
492553
492498
492416
492318
492311
492228
492204
492193
492138
492097
492093
491715
491626
491497
491336
491302
491297
491123
491101
491070
490972
490941
490863
490842
490574
490428
490316
490247
490192
490169
489975
489809
489662
489220
489064
489040
488632
488511
488342
488252
488188
488122
488070
488066
488039
487872
487816
487676
487656
487651
487105
487082
487070
487068
487043
487019
486904
486858
486338
486254
486189
486182
486096
486059
485555
485435
485366
485277
485236
485227
485175
485014
484969
484950
484854
484821
484582
484549
484496
484354
484300
484261
484198
484166
484000
483927
483912
483906
483831
483600
483418
483366
483274
483144
482977
482789
482257
482144
481972
481811
481704
481570
481493
481428
481378
481294
481251
481222
480966
480966
480899
480761
480661
480407
480249
480248
480222
480218
480109
480059
479902
479779
479587
479555
479485
479472
479387
479330
479316
479292
479291
479083
478780
478749
478722
478682
478584
478437
478366
478307
478007
477802
477799
477735
477659
477654
477632
477623
477485
477459
477198
477108
477046
476806
476797
476795
476677
476510
476491
476449
476428
476365
476265
476018
475789
475735
475364
475338
475274
475255
475229
475169
474739
474610
474589
474389
474251
474240
474025
473858
473771
473660
473587
473547
473512
473489
473338
473245
473194
473065
472471
472464
472456
472240
472182
472176
472040
471960
471810
471786
471660
471615
471604
471541
471384
471229
471208
471184
471062
471062
471048
470888
470813
470775
470591
470300
470227
470214
470109
470082
470061
469952
469924
469880
469796
469766
469732
469588
469459
469411
469401
469246
469230
469135
469061
469020
468997
468893
468859
468688
468066
468002
467605
467504
467459
467416
467414
467253
467128
467088
466976
466967
466925
466915
466895
466818
466679
466633
466598
466541
466534
466478
466349
466327
466243
466235
466098
465786
465741
465698
465684
465587
465545
465436
465425
465418
465399
465347
465331
465302
465271
465058
464989
464964
464947
464702
464645
464540
464483
464343
464316
464215
464137
463924
463840
463790
463763
463758
463685
463649
463408
463371
463307
463234
463059
462839
462732
462533
462487
462431
462418
462412
462320
462272
462269
462251
462151
462051
461974
461938
461924
461842
461776
461772
461586
461538
461474
461342
461268
461171
461156
461130
460884
460879
460839
460640
460553
460433
460422
460420
460416
460378
460311
460254
460059
459967
459875
459853
459789
459749
459722
459674
459608
459091
458996
458751
458729
458702
458568
458296
458249
458224
458036
458031
457907
457871
457697
457369
456963
456632
456543
456505
456481
456474
456435
456366
456278
456174
456132
456095
456007
455978
455951
455946
455879
455866
455839
455620
455548
455504
455472
455433
455347
455272
455213
455205
455099
454986
454786
454784
454546
454360
454348
454318
454218
454171
454168
454002
453974
453807
453526
453503
453221
453099
453065
452927
452728
452645
452599
452595
452586
452575
452551
452544
452391
452260
452056
452044
451595
451537
451470
451378
451242
451223
451084
451002
450979
450950
450931
450726
450691
450605
450490
450471
450411
450406
450347
450328
450267
450224
450180
450064
449980
449942
449869
449787
449722
449514
449452
449350
449299
449235
449179
449101
449065
448935
448867
448850
448837
448834
448753
448527
448390
448390
448086
448044
447966
447873
447809
447798
447789
447745
447603
447570
447558
447433
447415
447044
446901
446775
446688
446662
446547
446339
446327
446170
446164
446160
446086
445961
445904
445846
445613
445417
445413
445412
445360
445271
445249
445140
445075
445060
445050
444947
444832
444814
444787
444763
444448
444385
444378
444355
444308
444305
444252
444210
444170
444165
444105
444056
443816
443805
443776
443426
443378
443330
443296
443163
443121
442986
442941
442931
442537
442427
442376
442331
441929
441776
441750
441695
441677
441624
441590
441445
441427
441297
441237
441207
441050
441016
440960
440765
440754
440723
440714
440452
440404
440245
440063
440049
439858
439620
439610
439564
439449
439396
439301
439249
439161
439130
439040
438986
438984
438979
438906
438731
438356
438252
438214
438199
438184
438124
438105
438086
438050
437902
437837
437727
437709
437562
437487
437440
437403
437312
437192
437094
437081
436863
436842
436729
436473
436404
435665
435642
435489
435460
435410
435190
435016
435008
434895
434867
434858
434804
434738
434585
434450
434409
434217
434216
434196
434136
433941
433922
433319
433307
433263
433243
433220
433057
432971
432759
432691
432563
432516
432452
432367
432199
432102
431944
431911
431625
431364
430794
430771
430763
430311
430214
430211
430135
430123
429815
429661
429616
429444
429395
429308
429295
429270
429233
429163
429040
428923
428883
428757
428694
428644
428608
428557
428433
428402
428302
428274
428152
428106
428034
427733
427587
427524
427499
427486
427477
427417
427404
427233
426967
426951
426937
426881
426792
426736
426634
426613
426526
426507
426374
426095
426090
425937
425647
425573
425245
425226
425185
425004
424666
424561
424342
424264
424100
424046
424021
423895
423754
423589
423545
423509
423384
423299
422901
422635
422613
422485
422350
422318
422029
421999
421891
421884
421464
421372
421288
421282
420986
420805
420773
420727
420708
420691
420436
420299
420105
420084
419981
419800
419501
419491
419386
419349
419330
419324
419208
419124
419047
418949
418725
418710
418681
418596
418588
418486
418234
418024
418019
417852
417805
417801
417793
417700
417690
417688
417608
417545
417538
417433
417391
417292
417029
416858
416800
416762
416717
416393
416368
416216
416191
416187
416158
416112
416076
416070
415967
415587
415507
415419
415317
415301
415170
415121
415119
414836
414786
414777
414670
414614
414593
414485
414395
414394
414345
414263
414012
413914
413345
413328
413313
413248
413217
413160
413059
412874
412845
412839
412491
412233
412094
412056
411713
411660
411541
411430
411380
411094
410901
410888
410799
410772
410660
410633
410600
410584
410563
410523
410456
410398
410392
410366
410256
409976
409848
409834
409793
409791
409666
409595
409325
409194
409160
409158
409132
408925
408852
408640
408623
408617
408455
408402
408362
408336
408297
408284
408253
408248
408149
408120
408057
407938
407936
407792
407775
407700
407653
407536
407524
407505
407418
407266
407249
407102
407032
407019
407010
406796
406729
406618
406499
406330
406262
406047
405952
405923
405921
405881
405871
405827
405807
405774
405773
405748
405630
405517
405466
405270
405153
405109
405010
404997
404956
404786
404741
404477
404414
404379
404177
403907
403888
403877
403743
403629
403591
403575
403518
403218
403128
403087
403015
402973
402928
402912
402874
402775
402751
402570
402563
402559
402517
402334
402229
402099
402062
402052
402040
401883
401698
401655
401437
401404
401275
401199
401131
400964
400888
400840
400602
400550
400397
400210
400082
400007
399735
399375
399301
399290
399044
399032
398906
398883
398881
398848
398678
398498
398458
398411
398348
398194
398184
398133
398002
397995
397848
397655
397651
397579
397458
397378
397377
397131
397034
396633
396491
396368
396326
396325
396256
396253
396238
396205
396201
396186
396158
396146
396107
396029
395966
395541
395535
395425
395325
395242
395135
395134
395006
394978
394956
394461
394414
394187
394145
394060
393872
393796
393632
393548
393525
393410
393301
393095
392927
392724
392703
392477
392355
392098
391942
391769
391637
391577
391253
391133
391056
391037
390902
390706
390642
390637
390630
390485
390180
390157
389803
389763
389600
389309
389272
389211
389050
388990
388753
388741
388538
388534
388495
388481
388476
388471
388385
388301
388201
387994
387978
387767
387623
387528
387433
387262
387049
387028
386952
386927
386876
386780
386710
386604
386576
386406
386394
386330
386283
386188
385799
385687
385681
385525
385473
385417
385323
385068
385040
385008
384902
384882
384744
384725
384639
384591
384453
384359
384352
383989
383921
383915
383874
383840
383580
383576
383483
383478
383415
383391
383311
383151
383100
382891
382881
382878
382677
382598
382596
382088
381836
381558
381553
381165
381127
381057
381018
380749
380551
380432
380411
380318
380294
380247
380237
380210
380103
380067
380022
379947
379797
379767
379667
379392
379321
379299
379173
379010
378983
378876
378794
378728
378628
378392
378387
378370
378346
378261
378191
378132
378122
378104
377968
377919
377849
377818
377777
377672
377580
377548
377508
377396
377138
376953
376906
376873
376824
376804
376657
376623
376615
376573
376533
376474
376472
376333
376153
376138
375927
375887
375511
375508
374983
374941
374910
374708
374529
374327
374243
374017
373879
373813
373729
373672
373411
373310
373171
373057
373055
372949
372688
372636
372498
372459
372274
372158
372154
371982
371931
371736
371702
371625
371618
371385
371305
371288
370800
370544
370500
370360
370357
370345
370273
370107
370101
370100
369945
369792
369658
369391
369293
369175
369152
369151
368838
368828
368631
368569
368402
368375
368340
368229
367797
367777
367701
367337
367273
367223
367185
367180
367081
367023
366977
366799
366637
366547
366506
366400
366349
366223
366212
366177
366172
366140
365851
365619
365477
365472
365433
365372
365172
365000
364905
364682
364176
364029
364019
363968
363400
363360
363295
363246
363046
362989
362931
362883
362862
362795
362726
362719
362676
362532
362501
362464
362302
362172
362163
362112
362112
361530
361460
361106
361064
360961
360807
360628
360626
360497
360494
360286
359824
359706
359501
359470
359448
359294
359010
358853
358852
358825
358788
358615
358603
358523
358493
358151
358095
357947
357801
357750
357695
357678
357276
357189
357038
357014
356962
356937
356771
356742
356465
356396
356167
356128
355855
355826
355740
355725
355626
355570
355510
355288
355247
355196
355020
354766
354379
353961
353905
353731
353622
353492
353451
353411
353016
352832
352760
352743
352735
352723
352717
352713
352675
352584
352491
352342
352255
351995
351352
351249
351226
351192
351106
351100
350883
350866
350772
350726
350694
350464
350419
350392
350246
350221
350128
350008
350001
349966
349857
349595
349569
349548
349487
349471
349427
349330
349279
349187
349178
348943
348906
348747
348735
348615
348558
348551
348150
348025
347910
347864
347862
347532
347479
347429
347332
346850
346770
346394
346389
346384
346371
346315
346130
346085
346074
346051
345968
345894
345660
345452
345190
345037
344962
344729
344415
344353
344150
344103
343958
343944
343859
343816
343742
343714
343672
343597
343594
343588
343341
342742
342426
342416
342356
342189
342184
342119
342108
341940
341935
341680
341557
341555
341512
341359
341180
341178
341151
341137
340984
340975
340874
340422
340306
340240
340224
340084
339998
339813
339748
339398
339352
339217
339148
339073
338550
338462
338354
338343
338244
338197
338111
337921
337802
337787
337786
337733
337183
337029
336882
336710
336636
336609
336449
336277
336186
336006
335927
335900
335809
335798
335442
335431
335336
335141
335001
334987
334923
334734
334687
334574
334539
334418
334406
334247
334074
334074
334014
333995
333906
333892
333840
333757
333676
333223
333070
333057
332904
332817
332796
332698
332660
332644
332613
332547
332509
332493
332404
332209
332182
332128
332077
332026
331520
331408
331158
330818
330741
330461
330427
330355
330300
330297
330280
330232
330188
330076
329924
329912
329790
329771
329711
329645
329639
329410
328740
328726
328658
328581
328557
328328
328174
328092
327827
327797
327600
327540
327485
327392
327352
327343
327314
327265
327207
327141
326882
326868
326653
326507
326444
326346
326328
326325
326291
326271
326238
326202
326159
326125
326099
326086
326061
326010
325953
325920
325917
325852
325794
325746
325715
325714
325656
325613
325554
325478
325237
325062
325024
324935
324858
324666
324609
324548
324332
324305
324296
324226
324156
324039
324036
323686
323553
323458
323326
323238
323236
323126
323088
322823
322549
322415
322288
322275
322235
322176
322090
321929
321925
321799
321782
321743
321668
321649
321612
321516
321479
321478
321286
321235
321002
320964
320948
320657
320653
320526
320525
320425
320371
320211
320053
319973
319908
319595
319241
319221
319089
319019
318915
318812
318749
318715
318567
318552
318505
318167
318137
318056
318029
317919
317793
317780
317715
317660
317654
317637
317543
317498
317245
316902
316882
316605
316561
316479
316288
316243
316227
315916
315735
315668
315606
315592
315443
315198
315109
315029
314641
314578
314546
314507
314469
314358
314106
313716
313520
313325
313150
313139
312627
312436
312396
312394
312387
312381
312333
312265
312225
311993
311973
311891
311728
311702
311643
311620
311506
311160
311052
310835
310793
310735
310697
310591
310509
310451
310412
310187
310093
310069
310009
309886
309750
309677
309676
309592
309453
309326
309290
309286
309227
309200
309130
309073
309068
309023
308982
308915
308788
308620
308511
308488
308456
308373
308114
308083
307767
307552
307373
307304
307031
306988
306902
306742
306544
306522
306418
306400
306373
306184
306156
305719
305623
305584
305506
305467
305328
305204
305182
305073
305025
304614
304391
304313
304264
304259
304203
304153
304089
304032
303936
303443
303364
303283
303004
302747
302732
302663
302606
302592
302530
302465
302258
302208
302188
302102
301988
301787
301716
301695
301684
301606
301367
301366
301297
301252
301174
301164
301124
301075
300592
300551
300547
300486
300416
300401
300375
300317
300290
300232
300202
300096
300089
300065
300047
299973
299939
299883
299856
299693
299673
299583
299369
299295
299126
298922
298659
298594
298585
298485
298445
298410
298349
298240
298221
298219
298201
298159
298145
297939
297886
297828
297807
297774
297748
297706
297703
297623
297490
297458
297370
297317
297208
297147
297101
296990
296834
296759
296462
296437
296397
296239
296178
296109
296027
295905
295681
295672
295664
295636
295607
295536
295436
295423
295324
295199
295014
294982
294834
294715
294541
294446
294440
294384
294339
294237
294212
294057
293988
293975
293913
293492
293318
292902
292883
292837
292770
292667
292483
292438
292367
292352
292308
292207
291555
291401
291298
291265
291172
291170
291165
290926
290746
290400
290295
290182
290027
289948
289913
289640
289578
289518
289460
289203
289179
289175
288769
288625
288506
288491
288294
288293
288199
287729
287712
287709
287648
287635
287590
287576
287538
287390
287352
287240
287220
287151
286825
286743
286715
286656
286537
286476
285987
285897
285811
285724
285572
285472
285228
285208
284818
284637
284618
284292
284250
284044
283784
283708
283631
283620
283531
283414
283389
283274
283022
282948
282695
282602
282557
282552
282464
282450
282417
282378
282013
281976
281875
281777
281621
281470
281238
281234
281219
281203
280997
280922
280883
280878
280793
280616
280303
279757
279703
279653
279584
279568
279386
279340
279339
278996
278964
278952
278921
278918
278759
278706
278671
278646
278618
278507
278293
278292
278277
278197
277985
277934
277675
277478
277375
277306
276849
276848
276822
276788
276618
276469
276394
276390
276360
276261
276135
276096
276067
275885
275874
275754
275738
275675
275636
275440
275425
275309
275297
275264
275256
275198
275171
275083
275081
275059
275055
275051
274937
274923
274896
274816
274687
274328
274303
274183
274152
274121
274098
274057
273840
273805
273620
273609
273582
273570
273396
273265
273025
272880
272863
272792
272731
272587
272422
272372
272353
272194
272194
272181
272169
272038
271735
271677
271566
271363
271162
271124
271093
271033
270869
270653
270622
270334
270326
270253
270221
269984
269835
269826
269758
269727
269658
269122
269111
268946
268944
268929
268900
268898
268857
268677
268462
268390
268312
268281
268135
268108
268107
268010
267978
267899
267811
267810
267778
267622
267596
267562
267368
267243
267129
267041
266949
266910
266884
266577
266572
266553
266503
266497
266463
266257
266239
266150
266094
265982
265958
265939
265846
265606
265582
265576
265576
265523
265345
265334
265229
265045
264913
264496
264386
264301
264256
264181
264150
264095
264085
264042
263938
263858
263675
263628
263607
263139
263103
263061
263005
262953
262864
262785
262758
262725
262704
262669
262662
262657
262651
262639
262598
262564
262463
262421
262204
262100
261938
261640
261475
261457
261456
261394
261350
261260
261160
261044
260863
260818
260694
260603
260559
260492
260461
260357
260218
260196
260144
259731
259670
259569
259414
259237
258908
258734
258633
258452
258270
258173
258015
257964
257915
257768
257730
257680
257669
257645
257591
257360
257258
257205
257177
257143
257057
257043
256728
256638
256540
256475
256474
256443
256432
256373
256339
256331
256324
256279
256090
256089
256005
255940
255937
255806
255798
255762
255590
255582
255378
255252
255211
255180
254995
254962
254891
254685
254560
254538
254474
254461
254424
254413
254185
254182
254154
253899
253884
253833
253794
253635
253231
253214
253148
253132
253118
252903
252808
252776
252663
252570
252549
252405
252362
252300
252279
252056
251995
251805
251778
251619
251263
251196
251171
251165
251159
251010
250978
250964
250762
250729
250715
250640
250497
250437
250379
250181
250153
250004
249832
249766
249700
249696
249665
249613
249479
249456
249312
249228
249130
249085
249026
248907
248831
248754
248731
248655
248516
248490
248467
248443
248301
248111
248108
247938
247808
247575
247526
247445
247421
247166
247068
246980
246978
246911
246641
246468
246366
246344
246283
246259
246020
245921
245643
245547
245485
245289
245249
245212
245138
245098
244873
244811
244505
244269
244131
244033
244015
243895
243880
243675
243615
243608
243566
243514
243502
243440
243386
243305
243296
242963
242945
242779
242501
242427
242416
242286
242221
242182
241888
241745
241585
241541
241492
241439
241358
241334
240900
240766
240740
240653
240628
240615
240546
240507
240374
240195
240163
239963
239908
239835
239756
239750
239747
239738
239597
239541
239370
239351
239151
239099
239027
238970
238898
238735
238675
238646
238621
238379
238206
237793
237705
237601
237517
237496
237384
237335
237254
237174
237055
237013
236843
236564
236452
236318
236157
236064
236062
235952
235779
235740
235689
235652
235588
235443
235372
235367
235281
235241
235184
235154
235023
234883
234681
234594
234520
234489
234449
234363
234272
234207
233874
233706
233468
233201
233183
233177
233123
233069
232856
232839
232812
232746
232733
232638
232622
232480
232403
232301
232071
231936
231902
231856
231828
231805
231732
231443
231276
231204
230805
230763
230738
230647
230519
230445
230401
230340
230207
230153
230151
230103
230088
229839
229825
229783
229729
229663
229589
229474
229364
229325
229210
228596
228530
228220
228219
228183
228086
228050
227816
227816
227773
227521
227410
227289
227237
226960
226914
226879
226761
226402
226359
226312
226210
226070
225996
225961
225852
225837
225822
225793
225781
225516
225473
224840
224756
224686
224683
224592
224417
224208
224162
224151
224082
223694
223597
223393
223317
223266
222982
222918
222803
222776
222740
222687
222631
222531
222306
222267
222047
221918
221910
221744
221625
221328
221134
221078
220815
220740
220683
220640
220582
220300
220140
220054
220049
220015
219998
219918
219512
219510
219396
219327
219157
219016
218974
218849
218741
218658
218569
218512
218414
218411
218329
218289
218213
218174
218033
217992
217787
217719
217587
217564
217541
217359
216914
216757
216561
216409
216378
216338
216299
216113
216023
215933
215765
215718
215685
215638
215508
215360
215196
215140
215105
215030
214580
214154
214144
213963
213846
213779
213679
213609
213577
213576
213533
213477
213459
213447
213370
213201
213159
212952
212869
212707
212665
212457
212318
212244
212199
212018
211946
211888
211837
211678
211620
211508
211468
211461
211220
211189
210978
210835
210545
210518
210499
210469
210251
210095
209738
209295
209157
209118
208870
208810
208708
208571
208567
208414
208412
208320
208088
208013
207855
207839
207776
207723
207619
207587
207523
207271
207211
207121
207083
206898
206896
206746
206675
206574
206382
206377
206344
206116
206093
205964
205926
205874
205794
205491
205438
205251
205118
205070
204928
204921
204899
204881
204877
204749
204746
204728
204706
204654
204436
204239
204223
204219
204189
204100
204022
203753
203749
203729
203665
203650
203585
203468
203439
203401
203358
203300
203199
203004
203001
202897
202722
202583
202329
202303
202213
202211
202178
202107
202002
201963
201956
201878
201787
201735
201557
201546
201487
201441
201259
201236
201209
200948
200798
200730
200682
200680
200670
200627
200461
200144
200139
199983
199893
199743
199707
199683
199594
199485
199454
199253
199217
199150
199104
199098
198948
198945
198856
198720
198688
198379
198313
198143
198072
198047
197977
197888
197638
197538
197440
197406
197393
197302
197283
197170
197149
197143
197128
197010
196930
196924
196812
196794
196733
196714
196663
196624
196610
196592
196443
196437
196234
196159
196083
196051
196022
195850
195788
195708
195685
195638
195528
195510
195256
195181
195109
194899
194860
194726
194663
194653
194568
194482
194433
194391
194345
194119
194073
193969
193795
193511
193282
193248
193089
192710
192554
192520
192489
192362
192199
192179
192175
192034
192017
192002
191945
191841
191799
191778
191762
191650
191624
191461
191055
190988
190865
190839
190751
190700
190651
190520
190236
190118
190061
189883
189859
189702
189671
189663
189517
189414
189408
189280
189134
189052
189025
189005
188847
188840
188762
188603
188591
188559
188423
188407
188387
188384
188281
188281
188087
187836
187756
187516
187136
187114
187106
187065
186908
186667
186568
186471
186471
186316
186186
186062
185850
185773
185698
185661
185622
185604
185586
185552
185512
185455
185333
185287
185220
185057
184623
184588
184567
184327
184302
184296
184278
184166
184165
184065
183879
183592
183564
183516
183443
183345
183331
183324
183321
183053
182678
182547
182424
182406
182233
182190
182077
181943
181893
181881
181803
181784
181782
181708
181663
181585
181216
181092
181071
180862
180621
180610
180471
180033
180015
179949
179875
179866
179782
179771
179704
179687
179658
179645
179442
179367
179329
179316
179175
178961
178906
178802
178801
178644
178374
178322
178089
177812
177805
177698
177680
177634
177542
177448
177274
177181
177168
176970
176937
176879
176857
176851
176795
176729
176655
176542
176348
176335
176317
176217
176216
176178
176106
176086
175946
175914
175895
175824
175744
175743
175651
175559
175556
175499
175498
175466
175222
175184
175046
174972
174889
174724
174623
174534
174489
174484
174303
174011
173975
173614
173588
173132
173061
172934
172869
172489
172474
172415
172348
172241
172165
172132
172058
172005
171898
171876
171775
171749
171742
171535
171480
171357
171118
171087
171066
170947
170907
170904
170861
170798
170670
170659
170451
170211
170112
169989
169925
169912
169695
169556
169553
169427
169414
169090
168989
168892
168892
168831
168728
168482
168448
168420
168334
168267
168210
168139
168137
168039
167966
167956
167928
167912
167882
167814
167780
167747
167646
167619
167566
167557
167467
167411
167144
167026
166832
166616
166446
166377
166294
166227
165977
165933
165911
165844
165553
165438
165163
164780
164713
164610
164593
164563
164542
164034
164025
163976
163951
163839
163756
163554
163430
163249
163247
163191
163174
163080
163059
162890
162882
162842
162831
162632
162597
162260
162218
161840
161837
161629
161614
161331
161283
161026
160973
160422
160325
160202
159975
159887
159679
159646
159404
159262
159227
159206
159072
158799
158752
158554
158394
158321
158266
158179
158068
157902
157874
157769
157677
157592
157564
157467
157318
157313
157252
157206
157176
157117
157100
156887
156849
156731
156690
156617
156442
155974
155917
155903
155567
155526
155426
155390
155332
155240
155171
155121
155059
154806
154597
154553
154446
154446
154420
154301
154164
154151
154102
154092
154013
153999
153973
153946
153832
153791
153766
153714
153615
153552
153454
153446
153395
153345
153249
153196
153179
153017
152987
152771
152748
152716
152605
152557
152467
152335
152248
151970
151823
151759
151719
151673
151666
151548
151528
151513
151441
151379
151352
151183
151009
150911
150889
150649
150570
150537
150516
150436
150398
150366
150234
150097
150094
150085
149693
149685
149648
149465
149176
149155
149148
148941
148921
148905
148802
148783
148772
148677
148465
148324
148257
147401
147315
147282
147144
147004
146860
146747
146706
146705
146653
146559
146533
146344
146308
146082
146044
146029
146023
145979
145903
145827
145648
145616
145589
145442
145437
145329
145310
145260
145150
145134
145064
145049
144798
144727
144693
144547
144523
144334
144232
144197
144190
144073
143979
143778
143728
143721
143502
143400
143326
143183
143181
143155
143053
143001
142894
142860
142305
142239
142095
142008
141903
141794
141603
141535
141382
141340
141208
141124
140833
140770
140732
140718
140710
140552
140305
140129
140102
139617
139557
139534
139486
139433
139329
139285
139119
139072
139058
138904
138690
138660
138635
138602
138570
138570
138510
138471
138370
138156
138106
137925
137613
137391
137106
137045
136941
136862
136743
136603
136589
136396
136300
136213
136196
135966
135767
135750
135711
135477
135333
134956
134379
134229
134081
133879
133575
133440
133343
133324
133288
133261
133224
133162
133135
133127
133069
132988
132923
132843
132702
132541
132534
132471
132365
132329
132220
132058
132013
132012
132006
131950
131777
131725
131614
131393
131369
131357
131003
130879
130794
130706
130676
130571
130510
130500
130443
130387
130317
130141
129919
129591
129374
129362
129113
129050
128953
128931
128853
128726
128453
128255
128242
128090
128071
128068
127951
127800
127727
127671
127654
127606
127591
127554
127450
127406
127199
126636
126567
126416
126398
126353
126266
126179
126072
125726
125711
125418
125391
125171
125104
124816
124807
124776
124442
124357
124331
124264
124079
123930
123755
123633
123272
123267
123200
123162
123151
122997
122880
122859
122842
122665
122523
122465
122456
122424
122380
122369
122357
122322
122234
122081
121930
121925
121777
121676
121299
121266
121119
121081
121010
121008
120919
120865
120815
120756
120753
120600
120546
120501
120492
120479
120449
120275
120271
120150
120072
120017
119995
119938
119847
119787
119779
119522
119432
119379
119193
119048
118897
118851
118799
118763
118739
118563
118507
118155
118133
117960
117898
117560
117487
117469
117462
117130
117065
117022
117006
116957
116723
116708
116674
116659
116643
116574
116396
116229
116170
116111
115894
115886
115680
115598
115568
115508
115507
115474
115462
115425
115302
115089
115009
114910
114721
114700
114676
114375
114340
114330
114327
114143
114047
113924
113771
113712
113643
113574
113500
113090
113085
112772
112751
112680
112645
112622
112525
112502
112376
112365
112320
112290
112225
112201
111997
111938
111878
111816
111804
111784
111767
111611
111557
111458
111326
111214
111197
110853
110744
110685
110316
110238
110158
110013
109981
109944
109932
109919
109581
109433
109431
109357
109107
108952
108943
108932
108862
108799
108745
108740
108735
108619
108512
108297
108285
108225
108200
107973
107851
107650
107624
107591
107573
107411
107297
106943
106937
106901
106890
106809
106548
106528
106372
106105
106099
106014
106009
105970
105750
105651
105622
105570
105562
105551
105416
105334
105263
105160
104954
104936
104878
104728
104430
104412
104402
104228
104188
104095
103950
103917
103892
103813
103503
103415
103159
103150
103055
102997
102908
102875
102833
102803
102780
102762
102698
102301
102280
102147
102085
101975
101792
101654
101546
101353
101351
101347
101291
101236
100695
100622
100605
100249
100223
99989
99987
99954
99906
99833
99685
99646
99550
99540
99370
99359
99283
99172
98958
98871
98603
98574
98536
98452
98365
98218
98120
97779
97769
97732
97606
97513
97463
97211
96897
96860
96700
96229
96153
96144
95917
95581
95474
95308
95293
95290
95278
95263
95104
94970
94904
94864
94719
94592
94585
94527
94446
94299
94064
93913
93875
93856
93670
93653
93555
93433
93349
93117
93110
92935
92851
92798
92787
92756
92752
92514
92438
92386
92317
92201
92131
91914
91899
91837
91817
91745
91586
91424
91344
91252
91234
91141
91136
91105
91100
91029
90781
90777
90757
90695
90565
90552
90549
90523
90416
90393
90233
89958
89899
89816
89794
89617
89607
89409
89328
89263
89262
89108
88585
88560
88550
88468
88454
88443
88132
88114
88052
87993
87923
87904
87868
87806
87776
87729
87610
87597
87574
87174
87122
86858
86853
86707
86580
86553
86542
86413
85955
85871
85775
85597
85228
85124
85104
85067
85004
84874
84816
84802
84668
84643
84610
84461
84438
84081
83990
83919
83912
83891
83871
83792
83549
83538
83437
83413
83277
83195
82987
82883
82748
82639
82633
82455
82328
82238
82238
82221
82119
82080
81901
81567
81556
81474
81400
81068
81009
80976
80917
80911
80760
80729
80723
80715
80610
80494
80323
80221
80103
80048
79855
79789
79699
79640
79638
79491
79427
79321
79283
79216
79194
78995
78936
78932
78865
78815
78714
78569
78490
78304
78240
77807
77777
77775
77678
77288
77176
77167
77119
77034
77017
76727
76503
76425
76226
76165
76160
76137
76116
75849
75821
75813
75813
75748
75482
75423
75259
75157
75151
75108
75098
74944
74881
74796
74513
74462
74454
74166
73916
73555
73329
73285
73256
73113
72957
72927
72835
72762
72693
72595
72490
72427
72372
72351
72202
72100
72026
71860
71630
71620
71584
71300
71231
71223
71200
71099
71032
70866
70842
70837
70629
70385
70357
70317
70300
70138
70051
70042
70039
70032
69907
69847
69618
69508
69481
69251
68778
68714
68655
68595
68490
68378
68322
68121
68104
67962
67867
67681
67663
67417
67384
67338
67308
67296
67147
67089
67076
66852
66808
66786
66739
66657
66629
66620
66450
66331
66178
66078
66049
65974
65902
65849
65702
65677
65552
65530
65505
65450
65399
65222
65202
65202
65155
65100
65064
65061
65046
64939
64930
64645
64467
64456
64298
64051
63837
63816
63798
63516
63351
63194
63177
63083
62946
62742
62725
62587
62573
62558
62549
62485
62474
62322
62311
62301
62106
62089
61649
61598
61491
61428
61342
61265
61227
61196
61054
61020
61003
60950
60950
60903
60870
60817
60682
60340
60110
60103
59958
59905
59875
59797
59645
59641
59621
59455
59372
59346
59183
59081
58949
58854
58811
58660
58604
58539
58454
58342
58286
58250
57700
57578
57438
57423
57374
57353
57339
57266
57205
57195
56992
56856
56702
56633
56597
56593
55922
55781
55752
55732
55716
55460
55393
55382
55234
55179
55159
55112
55052
55033
54988
54983
54941
54927
54910
54679
54631
54210
53978
53754
53752
53657
53576
53524
53438
53299
53249
53158
53125
53079
53036
53026
52871
52822
52598
52508
52135
52029
51953
51877
51722
51677
51668
51459
51316
51189
51087
51004
50563
50509
50451
50422
50313
50246
50131
50104
50077
49905
49892
49844
49626
49488
49397
49055
48937
48693
48413
48410
48292
48271
48261
48185
48128
47976
47934
47769
47747
47735
47731
47701
47515
47441
47414
47315
47250
47233
47188
47159
47068
47034
46873
46810
46748
46662
46402
46360
46330
46244
46182
45939
45925
45695
45663
45658
45655
45486
45467
45301
45263
45245
45199
44842
44631
44610
44331
44313
44071
43986
43964
43891
43851
43795
43562
43503
43406
43403
43230
43221
43126
43034
42879
42775
42772
42763
42567
42550
42435
42361
42336
42171
42039
41796
41795
41787
41766
41474
41425
41330
41176
41110
41073
41013
40910
40812
40658
40642
40600
40544
40485
40366
40354
40219
40211
40203
40188
40184
40092
40053
39694
39608
39531
39517
39404
39396
39179
39014
38972
38892
38613
38567
38511
38372
38370
38262
38213
38197
38190
38083
37886
37883
37700
37621
37433
37106
36970
36799
36751
36628
36598
36540
36505
36348
36169
36144
35935
35918
35828
35740
35726
35678
35648
35316
35303
35300
35150
35120
35059
34954
34784
34340
34256
34086
33874
33642
33639
33621
33501
33421
33268
33069
32806
32669
32655
32523
32388
32047
32022
31722
31495
31310
31296
31292
31219
31037
30722
30587
30484
30432
30311
30308
30277
30261
30260
30248
30222
30200
29967
29937
29840
29815
29802
29742
29611
29558
29517
29435
29160
29085
28913
28680
28491
28279
28197
28086
28070
28051
27834
27781
27719
27673
27643
27576
27560
27549
27390
27277
27264
27260
27258
27179
26917
26797
26771
26764
26713
26638
26307
25960
25934
25884
25743
25626
25523
25198
25178
25165
25161
24657
24594
24552
24505
24441
24202
24160
24076
23971
23911
23813
23776
23773
23442
23344
23265
23227
23221
23103
23090
23055
22960
22914
22817
22742
22621
22588
22197
22165
22115
22095
22086
22008
21893
21758
21689
21579
21575
21483
21272
21074
20781
20713
20607
20582
20493
20480
20440
20267
20238
20233
20203
20144
20091
20019
19908
19744
19471
19336
19116
19105
18967
18907
18692
18667
18632
18576
18468
18339
18329
18134
18101
17866
17758
17671
17370
17319
17296
16982
16756
16618
16588
16517
16455
16449
16401
16342
15696
15561
15546
15506
15413
15308
15237
15176
15163
15157
15108
15100
15029
14991
14703
14512
14499
14444
14199
14095
13992
13842
13801
13764
13692
13594
13554
13490
13423
13377
13354
13265
13215
13163
13017
13011
12959
12949
12943
12818
12522
12517
12475
12168
12103
11975
11735
11258
11215
11096
10908
10891
10828
10802
10483
10457
10361
10298
10214
10204
10157
10094
10054
10011
9991
9959
9726
9648
9641
9478
9413
9287
8896
8797
8772
8714
8461
8432
8175
8016
7888
7529
7494
7357
7330
7305
7206
7199
7015
7001
6791
6671
6429
6224
5709
5707
5629
5545
5466
5272
5205
5136
4673
4577
4550
4494
4102
4010
3992
3904
3742
3586
3554
3496
3447
3345
3264
3245
3240
3135
3132
3100
3051
2891
2876
2622
2503
2470
2349
2165
1985
1940
1779
1763
1751
1630
1595
1466
1452
1434
1414
1400
1111
987
980
910
812
781
720
602
495
462
457
194
25
