1000
999916
999743
999001
997095
996367
994821
993611
992540
990685
990164
988839
988640
988473
985984
985541
985275
982407
980917
977587
976421
975317
974818
974549
973291
972209
971947
970595
969421
969027
968472
967569
966728
966610
966037
966013
965283
965169
963348
962339
959733
959437
957786
956553
955749
954987
954295
954282
954227
952100
951651
951615
951410
950742
950485
949879
949744
948948
948688
948139
947718
946622
942480
939862
939737
936365
936346
934982
932282
931442
929116
928767
928613
925481
925420
924241
923972
923310
923136
922010
921991
920629
918416
917970
917478
915114
914884
914277
913591
913126
912762
912340
910210
908977
907412
905926
903683
902580
900878
900722
900073
899390
899187
899063
897672
896762
896685
896367
896346
896194
895028
892762
889040
888001
886307
884874
883844
883784
881373
880077
879513
879169
877272
876958
875713
874692
874663
873775
872909
871917
871442
871381
870355
870271
870088
869723
867880
867660
866647
865553
865334
860464
860035
859933
858903
858135
857749
857593
854411
854357
852706
850854
849578
846213
845705
845402
845080
844856
843570
842513
841718
841137
838000
836123
835465
834848
831387
830508
828876
828348
828159
827251
823301
822051
821562
818721
818023
817751
816721
815489
814682
814676
813344
812001
811767
810735
810723
810201
807816
807685
805689
802894
802534
802439
802404
801351
800156
797630
797468
796317
795645
795428
791117
791000
790764
790763
788915
788862
788859
787606
786334
785533
785243
784802
784368
783640
781379
779351
778206
778030
777202
776424
776050
774977
774824
774785
774142
772120
767828
767501
766997
766698
766518
764773
764141
762415
761326
759678
758831
757789
757588
756677
753344
751857
751084
749095
747912
747663
747270
747171
746860
746193
745439
744625
743948
742549
742476
742185
742056
738221
737019
736463
736120
735592
735526
733994
733914
733762
733342
733254
733227
733151
732752
732260
730332
729689
724931
724634
723508
723150
721580
720896
720184
719802
718947
717805
717082
714943
713128
712447
712435
711641
711442
711189
710257
709985
709242
708159
707546
707364
706330
706186
704931
704485
704218
703778
703715
703049
701351
699824
699653
699024
698843
698124
695920
695804
694765
694199
694002
693440
692174
692112
690560
690388
684376
684102
682911
681002
679285
678269
677246
676636
676044
675558
675422
674805
673837
673186
673166
672894
671671
670609
670401
669511
668550
667085
665086
664431
663529
663260
662057
661581
661547
661132
660013
659673
657756
656886
655022
654959
654243
653515
650035
649683
649619
649490
649381
649186
648713
646174
646118
646030
645274
642920
642614
642023
640817
640062
638536
637642
635183
634734
632432
631836
631613
631431
630597
630228
629618
629403
628396
628273
626624
626105
626080
623967
623636
623527
622939
622807
621254
619383
617413
616906
614265
613973
613547
612925
612821
612670
610853
609488
608950
608848
606994
606139
606111
603970
603946
603210
602930
600237
599621
597927
597619
597048
595020
592263
592183
591041
589753
588560
588380
586372
585231
583941
583645
579531
579472
578113
577966
577701
576668
576460
575727
575726
574286
571744
571544
571072
570767
570087
568244
567924
567463
567212
566583
565820
565355
564696
564425
562642
560085
559469
559450
559353
557875
557213
555986
555194
554321
552572
551312
550779
550157
548066
545443
545179
540122
539635
539625
538299
536490
536100
535803
535486
534843
534371
532164
528688
527522
526317
526288
525613
525139
524750
524728
524460
523405
523229
521360
519909
519859
519822
516697
516622
514263
513026
511671
511183
510579
510141
509923
509337
509189
507852
506313
505093
504900
503684
502818
502779
502663
502651
502384
501824
499986
499795
499682
499061
498497
497675
497435
495584
495284
493996
491510
491305
491294
490910
490681
490005
487717
487707
486649
486645
486457
485671
485262
484875
484435
484321
482288
481347
479841
477942
477509
475461
475209
473538
473017
472928
472519
471984
470851
470387
468929
467716
466958
466791
465871
465844
465031
464677
464433
464187
462705
461240
460384
460087
460049
459089
457069
454139
452459
452097
451706
451624
451244
450908
448300
448181
447755
447563
446383
444961
444840
444753
444735
444477
443738
443179
441624
441241
440839
440298
439675
439103
439007
438599
436237
436203
432416
431989
430965
427670
427602
426956
426072
424963
423806
418680
416629
416601
416422
415703
414871
413966
413964
412653
412010
409651
409288
408211
408090
405251
404896
404272
402931
402126
400855
399277
398493
397746
397326
397237
396286
393835
393185
391683
389449
388887
388748
387721
387183
386450
384416
382612
380172
377480
375149
374443
372715
372632
372296
372091
370968
369468
368958
368582
368519
367298
367282
366292
363783
361907
361808
360863
360396
360123
359796
358334
354907
354312
353919
353685
351846
351721
351041
350190
349257
348838
348010
347882
347437
346552
345468
345281
344766
344439
339411
335416
335408
335319
334395
333095
328947
328349
326951
326909
325273
324525
324515
323058
321574
321190
319784
319545
318311
317933
317288
316743
316576
315327
311552
310668
308301
303871
302222
300872
299377
296389
296257
295324
294481
291750
288547
287923
286625
280942
279831
279328
278130
276608
275999
275692
273847
272056
271909
269451
268932
268191
267681
267559
267117
264926
264758
263753
260679
259650
259061
257953
257441
257084
255312
253643
250986
250535
249795
247563
247471
247273
247118
246517
245600
245318
244947
244532
244085
242360
242256
241911
238091
237552
235306
234334
233654
233524
233327
233150
232526
232038
231376
230524
229897
228492
226807
222868
221221
219480
218936
216292
216280
216106
216103
213960
212673
212284
211846
211833
210973
210423
209307
209215
208942
208576
207747
206215
206129
204613
203304
201005
198817
198723
198396
198201
196861
194768
194238
191975
189592
188635
187385
186235
185680
182338
181751
179626
178682
177007
176824
175420
174810
172239
172180
171981
171779
168326
166287
165161
164224
163836
161787
161430
160341
159967
158142
156400
152933
152930
152732
150772
150073
149571
148871
147350
146189
145279
144452
143586
141746
141702
141552
140380
138303
138255
137527
136737
136218
136143
135586
135248
134816
134167
127950
127327
125218
124121
123371
122579
121477
120600
114420
113963
112333
111575
111567
111434
111253
110827
108350
106858
104497
104394
103803
102042
100747
99898
98793
93240
91869
91234
90952
90173
89980
89552
89112
89092
88723
83072
79661
79623
78756
78454
76120
76102
75819
75414
75096
74927
74457
71608
71563
70117
69902
69128
68718
67620
67039
66893
66466
64854
64476
62401
62387
61169
57877
57694
57463
57032
56355
55142
50891
50334
47965
47059
46672
45456
43429
42800
41704
38107
38080
37938
36963
36461
35872
35117
34596
31013
30999
29774
29754
27565
27033
26603
26078
24483
22339
21196
21097
20691
18813
18152
17774
16248
15642
15026
14729
13689
12697
7935
5613
5445
4360
4074
3755
3664
3242
2528
2042
