100
999398
994647
991370
985311
965250
961833
959756
934205
911998
903456
895876
882928
879077
864923
841406
837035
824301
821768
809181
800533
781443
781381
778921
778551
754332
733837
711584
700384
668426
667013
647355
638846
634343
633034
619373
611629
599514
587306
568586
566866
537240
537043
533852
527379
527316
526069
520783
518068
515093
507909
491160
491011
462794
450738
432836
432127
420873
415481
410658
405145
405061
399538
388215
374913
369851
364818
361290
354387
341536
324170
311903
305399
268980
263948
261863
245115
243965
231067
229610
209334
196730
193727
189253
163586
159324
128761
128174
114049
94603
87135
79183
60041
57345
53526
50303
48879
38024
19477
12409
7430
