100
538
3887
4148
7647
8728
9624
38674
46551
49651
54886
57138
68944
72974
73007
73514
74942
81828
82897
103785
106629
151626
161889
164648
203747
204521
204754
209370
224336
225908
226881
232159
237114
239877
271793
276841
277066
281039
286266
289047
293004
307133
332272
358766
381249
383864
385613
415382
446820
464223
466250
468265
514478
520830
523536
535186
554614
573584
608933
612693
635342
645461
654779
657444
657785
658613
664196
689653
691762
700772
701499
710831
728811
747299
753512
765613
765943
775891
780254
784882
794975
806038
816683
819974
828077
835471
838816
848894
852199
882466
905513
914624
917345
921950
924002
925602
926674
940508
961899
981185
991994
