1000
1051
2596
4313
5177
6540
7108
7907
8887
8890
9824
10236
15075
16219
16356
16526
16651
16705
17334
17531
17633
18883
20048
20296
21710
21799
25139
29639
31976
35524
36103
36589
39317
40421
40696
41381
42958
43150
43328
43580
45361
46001
49510
49724
49937
50637
51228
52830
53967
54070
54346
56192
56374
58861
60582
61647
61800
62006
62648
65222
65266
66510
68587
70068
72682
74535
74889
75897
76104
76402
80494
80706
81117
83280
83887
85030
85802
87050
87474
89732
90934
91884
92890
97200
97689
98201
99204
99782
101128
101245
103648
105883
106348
106625
107516
108100
109267
109836
110849
110975
112040
113811
115677
116533
118781
120203
120496
121221
121782
121821
122085
123159
123260
124125
124338
125312
128660
129158
130555
132059
132320
132620
132793
132951
132972
135718
136088
138571
138952
140805
141321
141616
141986
142099
143242
144974
145471
145752
145838
146986
147002
147163
148199
148381
148672
150334
151077
151388
151863
152038
152745
153589
154288
155075
155771
156220
156527
159765
159917
160664
160697
163759
164889
164889
166294
167673
167685
167936
168566
170339
173129
173135
173399
174187
174220
175019
175114
175206
175372
175771
176891
178117
178167
178747
178828
178889
179746
180436
181317
181987
182074
184124
185963
186156
186173
186422
186862
189090
192165
194040
196574
196629
197945
198535
199484
200364
202719
202944
203147
206718
207064
209797
212255
214698
214782
216133
216459
216598
216600
216917
217675
217810
218118
218697
221591
222198
222535
223007
223974
224239
226573
227061
228459
229174
230606
231314
235094
236215
237967
239560
241246
241433
242373
242467
243432
244716
245856
245896
246173
246229
246260
246845
247063
247239
251031
251249
253275
258042
259737
260049
262244
262321
262461
262576
263048
263169
264527
265260
265632
268800
268826
270041
272897
276146
276458
279088
279447
279820
280888
280930
280978
281201
281460
284527
285248
285817
286467
288759
291688
292928
293684
294952
297216
297242
297706
298886
299081
299625
300169
302725
303683
305091
305122
307112
307295
310751
310942
310970
311694
314766
315529
316301
318339
320154
320765
321972
323949
327096
328951
331871
332271
332423
333084
333397
336695
336846
338425
338675
340052
340159
342067
343583
344582
344765
345366
346107
348221
348858
349119
351517
352264
354534
354868
355954
356415
359009
359638
360054
361519
362247
362336
362680
363669
363784
364320
364478
364896
365308
366348
367480
368852
368981
369256
369440
370554
371572
373016
374702
375426
377790
379920
380275
381632
382281
383075
383403
383425
384968
385257
385905
386018
386911
388060
388243
388630
390227
391203
392446
393078
394168
394288
395088
397178
399879
400731
400916
401043
402626
403861
404750
405127
405717
406703
407393
407445
409815
410992
411454
411509
412529
412774
413433
414986
418932
419873
422142
422256
423641
423736
424375
424516
425022
427455
427999
428572
430359
430863
431939
432175
432636
433106
433515
433715
435832
436711
437157
437528
440317
440707
443191
444940
445119
445764
446225
446688
450016
450408
451017
451026
451146
451623
453323
454997
456137
458105
458431
459018
459991
460205
465589
467948
469671
471550
474062
474946
476697
477243
478001
478805
480172
480944
481633
481696
482118
482548
484040
486175
486488
487473
487969
489639
491891
493482
493519
494252
494457
495957
497220
498557
498942
499120
500395
503568
505524
505672
505728
505933
507657
508315
509147
509165
510304
511071
511494
513017
513398
515265
515268
517456
520213
521708
525306
525342
525423
526185
526760
528977
529966
532162
533839
534223
535280
536255
536962
538759
540188
540587
540615
540981
541007
543059
543528
543832
543970
544366
544434
545124
550189
551511
552503
552808
552878
555771
556037
558559
558691
559211
560906
562049
564157
564398
566510
568598
569372
569784
569908
571456
571855
572577
574633
575807
575848
576094
577054
578398
581757
583326
583887
584245
584467
585729
585835
587742
588603
589111
589121
590615
591415
591555
592424
592919
593624
595652
596652
597518
597663
599216
599226
600035
600132
600853
605983
606355
607782
608538
609094
609712
611937
611948
612455
613006
613680
613870
615126
615603
615921
617075
618012
618353
618776
619009
620744
620748
621210
621354
621917
623947
624020
625951
627106
629205
629373
629423
630210
630570
632190
633271
637641
638989
639339
640204
640500
641052
642209
642464
643649
643664
645571
647819
648878
649349
650567
650762
654224
655444
656324
656357
657825
660080
660461
661467
661633
662520
663800
663846
664672
664786
665056
665694
668132
668949
672809
673183
675048
676014
677074
677185
677531
678650
679564
679896
682184
683028
684294
685310
685365
687131
690067
691017
691260
693119
693474
693654
694076
694181
694388
695499
696399
697012
697903
698072
700960
703448
704318
704941
705040
705168
705858
708161
710213
710272
710837
713455
713691
714089
714325
716347
717807
718780
720292
722153
722294
723222
724309
725403
726198
727934
728001
728816
729151
730448
730686
730954
732321
733225
733572
733663
735080
735096
735300
735655
738070
739817
740648
741706
741893
743900
747454
749094
753559
754064
754073
754857
755256
756511
756539
757540
758878
759591
762038
763794
764322
764860
765656
766673
767445
767484
768101
769483
769587
769944
771388
772063
772181
774105
774461
774565
775657
775795
777199
777208
779772
779775
780529
787618
791423
791968
792132
792694
795323
796172
796358
799136
799987
800858
800883
800960
801705
802758
803584
803978
806959
807044
807110
807610
809933
810384
810715
811862
811879
814240
816428
817080
818070
818880
819038
819504
819961
820361
820393
821516
821720
821755
823506
823632
824742
825334
830125
830188
830247
830558
830616
831651
831900
832139
832438
832647
832963
833575
835070
835500
835861
837749
837819
839306
840390
841009
841550
841987
844122
845664
846129
846859
848121
848397
850451
850730
851279
851746
852393
853045
853516
853600
857988
859255
860993
861765
861965
862773
863434
864499
865483
865984
869070
869945
870193
870541
872196
873724
873866
876283
877323
877945
878249
879122
880925
881085
882476
882575
882926
884156
884183
884598
885048
885236
885758
885900
886142
886717
886919
888357
890851
895142
896057
896290
897205
897958
898410
901672
905745
907392
909882
911444
912495
914033
914525
914591
917414
917829
918273
918508
918694
919431
920636
921011
921460
922842
923090
924636
925108
927319
928446
929493
929900
930260
931496
932507
932610
933616
933875
934669
935914
936272
939532
939939
941384
942309
943595
943631
943812
946604
947699
948183
949480
949651
951430
952275
953841
953934
957682
958559
959257
960685
961250
961536
963834
963908
964306
964341
965751
965852
966791
967345
969533
969633
969942
969947
970758
970954
972091
972483
974515
974826
975088
976324
976587
977903
978722
979183
980153
980478
980704
981954
983317
983452
984552
985716
986571
990325
992879
993141
994284
994850
995555
996261
996363
996990
997273
997772
999075
999120
