10000
387
716
803
1018
1121
1266
1312
1385
1452
1482
1487
1818
1834
1856
1922
2048
2116
2413
2447
2537
2605
2730
2766
2848
2874
2916
3107
3161
3168
3189
3265
3271
3330
3340
3342
3346
3370
3477
3491
3711
4026
4071
4183
4190
4367
4646
4816
4827
4947
4979
5068
5099
5139
5150
5225
5230
5242
5244
5247
5282
5327
5479
5573
5669
5707
5851
6008
6087
6101
6113
6250
6337
6412
6480
6492
6504
6532
6566
6597
6612
6627
6696
6764
6789
7045
7118
7198
7248
7303
7333
7424
7682
7737
8032
8100
8215
8597
8600
8841
8847
9125
9165
9230
9322
9342
9381
9406
9468
9673
9775
9811
9822
9882
10045
10195
10376
10446
10605
10707
10847
10963
10965
11022
11074
11243
11262
11451
11503
11551
11567
11570
11667
11768
11885
12535
12605
12690
12791
12949
13068
13086
13103
13236
13612
13871
13929
13965
13995
14188
14262
14297
14312
14321
14444
14489
14540
14545
14618
14711
14891
14991
15025
15083
15152
15237
15346
15461
15575
15811
16161
16199
16296
16379
16381
16464
16522
16535
16562
16610
16629
16866
16982
17015
17322
17490
17607
17775
17865
17975
18111
18134
18235
18277
18313
18349
18477
18536
18556
18607
18634
18651
18660
18675
18768
18828
18834
18887
18926
19007
19067
19161
19214
19421
19490
19524
19581
19969
20037
20038
20099
20101
20294
20384
20484
20504
20735
20769
20771
20918
21162
21238
21422
21557
21612
21706
21785
21870
22043
22079
22284
22410
22413
22414
22430
22459
22519
22619
22644
22689
22705
22891
22915
22924
22942
22983
23010
23067
23086
23099
23103
23203
23328
23344
23387
23438
23445
23546
23776
23788
23813
23876
24065
24146
24175
24283
24331
24488
24608
24630
24873
24979
25056
25105
25290
25455
25482
25516
25823
25859
25900
25917
26096
26125
26173
26457
26462
26650
26682
26800
26859
26872
26903
26954
27013
27162
27230
27304
27356
27363
27397
27447
27599
27648
27713
27728
27771
27848
27953
28156
28217
28346
28413
28419
28450
28577
28591
28661
28710
28731
29047
29114
29171
29350
29352
29526
29606
29631
29754
29811
29876
30022
30173
30201
30242
30556
30604
30644
30669
30773
30955
31020
31102
31275
31367
31458
31575
31737
31760
31763
31837
31859
31874
31934
32025
32080
32211
32251
32333
32421
32438
32526
32599
32672
32747
32787
32818
33058
33082
33401
33490
33559
33869
33950
33966
34008
34010
34019
34027
34313
34376
34825
34876
34895
35184
35232
35242
35273
35446
35532
35539
35569
35575
35944
35965
36005
36028
36086
36189
36244
36458
37093
37152
37164
37528
37590
37627
37657
37851
37899
38031
38139
38166
38335
38372
38393
38453
38543
38810
38854
38965
39090
39117
39155
39168
39372
39531
39606
39753
39761
39788
39801
39843
39947
40019
40058
40070
40180
40242
40308
40710
40751
41182
41182
41197
41567
41606
41628
41765
41778
42104
42257
42439
42934
43018
43104
43299
43539
43697
43713
43731
43759
44256
44305
44316
44497
44601
44834
44858
44866
45026
45193
45221
45426
45526
45575
45578
45725
45800
45812
45887
46062
46138
46163
46181
46205
46347
46356
46467
47050
47097
47124
47389
47445
47665
47756
47846
47925
48108
48153
48240
48349
48366
48482
49042
49106
49241
49348
49377
49654
49794
49962
50172
50195
50338
50445
50727
51171
51270
51300
51319
51355
51512
51672
52019
52087
52121
52309
52326
52519
52678
52741
52744
52760
52813
52834
53197
53341
53382
53469
53720
53744
53748
53835
54097
54384
54655
54749
54823
55000
55006
55034
55053
55091
55156
55274
55285
55474
55493
55553
55756
55866
55998
56062
56106
56166
56202
56294
56331
56399
56432
56729
56748
56763
56859
56887
56902
57345
57663
57695
57832
57949
58054
58209
58276
58503
58628
58637
58855
58857
58859
58990
59115
59255
59264
59293
59476
59574
59607
59607
59804
59880
59926
60086
60161
60197
60272
60273
60348
60393
60703
60709
60869
61052
61202
61232
61465
61520
61552
61672
61990
62016
62030
62305
62439
62836
62895
62911
62914
63046
63057
63066
63187
63276
63502
63633
63874
63916
64003
64225
64269
64297
64372
64502
64656
64809
64850
65035
65286
65298
65316
65522
65666
65776
65787
66007
66064
66209
66296
66327
66467
66482
66557
66576
66722
66953
67027
67124
67267
67370
67443
67573
67643
67671
67996
68003
68055
68081
68209
68429
68665
68708
68817
68884
68887
68974
68984
69085
69194
69297
69321
69396
69483
69486
69515
69587
69598
69605
69683
69966
70104
70155
70235
70349
70368
70383
70653
70816
70924
70931
71049
71062
71122
71180
71211
71216
71349
71378
71385
71526
71685
71755
71827
72069
72124
72171
72226
72285
72333
72353
72371
72378
72448
72577
72890
73141
73269
73279
73290
73299
73426
73517
73787
73946
73969
73970
74076
74158
74306
74367
74501
74599
74719
74752
74794
74807
74957
75338
75668
75972
76002
76176
76247
76270
76389
76543
76581
76630
76664
77130
77223
77244
77320
77440
77453
77635
77911
77981
77999
78213
78330
78419
78659
78771
78812
78905
78934
79235
79274
79307
79374
79701
79764
79766
79812
79816
79835
79995
80042
80149
80188
80218
80232
80294
80749
80761
80779
80896
80954
81034
81055
81105
81239
81249
81419
81466
81636
81653
81817
82080
82176
82275
82335
82362
82469
82475
82578
82585
82591
82595
82705
82841
82856
82893
82980
83090
83155
83604
83716
83769
83975
84036
84126
84320
84348
84381
84409
84483
84549
84611
84737
84742
84803
84817
84851
84870
84880
84897
85046
85124
85246
85271
85378
85457
85497
85523
85796
85869
85934
86055
86075
86313
86528
86600
86694
86813
87438
87461
87462
87480
87540
87567
87600
87698
88123
88151
88168
88196
88381
88446
88475
88514
88515
88716
88882
88952
89144
89193
89213
89334
89623
89695
89740
89769
89788
89827
89849
89906
89925
90100
90113
90208
90305
90413
90498
90678
90741
90891
91010
91147
91457
91496
91509
91535
91573
91590
91591
91651
91797
91952
91988
92161
92230
92251
92529
92630
92704
92736
92776
92812
92929
92980
93034
93104
93323
93479
93518
93549
93621
93648
93818
94026
94127
94146
94272
94314
94335
94398
94436
94471
94511
94523
94525
94579
94644
94660
94702
94810
94987
95046
95329
95411
95531
95568
95593
95610
95893
96147
96178
96843
96853
96955
97140
97172
97203
97232
97293
97466
97505
97527
97640
97801
98024
98024
98217
98426
98562
98622
98645
98841
98899
99046
99194
99317
99392
99493
99529
99815
100347
100663
100669
100671
100718
101149
101230
101320
101554
101568
101642
101682
101758
101763
101792
102090
102205
102336
102581
102908
102971
102980
103206
103235
103511
103531
103557
103664
103727
103918
103933
103934
103944
103951
103971
103990
104107
104149
104338
104399
104629
104797
104828
104838
104869
104925
104932
104935
104971
104978
105006
105010
105042
105324
105418
105531
105557
105712
105726
105802
105855
105951
105961
106061
106188
106302
106419
106436
106463
106558
106566
106714
106746
106842
107015
107042
107203
107342
107436
107543
107725
107960
107962
108003
108111
108457
108475
108516
108568
108687
108773
108812
108824
108861
108974
109268
109478
109776
110218
110402
110427
110535
110829
110848
110940
111045
111362
111482
111553
111696
111705
111785
112001
112089
112245
112311
112326
112534
113283
113286
113352
113377
113389
113437
113469
113571
113652
113711
113782
113794
113831
113949
114025
114091
114123
114283
114637
115060
115126
115401
115540
115613
115723
115756
115822
115871
116283
116388
116468
116542
116672
116749
117055
117059
117182
117191
117346
117366
117387
117436
117500
117669
117740
117926
118136
118174
118355
118386
118386
118430
118561
118569
118583
118595
118697
118815
118889
119016
119074
119152
119169
119218
119266
119582
119651
119661
119714
119896
120001
120084
120150
120176
120188
120549
120771
120823
120866
120965
121117
121247
121297
121423
121598
121950
121961
122032
122037
122247
122403
122530
122709
122856
122932
123013
123255
123486
123508
123526
123531
123568
123586
123601
123643
123683
123702
123716
123933
123933
124114
124135
124224
124237
124507
124518
124533
124595
124724
125253
125839
125945
126111
126130
126284
126659
126748
126838
126881
127168
127173
127474
127609
127686
127761
127887
128011
128124
128591
128712
128746
129070
129177
129194
129692
129865
130062
130237
130258
130260
130290
130495
130889
130998
131037
131132
131192
131318
131373
131577
132263
132283
132331
132358
132463
132509
132557
132919
133024
133027
133034
133069
133097
133136
133202
133574
133757
134076
134112
134120
134123
134149
134287
134311
134430
134446
134543
134704
134794
134831
134944
135012
135023
135094
135274
135277
135414
135589
135783
135804
135868
136028
136037
136141
136304
136329
136394
136587
136962
137302
137305
137337
137483
137637
137920
138157
138166
138221
138632
138733
138887
139002
139080
139194
139216
139227
139293
139397
139426
139476
139575
139727
139814
139825
139873
140024
140336
140479
140768
140804
140902
141034
141209
141357
141408
141464
141478
141551
141623
141664
141811
141944
141982
142425
142532
142541
142668
142750
143118
143215
143307
143541
143621
143765
143985
144027
144068
144145
144247
144252
144396
144639
144817
144857
144939
144947
145327
145353
145358
145377
145663
145718
145826
145878
145932
145944
146293
146404
146421
146445
146515
146524
146780
146799
146884
146997
147166
147521
147528
147851
147924
148142
148149
148234
148407
148571
148923
148970
149003
149033
149051
149219
149234
149358
149375
149469
149539
149613
149637
149709
150117
150127
150242
150254
150469
150480
150482
150490
150537
150599
150602
150734
151038
151252
151258
151260
151272
151560
151561
151874
152011
152235
152265
152521
152689
152749
152804
152901
152908
153374
153435
153473
153670
154042
154084
154432
154465
154468
154728
154760
154792
154800
154971
154987
155111
155185
155225
155284
155385
155557
155570
155787
155823
155944
156120
156255
156307
156316
156392
156475
156499
156550
156586
156655
156655
156749
156805
156850
156881
156922
156937
157071
157090
157643
157693
157801
157893
158358
158373
158424
158516
158567
158653
158813
159040
159209
159286
159477
159591
159991
160074
160076
160085
160456
160534
160597
160863
160877
160929
160938
161030
161198
161214
161320
161415
161468
161549
161566
161725
161779
161942
162090
162101
162153
162214
162277
162500
162774
162780
163004
163117
163142
163269
163294
163391
163400
163563
163573
163589
163591
163640
163960
163968
164332
164413
164513
164586
164616
164753
165584
165643
165652
165809
166313
166543
166615
166618
166629
166761
166860
166875
166899
167022
167043
167313
167450
167612
167648
167727
167745
168022
168223
168281
168410
168641
168760
168818
168887
168935
168991
169022
169132
169133
169142
169181
169254
169307
169512
169528
169658
169813
170039
170057
170078
170547
170760
170774
170787
170945
170968
171001
171191
171450
171468
171654
171846
171893
171912
171921
172067
172067
172136
172235
172346
172387
172396
172442
172557
172828
172914
173072
173139
173230
173331
173495
173591
173675
173687
173742
173837
173858
173888
173930
173987
174146
174269
174416
174429
174470
174546
174602
174661
174833
174956
175033
175181
175282
175380
175400
175426
175471
175908
175932
176046
176052
176167
176379
176567
176646
176703
176731
176811
176841
176883
176954
177114
177231
177321
177427
177474
177553
177690
177840
177891
177959
178002
178125
178212
178220
178488
178491
178674
178696
178904
178952
178990
179097
179142
179176
179179
179220
179277
179358
179411
179542
179690
180016
180284
180455
180457
180476
180490
180522
180532
180555
180726
180905
181007
181039
181044
181063
181099
181303
181359
181462
181543
181625
181834
181881
181928
181942
182274
182276
182326
182549
182596
182617
182624
182631
182676
182779
182892
182928
182935
182954
183165
183246
183271
183313
183370
183397
183590
183749
183752
183932
183995
184198
184404
184537
184676
184707
184717
184752
184759
184878
184905
185034
185080
185129
185216
185247
185365
185498
185663
185756
185769
185961
186153
186302
186312
186327
186357
186384
186440
186488
186910
187023
187095
187110
187118
187198
187440
187448
187552
187675
187744
187769
187912
188239
188509
188578
188656
188807
189031
189134
189372
189405
189619
189754
189868
189953
190034
190064
190088
190135
190481
190567
190711
190774
190780
191082
191104
191209
191213
191235
191339
191348
191431
191446
191560
191856
191961
192270
192392
192457
192472
192589
192669
193081
193417
193525
193633
193712
193920
194050
194057
194129
194533
194593
194692
194762
194822
194838
194874
194904
195114
195152
195246
195445
195571
195612
195805
195884
195995
196152
196260
196545
196891
197041
197181
197214
197215
197379
197441
197534
197539
197613
197715
197734
198051
198117
198195
198276
198372
198379
198526
198586
198779
198941
198985
199082
199144
199198
199233
199399
199813
199955
200054
200069
200228
200271
200283
200353
200404
200510
200538
200631
200700
200729
200810
200845
201055
201211
201639
201653
201724
201751
201758
201766
201910
202067
202106
202111
202164
202240
202362
202402
202452
202957
203140
203151
203162
203335
203379
203383
203500
203901
204201
204225
204240
204381
204505
204671
204778
204799
204822
204858
204869
204953
204974
205267
205492
205571
205597
205643
205695
205788
205904
206087
206272
206273
206273
206433
206545
206557
206622
206755
206797
206908
206923
206981
207055
207073
207151
207354
207496
207571
207997
208039
208127
208150
208231
208265
208308
208494
208655
208698
208906
208929
209014
209049
209269
209270
209555
209649
209747
209879
210128
210295
210567
210607
210656
210853
210937
211034
211093
211231
211240
211388
211462
211559
211562
211684
211689
211909
211932
211947
211954
212001
212172
212208
212279
212285
212456
212473
212547
212627
212713
212757
212809
212823
213039
213130
213170
213472
213590
213641
213710
213883
213890
213924
214117
214168
214188
214336
214397
214577
214650
214756
214798
214971
215014
215015
215079
215254
215262
215578
215605
215643
215649
215941
215970
215991
216023
216149
216236
216365
216368
216566
216720
216821
216893
217000
217046
217136
217153
217313
217395
217548
217871
217881
217933
218039
218045
218060
218191
218295
218342
218377
218379
218382
218496
218564
218653
218697
218798
218937
219171
219197
219327
219357
219403
219419
219429
219442
219609
219643
219656
219731
219907
219931
219999
220099
220122
220327
220808
220811
220823
220961
220980
221207
221301
221361
221364
221596
221609
221674
221719
221801
221818
221838
221919
221946
221980
222071
222155
222227
222424
222509
222618
222719
222750
222812
222902
222954
223044
223121
223192
223363
223540
223577
223593
223778
223915
224203
224313
224529
224543
224626
224762
224901
224944
225122
225137
225150
225296
225372
225834
225843
225932
225971
225982
226047
226073
226102
226164
226169
226249
226316
226614
226732
226900
226974
227309
227340
227340
227408
227486
227564
227661
227799
227892
227951
227978
228167
228179
228275
228442
228498
228535
228596
228750
228753
228933
229306
229343
229459
229691
229692
229704
229758
229869
229916
229917
229993
230004
230060
230374
230376
230483
230567
230781
230925
230962
231126
231353
231423
231462
231484
231533
231609
231664
231894
231933
231965
232019
232116
232122
232198
232324
232331
232398
232462
232495
232496
232551
232625
232669
232724
233103
233125
233471
233638
233882
234014
234120
234303
234341
234371
234460
234465
235009
235047
235236
235326
235434
235573
235753
236010
236048
236106
236107
236196
236241
236323
236441
236534
236908
237007
237106
237114
237152
237223
237238
237349
237455
237688
237812
237860
237900
238115
238123
238288
238549
238554
238581
238643
238654
238692
238753
238780
238784
238807
239019
239093
239143
239144
239395
239652
239767
240081
240141
240419
240569
240701
240794
240907
240934
241052
241099
241253
241278
241398
241475
241508
241685
241751
241988
242027
242268
242415
242453
242514
242519
242597
242844
242930
242933
242972
242984
242996
243257
243460
243521
243603
243607
243672
243734
243766
243794
243797
243827
243855
243872
243940
243992
244059
244267
244303
244307
244328
244447
244521
244668
244750
244760
244766
244844
245097
245147
245412
245511
245650
245728
245759
245802
245885
245911
246417
246428
246444
246460
246468
246506
246698
246734
246807
246919
247086
247269
247310
247347
247413
247662
247708
247799
247921
247961
248005
248016
248068
248124
248281
248432
248721
248793
248866
248959
248973
248989
249026
249421
249525
249668
249737
249836
249921
250147
250362
250436
250562
250703
250820
251021
251121
251427
251492
251548
251571
251712
251780
252037
252260
252423
252552
252849
252998
253129
253347
253431
253582
254091
254254
254413
254749
254783
254815
254994
255094
255097
255131
255188
255197
255198
255328
255487
255851
255917
256229
256236
256239
256245
256274
256552
256668
256742
256929
257191
257245
257346
257416
257418
257435
257495
257739
257831
258148
258275
258346
258372
258563
258590
258716
259072
259160
259328
259366
259511
259563
259599
259633
259755
259767
259781
259895
260101
260270
260395
260454
260545
260584
260661
260723
260753
260765
260771
260865
260909
260989
261069
261071
261297
261434
261452
261557
261568
261583
261666
261740
261749
261833
261867
261994
262013
262030
262110
262218
262232
262420
262526
262527
262539
262563
262714
263037
263264
263394
263404
263481
263578
263620
263624
263713
263881
263901
263995
263996
264052
264083
264361
264396
264543
264784
264926
265140
265405
265571
265610
265615
265633
265659
265684
265760
265784
265798
265858
266099
266205
266343
266429
266464
266488
266587
266628
266641
266730
266917
266984
267033
267189
267228
267282
267359
267407
267451
267484
267650
267888
268041
268337
268358
268363
268397
268450
268667
268691
268697
268986
269056
269174
269251
269316
269345
269353
269364
269379
269610
269665
269756
269861
270056
270067
270231
270388
270679
270696
270914
271160
271234
271273
271300
271327
271354
271391
271503
271517
271584
272264
272383
272501
272510
272610
272684
272819
272872
272992
273135
273157
273183
273489
273492
273603
273678
273702
274019
274216
274227
274244
274250
274328
274555
275230
275245
275263
275319
275366
275460
275796
275995
276001
276010
276016
276066
276164
276189
276295
276515
276559
276864
276907
276913
276934
277024
277039
277051
277123
277168
277600
277607
277728
277815
277940
278204
278248
278478
278562
278675
278776
278931
278936
279002
279023
279276
279329
279337
279346
279536
279538
279616
279631
279743
279848
279915
279939
280002
280252
280620
280641
280698
280746
280958
281005
281088
281480
281569
281640
281890
281902
282066
282230
282255
282563
282801
282894
282915
283139
283203
283265
283341
283454
283612
283672
283692
283719
283894
283918
283956
283975
284022
284030
284158
284306
284312
284336
284498
284689
284784
284892
284921
284981
285028
285131
285145
285170
285286
285303
285610
285778
285838
285917
286125
286151
286331
286345
286574
286804
287049
287146
287271
287455
287510
287602
287618
287721
287871
287976
288014
288090
288221
288267
288486
288537
288562
288729
288823
288829
288885
289088
289220
289349
289400
289468
289514
289574
289586
289593
289807
289832
290052
290326
290356
290411
290588
290617
290664
290679
290817
290962
291006
291041
291118
291148
291352
291414
291550
291565
291673
291745
291789
291816
292110
292148
292175
292353
292634
292674
292762
292860
293231
293284
293312
293446
293547
293610
293665
293711
293724
293726
293769
293887
293931
293978
293999
294218
294341
294442
294568
294583
294643
294688
294822
294899
294943
294945
295008
295313
295399
295480
295510
295747
295867
295870
296043
296110
296225
296353
296399
296576
296604
296610
296735
296750
296784
296896
297264
297477
297515
297531
297757
298206
298236
298323
298429
298467
298509
298561
298581
298593
298596
298877
298976
299058
299164
299168
299324
299353
299353
299373
299398
299449
299535
299717
299749
299784
299900
300126
300154
300220
300460
300488
300650
300654
300704
300825
300896
300902
300963
301043
301390
301775
301850
301862
302017
302094
302110
302170
302443
302555
302739
302791
302854
302934
302965
303210
303247
303322
303348
303363
303390
303510
303556
303712
303835
303998
304027
304208
304354
304438
304691
305107
305135
305215
305347
305455
305467
305547
305690
305762
305767
305919
305938
306008
306052
306112
306184
306207
306248
306512
306875
307117
307181
307195
307257
307475
307509
307567
307630
307849
307901
307906
308118
308124
308189
308233
308258
308342
308617
308875
308901
308963
309425
309577
309685
309744
310087
310101
310186
310194
310409
310424
310428
310460
310485
310511
310545
310874
310972
311039
311077
311135
311167
311193
311282
311296
311555
311629
311816
311902
312025
312131
312261
312335
312363
312368
312394
312407
312427
312727
312772
312938
312973
313249
313282
313299
313336
313371
313502
313753
313764
313905
313916
314036
314148
314298
314343
314638
314692
314763
314805
314905
314949
314981
315090
315092
315199
315329
315482
315615
315666
315818
315954
315974
316453
316502
316739
316828
316899
316952
316992
316993
317127
317364
317444
317592
317704
317791
317991
318070
318816
318817
318835
318915
318939
318950
318996
319000
319000
319239
319596
319597
319604
319657
319749
319795
319837
319844
319978
320107
320146
320262
320396
320541
320555
320612
321039
321162
321271
321274
321552
321630
321634
321713
321716
321737
321895
321904
322163
322212
322301
322338
322340
322368
322399
322506
322509
322522
322626
322850
323025
323207
323634
323735
323932
324288
324497
324536
324554
324610
324616
324785
324801
324805
324820
324832
324866
324900
324980
324984
325113
325152
325214
325272
325390
325454
325550
325552
325674
325786
325810
325920
326037
326125
326327
326361
326771
326907
327293
327575
327580
327721
327837
327912
327937
327981
328025
328054
328077
328202
328438
328619
328700
328726
328824
328874
329047
329127
329134
329293
329427
329495
329536
329646
329722
329827
329903
330068
330215
330482
330487
330494
330510
330673
330683
330790
330853
330899
331004
331176
331210
331214
331289
331329
331454
331484
331715
332233
332273
332631
332631
332699
332722
332955
332978
333045
333133
333167
333177
333214
333245
333283
333407
333440
333571
333756
333832
333837
333852
333859
334207
334303
334341
334389
334514
334598
335040
335041
335042
335058
335216
335282
335315
335399
335406
335412
335414
335478
335745
335751
335830
335867
335951
335997
336162
336165
336184
336205
336335
336357
336360
336479
336509
336593
336639
336640
336719
336805
336820
336896
336985
337133
337141
337249
337284
337294
337343
337457
337500
337549
337561
337565
337584
337637
337836
338017
338095
338280
338420
338476
338514
338693
338697
338749
338821
338855
338942
339165
339218
339358
339431
339479
339517
339561
339686
339798
339956
339986
340029
340033
340165
340346
340353
340512
340614
340647
340953
341073
341183
341308
341347
341413
341469
341550
341822
341863
341922
342142
342277
342411
342454
342541
342549
342656
342837
343021
343177
343196
343325
343342
343424
343438
343507
343577
343679
343694
343746
343750
343958
344006
344089
344156
344170
344198
344231
344323
344466
344765
344821
344847
344888
344899
345004
345078
345188
345278
345329
345368
345754
345841
345973
346116
346214
346311
346330
346334
346366
346391
346854
346870
347012
347168
347181
347185
347298
347514
347941
348153
348466
348631
348699
348844
349032
349099
349117
349233
349291
349365
349449
349509
349534
349554
349659
349757
349845
350017
350353
350404
350414
350451
350490
350663
350766
350857
350914
350924
351176
351234
351376
351426
351494
351574
351762
351794
351979
352111
352233
352344
352367
352416
352455
352526
352587
352625
352675
352772
352908
352973
353131
353299
353319
353403
353730
353763
353781
353909
353976
354117
354180
354284
354341
354569
354636
354638
354692
354868
354902
354974
355002
355085
355098
355259
355326
355339
355358
355415
355614
355672
355852
355961
355989
355992
356006
356046
356052
356330
356338
356377
356553
356644
356704
356882
357103
357131
357161
357222
357297
357387
357561
357699
357857
357900
357904
357934
358218
358374
358398
358543
358569
358623
358717
358788
358912
359023
359038
359146
359201
359244
359298
359310
359472
359547
359591
359604
359635
359705
360093
360246
360287
360404
360419
360528
360570
360632
360710
360722
360833
360916
361038
361106
361175
361213
361249
361252
361495
361539
361647
361795
361829
361849
361868
361880
361937
362134
362143
362356
362422
362430
362538
362546
362664
362736
362916
363054
363141
363176
363189
363248
363269
363380
363468
363475
363609
363943
364129
364388
364398
364529
364580
364587
364654
364753
364848
364868
365015
365180
365191
365418
365468
365721
366031
366041
366070
366104
366682
366696
366719
366827
366967
366988
367061
367231
367260
367369
367558
367631
367659
367778
367925
367980
368111
368116
368230
368263
368325
368665
368786
368874
368898
368915
368934
368983
369043
369255
369487
369621
369624
369636
369642
369762
369776
369906
370045
370050
370061
370127
370170
370766
370851
371084
371128
371143
371187
371399
371428
371462
371600
371780
371826
371981
372038
372076
372109
372348
372496
372533
372852
372894
372995
373025
373073
373232
373250
373252
373374
373668
373687
373759
373790
373910
373965
374107
374202
374292
374302
374386
374441
374445
374495
374586
374744
374749
374947
375129
375219
375427
375515
375660
375689
375697
375797
375945
375946
376127
376162
376242
376370
376390
376394
376595
376620
376712
376714
376752
376769
376883
377042
377183
377327
377330
377413
377612
377636
377639
377686
377687
377897
377978
378147
378235
378294
378334
378343
378384
378418
378430
378623
378831
378910
379044
379066
379132
379197
379390
379408
379419
379429
379490
379601
379612
379765
379912
379989
380018
380262
380283
380313
380365
380398
380431
380477
380486
380498
380531
380657
380672
380691
380812
380824
381057
381124
381286
381471
381506
381782
382101
382202
382220
382357
382482
382661
382684
382927
382970
383014
383111
383140
383337
383389
383452
383499
383582
383604
383618
383674
383688
383716
384069
384086
384115
384155
384272
384332
384532
384702
384769
385032
385083
385204
385509
385557
385656
385676
385678
385741
385805
385865
385871
385893
385912
385959
386060
386116
386142
386160
386161
386212
386236
386629
386689
386770
386786
386819
386976
387131
387312
387346
387457
387560
387629
387648
388069
388119
388221
388363
388373
388400
388578
388653
388679
388992
389054
389136
389306
389333
389398
389462
389484
389547
389552
389999
390231
390261
390334
390341
390646
390658
390664
390667
390709
390736
390893
391057
391106
391272
391278
391507
391510
391544
391576
391708
391746
391757
391872
391961
392221
392450
392471
392620
392663
392688
392892
392893
392922
393006
393107
393118
393395
393454
393476
393617
393854
393897
393899
393909
394058
394113
394119
394388
394407
394577
394759
394798
394829
395053
395147
395216
395284
395801
395806
396137
396182
396207
396270
396383
396577
396673
396740
396800
396859
396966
397040
397201
397207
397288
397345
397382
397683
397739
397859
397938
397944
398080
398295
398389
398424
398628
398638
398749
398990
399081
399117
399157
399257
399412
399468
399619
399666
399671
399683
399720
399827
399854
399854
399934
400026
400162
400222
400453
400736
400760
401118
401244
401452
401925
401979
402097
402119
402136
402260
402309
402334
402401
402422
402476
402510
402583
402694
402737
403013
403031
403143
403145
403203
403288
403547
403736
403752
403839
403887
404188
404196
404231
404290
404340
404475
404606
404735
405128
405323
405333
405407
405627
405663
405958
406017
406143
406163
406175
406180
406194
406234
406278
406348
406402
406539
406769
407134
407219
407247
407366
407410
407438
407453
407594
407796
407818
407944
407949
408028
408133
408188
408216
408219
408277
408339
408572
408662
408706
408965
409041
409078
409224
409500
409512
409554
409573
409942
410010
410026
410070
410179
410452
410500
410642
411108
411146
411525
411840
411866
411891
411911
412066
412105
412152
412222
412387
412886
413039
413069
413307
413320
413681
413696
413717
413892
413900
413983
414012
414405
414502
414504
414611
414699
414770
414948
415118
415171
415395
415399
415616
415634
415767
415776
415871
416030
416057
416071
416198
416257
416347
416511
416608
416684
416747
416753
416800
416978
417057
417142
417543
417563
417607
417859
417975
417985
417998
418093
418319
418402
418443
418529
418596
418682
418851
418862
418881
418948
418983
418986
419137
419155
419248
419284
419596
419635
419664
419738
419813
419819
419871
419886
419901
420126
420329
420512
420618
420841
420847
420904
420948
420999
421122
421582
421694
421729
422176
422204
422303
422365
422426
422476
422509
422519
422576
422605
422606
422720
422775
422791
422839
423067
423223
423397
423460
423478
423562
423846
423896
424084
424199
424233
424392
424408
424526
424634
424659
424661
424676
424737
424740
424876
425203
425248
425251
425276
425313
425471
425476
425545
425645
425737
425781
425893
425974
425981
425994
426035
426233
426388
426420
426514
426542
426567
426628
426759
426852
426928
426965
427043
427305
427532
427569
427704
427715
427717
427755
427762
428059
428065
428209
428232
428257
428358
428399
428529
428530
428541
428602
428608
428619
428620
428828
428851
428898
428978
428983
428994
429114
429263
429456
429494
429633
429659
429919
430008
430129
430229
430230
430408
430910
431036
431043
431079
431142
431259
431310
431612
431939
431944
431953
432089
432181
432241
432262
432311
432337
432357
432380
432516
432571
432578
432617
433119
433223
433260
433535
433607
433659
433738
433850
433908
434090
434228
434290
434414
434418
434430
434449
434460
434495
434549
434702
434918
435139
435214
435220
435261
435550
435568
435678
435685
435728
435844
435879
435892
436113
436128
436582
436614
436706
436743
436791
436845
436876
436889
437037
437122
437132
437134
437196
437325
437442
437481
437579
437686
437717
437839
437962
437973
438127
438151
438427
438469
438533
438798
438802
438889
439026
439061
439293
439294
439373
439393
439412
439520
439646
439708
439727
439832
439898
439986
440084
440095
440180
440394
440525
440666
440680
440689
440970
440972
441047
441459
441527
441730
441802
441817
441893
441894
442198
442208
442462
442480
442490
442819
442831
443175
443285
443653
443681
443718
443843
443945
443986
444155
444215
444316
444334
444534
444563
444572
444598
444603
444617
444787
444890
445009
445123
445474
445527
445587
445720
445732
445737
445772
445778
445901
445951
446187
446190
446203
446253
446641
446647
446829
447549
447556
447628
447632
447651
447705
447942
447951
448100
448291
448485
448551
448604
448653
448706
448847
448851
449005
449096
449096
449230
449281
449289
449337
449807
450530
450696
450752
450801
450819
450855
450870
450877
450904
450949
451089
451144
451243
451260
451393
451601
451626
451763
451926
452003
452078
452137
452155
452178
452181
452275
452657
452701
452721
452977
453014
453044
453087
453146
453176
453234
453369
453388
453521
453553
453695
453969
454062
454217
454279
454289
454394
454580
454596
454597
454657
454998
455116
455187
455209
455275
455382
455426
455554
455675
455970
456164
456477
456590
456718
456725
456788
456806
456910
456987
457131
457216
457252
457268
457304
457404
457412
457442
457571
457737
457797
458002
458095
458141
458161
458222
458377
458416
458457
458465
458631
458684
458694
458836
459244
459295
459362
459701
459704
459738
459747
459768
459861
459939
460041
460087
460478
460559
460569
460676
460736
460973
461022
461180
461196
461259
461618
461682
461797
462036
462080
462121
462273
462276
462417
462481
462535
462544
462655
462711
462894
462912
462919
463079
463133
463300
463414
463435
463435
463510
463609
463959
464040
464058
464065
464076
464396
464851
465029
465112
465207
465525
465530
465539
465681
465754
465893
466163
466170
466216
466239
466329
466468
466481
466539
466613
466633
466827
466932
466940
467064
467111
467313
467336
467449
467503
467559
467628
467724
467954
468158
468192
468322
468540
468574
468611
468737
468846
469075
469164
469334
469350
469395
469416
469577
469649
469683
469690
470146
470351
470594
470659
470695
470843
471138
471242
471280
471507
471638
471654
471736
471799
471800
471861
471945
471984
472077
472144
472191
472388
472435
472550
472623
472803
472826
472861
472869
473060
473088
473114
473220
473273
473292
473468
473523
473543
473655
473703
473800
473805
473879
473956
473999
474116
474223
474246
474277
474352
474362
474438
474502
474723
474769
474863
475241
475674
475690
475720
475731
475805
476196
476478
476687
476844
476880
477112
477289
477430
477495
477545
477595
477744
477899
477945
478022
478168
478169
478282
478338
478459
478479
478509
478561
478732
478807
478824
478857
478859
478868
478976
478982
479061
479250
479430
479581
479644
479661
479727
479805
480044
480207
480417
480663
480683
480887
481030
481219
481222
481292
481345
481578
481638
481746
481796
481860
482021
482041
482043
482098
482186
482279
482729
482735
482847
482878
482928
482963
483147
483228
483266
483307
483378
483516
483579
483591
483629
483722
483759
484209
484368
484624
484759
484782
484788
484788
484860
485157
485444
485798
485851
485904
486131
486218
486371
486380
486541
486760
486843
486899
487032
487052
487069
487077
487112
487239
487244
487269
487293
487401
487456
487485
487548
487757
487855
487945
488269
488469
488683
488781
488941
488974
489031
489056
489121
489220
489558
489585
489673
489717
489768
489908
490038
490103
490199
490304
490420
490572
490574
490674
490707
490719
490722
491082
491160
491171
491190
491260
491468
491496
491670
491870
491888
491949
492022
492029
492049
492149
492234
492274
492394
492524
492555
492727
492767
492778
493150
493230
493544
493608
493659
493926
493976
494031
494061
494283
494456
494649
494680
494853
494853
494887
494913
495019
495022
495081
495122
495142
495282
495316
495362
495363
495395
495424
495497
495536
495581
495596
495631
495668
495933
495974
496100
496364
496413
496509
496639
496656
496712
496752
496917
497001
497100
497242
497397
497486
497742
497796
497863
497886
498053
498220
498281
498439
498629
498726
498778
498955
499010
499073
499147
499292
499308
499380
499431
499642
499656
499672
499712
499776
499786
499787
500158
500389
500553
500568
501179
501353
501367
501399
501456
501466
501470
501731
501780
501802
501886
501991
502098
502104
502141
502175
502284
502301
502342
502439
502455
502464
502469
502557
502697
502711
502917
502923
502966
503252
503308
503359
503518
503713
503805
503817
503924
503996
504010
504062
504263
504282
504457
504601
504683
504689
504715
504719
504765
504826
505238
505240
505332
505372
505403
505494
505518
505531
505739
506025
506433
506448
506486
506498
506565
506657
507246
507468
507479
507492
507528
507769
507788
507818
507962
508054
508155
508223
508346
508416
508434
508455
508456
508539
508596
508680
508896
508990
509071
509104
509414
509424
509439
509768
510022
510099
510100
510239
510487
510639
510788
510891
510984
511016
511129
511289
511313
511782
511805
511898
511984
512031
512265
512411
512543
512604
512648
512908
512964
512986
513045
513124
513200
513286
513331
513397
513474
513791
513852
513861
513866
513869
513878
513886
513940
514016
514035
514048
514111
514119
514474
514619
514626
514628
514969
514989
515118
515152
515196
515436
515455
515462
515552
515669
515703
515838
515901
516102
516137
516242
516420
516466
516596
516884
517125
517259
517279
517297
517359
517490
517506
517664
517724
517738
517755
517889
517898
518030
518145
518168
518221
518387
518532
518565
518565
518600
518641
518642
518703
518756
518875
519007
519231
519370
519444
519518
519567
519744
519771
519811
520015
520026
520047
520095
520129
520289
520385
520528
520555
520705
520712
520755
521017
521186
521221
521260
521275
521376
521462
521487
521524
521778
521862
521886
522103
522237
522244
522280
522344
522349
522390
522680
522715
522955
522956
522959
523119
523177
523257
523273
523278
523524
523584
523716
523842
524343
524357
524622
524629
524984
525027
525039
525059
525367
525371
525401
525418
525428
525450
525486
525624
525859
526305
526370
526443
526472
526588
526641
526740
526778
526798
526821
526913
526919
526987
527039
527092
527131
527220
527273
527316
527365
527409
527434
527639
527806
527942
528014
528071
528154
528202
528481
528503
528575
528622
528678
528753
528764
528853
528919
528933
528950
529173
529235
529274
529480
529631
529894
529957
530027
530050
530064
530068
530136
530147
530292
530604
530638
530746
530763
531111
531182
531318
531364
531494
531501
531559
531667
531801
531838
531859
532126
532209
532423
532425
532493
532513
532526
532540
532635
532644
532699
532789
532808
532849
533153
533196
533210
533231
533262
533352
533709
533729
533748
533778
533808
534072
534162
534177
534190
534218
534338
534576
534661
534879
534964
535058
535075
535104
535294
535362
535731
535754
535797
535805
535877
535918
535962
536058
536105
536213
536272
536306
536335
536346
536531
536537
536561
536594
536623
536645
536661
536696
536846
537074
537177
537459
537466
537482
537610
537612
537741
537914
537947
537979
537988
538303
538535
538562
538591
538720
538979
539036
539113
539142
539192
539590
539610
539741
539742
539808
539874
539915
539964
540067
540260
540452
540493
540525
540578
540828
540845
540882
540990
541074
541112
541228
541253
541536
541547
541667
541736
541771
541774
541861
542170
542224
542236
542411
542658
542690
542775
543494
543503
543522
543612
543616
543678
543760
543783
544012
544051
544072
544215
544257
544318
544401
544444
544603
544617
544806
544958
545349
545391
545409
545642
545762
545833
545931
545952
545988
546012
546080
546093
546443
546603
546697
546924
547469
547477
547672
547783
548193
548290
548378
548410
548422
548452
548564
548588
548616
548650
548761
548793
548901
549060
549215
549239
549261
549336
549407
549414
549702
549930
549973
550194
550250
550261
550297
550335
550417
550647
550963
551039
551516
552074
552186
552243
552305
552349
552646
552728
553044
553105
553232
553276
553288
553448
553600
553825
553899
554242
554284
554293
554713
555200
555342
555485
555549
556010
556011
556069
556261
556445
556545
556737
556760
556812
556963
556976
557024
557060
557302
557372
557382
557387
557643
557728
557930
557931
558121
558168
558268
558369
558394
558458
558631
558803
558936
559077
559077
559153
559154
559357
559381
559422
559668
559818
559857
559896
559909
560177
560368
560374
560429
560438
560471
560482
560515
560553
560588
560660
560741
560750
560758
560795
560875
560901
561393
561400
561434
561448
561552
561777
561878
562072
562108
562188
562201
562239
562535
562594
562696
562710
562740
562774
562897
562906
562911
563017
563179
563296
563297
563446
563588
563607
563707
563887
563888
564076
564146
564281
564308
564317
564356
564632
564736
564926
564947
565202
565268
565430
566029
566202
566412
566413
566437
566543
566599
566789
566840
566877
566917
567106
567275
567361
567382
567419
567428
567784
568006
568048
568123
568132
568166
568366
568425
568546
568607
568741
569091
569146
569314
569405
569431
569510
569543
569586
569619
569687
569730
569790
569824
569847
569904
569927
570286
570484
570557
570679
570728
570855
571012
571097
571167
571301
571351
571389
571543
571689
571816
571903
571950
571998
572022
572082
572218
572582
572632
572721
572759
573088
573304
573390
573600
573616
573799
573878
573978
573982
574029
574176
574361
574391
574597
574828
574963
574994
575006
575013
575154
575158
575313
575417
575465
575473
575582
575758
575759
575858
575942
576041
576106
576347
576357
576447
576675
576810
576840
577139
577144
577197
577299
577374
577408
577481
577641
577788
577869
578006
578029
578262
578387
578399
578409
578417
578594
578767
578822
579097
579375
579592
579608
579730
579832
579864
579990
580047
580051
580087
580411
580452
580522
581430
581450
581753
581803
581836
581843
581916
582235
582328
582337
582509
582536
582556
582750
582796
582925
582952
582988
583012
583126
583193
583208
583247
583289
583522
583703
583823
584070
584084
584256
584340
584357
584436
584454
584567
584606
584677
584693
584706
584709
584945
584956
585151
585242
585243
585270
585464
585569
585602
585658
585893
586058
586116
586322
586434
586609
586633
586952
587380
587461
587632
588057
588092
588099
588135
588253
588399
588399
588672
588693
588726
588835
589014
589152
589156
589253
589265
589532
589563
589571
589597
589626
589630
589681
589764
589843
590501
590612
590837
591088
591202
591329
592055
592215
592217
592425
592458
592510
592514
592555
592582
592615
592724
592745
592765
592806
592975
593168
593210
593306
593330
593391
593510
593511
593549
593550
594033
594254
594256
594275
594494
594509
594594
594737
594749
594964
595058
595228
595343
595464
595495
595532
595578
595656
595794
595929
595963
596053
596085
596088
596179
596351
596363
596556
596558
596592
597245
597292
597335
597555
597574
597844
597864
597972
598324
598543
598611
598876
598949
599060
599208
599341
599500
599588
599665
599912
599993
600024
600148
600222
600309
600467
600475
600560
600582
600610
600731
600808
600874
600879
600883
600958
600974
601337
601537
601632
601657
601664
601664
601701
601751
601812
601839
602047
602073
602117
602148
602200
602402
602439
602443
602474
602505
602539
602835
602863
602873
603457
603481
603624
603990
604126
604163
604163
604309
604312
604454
604487
604737
604836
605103
605232
605361
605559
605693
605832
605861
605865
605877
605997
606014
606033
606081
606396
606556
606608
606644
606785
607078
607088
607148
607393
607501
607757
608189
608277
608372
608409
608415
608470
608479
608511
608519
608585
608685
608728
608951
608991
608994
609094
609201
609418
609534
609688
609979
610144
610223
610224
610257
610284
610320
610361
610465
610831
611074
611148
611208
611346
611456
611495
611583
611735
611755
611787
611961
612052
612206
612340
612356
612460
612506
612716
612723
612891
612931
613070
613202
613254
613327
613451
613582
613610
613746
613753
613847
613852
613951
614166
614171
614326
614407
614480
614557
614580
614679
614764
614891
615138
615218
615226
615303
615455
615751
615836
615844
615845
615949
616122
616128
616255
616305
616358
616394
616670
616725
616731
616846
616998
617091
617237
617267
617333
617640
617759
617778
617783
618039
618042
618219
618314
618405
618439
618589
618716
618747
618751
618755
618832
619017
619177
619199
619258
619481
619522
619533
619680
619770
619938
619984
620003
620025
620088
620113
620300
620312
620451
620579
620776
620847
621070
621199
621230
621251
621304
621332
621377
621619
621630
621879
621950
621989
622042
622105
622121
622126
622180
622266
622383
622893
623010
623357
623362
623373
623403
623429
623430
623495
623498
623513
623630
623654
623745
623809
624209
624347
624375
624417
624452
624499
624561
624757
624762
624824
624991
625234
625335
625349
625422
625780
625789
626189
626476
626600
626628
626642
626679
626880
627114
627332
627365
627395
627813
627957
628145
628226
628269
628273
628548
629096
629212
629374
629548
629561
629657
629712
629754
629839
629860
629891
630032
630134
630238
630294
630300
630495
630553
630709
630766
630843
630902
631016
631032
631153
631288
631359
631368
631413
631418
631428
631517
631717
631729
631774
631827
631903
631918
632063
632231
632302
632303
632556
632683
632707
632720
632760
632924
632935
632998
633185
633368
633444
633524
633542
633583
633726
633795
634050
634267
634467
634566
634757
634832
635084
635259
635545
635843
635886
636100
636104
636123
636209
636337
636359
636393
636541
636697
636743
636840
636908
636955
636973
636994
637050
637153
637183
637256
637296
637305
637641
637665
637795
637816
637854
637870
637948
637969
638287
638309
638314
638683
638711
638877
638909
638927
638931
639003
639024
639043
639140
639510
639518
639600
639606
639821
639880
639930
639947
639981
640011
640125
640335
640550
640559
640657
640677
640721
640851
640939
641050
641600
641808
641866
641947
642006
642194
642356
642415
642418
642528
642570
642647
642743
642773
642781
642874
643082
643366
643393
643400
643524
643526
643575
643579
643672
643789
643809
643809
644069
644120
644236
644618
644728
644796
644828
645035
645149
645174
645233
645303
645335
645364
645367
645368
645530
645578
645631
645686
645754
646045
646138
646349
646631
646718
646764
646782
646896
647196
647244
647292
647536
647682
647706
647803
647949
648205
648212
648261
648282
648420
648486
648508
648641
648728
649011
649117
649134
649193
649215
649272
649337
649418
649436
649471
649546
649587
649650
649806
649910
650051
650133
650182
650184
650205
650208
650258
650371
650420
650469
650472
650535
650544
650574
650779
650805
650851
650864
650870
651126
651207
651208
651416
651484
651596
651662
651787
651788
651854
651992
651996
652001
652101
652150
652362
652384
652613
652807
652986
653116
653172
653295
653447
653484
653537
653759
653929
654015
654016
654370
654597
654718
654728
654923
655069
655108
655136
655209
655264
655271
655287
655550
655708
655733
655869
655947
656063
656086
656138
656139
656248
656310
656377
656413
656498
656524
656560
656595
656679
656725
657115
657292
657330
657364
657729
657752
657755
657918
657949
658017
658308
658321
658503
658737
658855
658969
658975
659020
659082
659097
659144
659228
659316
659410
659447
659507
659519
659583
659596
659627
659664
659745
659768
659870
660039
660441
660510
660651
660656
660713
660831
660876
660997
661006
661036
661134
661379
661477
661606
661654
661759
661857
661873
661891
661927
662036
662053
662240
662259
662350
662408
662427
662446
662699
662770
662834
662901
663036
663078
663078
663355
663367
663403
663467
663698
663769
663802
663874
663899
664020
664047
664126
664295
664410
664521
664522
664532
664554
664818
664897
665237
665272
665299
665312
665577
665639
665714
665810
666065
666156
666235
666243
666249
666334
666702
666722
666971
667249
667408
667486
667532
667593
667617
667738
667847
667869
668080
668139
668318
668392
668527
668660
668829
668923
669057
669066
669225
669436
669512
669520
669570
669655
669668
669844
670030
670471
670523
670659
670754
670824
670879
671078
671085
671105
671155
671172
671350
671420
671422
671564
671619
671701
671716
671849
672024
672315
672339
672384
672581
672596
672603
672704
672942
672992
673106
673114
673214
673239
673295
673407
673458
673598
673692
673853
674022
674039
674107
674120
674313
674508
674560
674581
674698
674719
674748
674859
674879
674908
675052
675110
675162
675364
675479
675542
675551
675556
675563
675667
675774
676036
676108
676282
676396
676397
676409
676532
676603
676656
676669
676680
676687
676688
676713
676867
676989
677292
677293
677372
677398
677432
677476
677529
677533
677549
677593
677827
677857
677981
678152
678187
678252
678337
678534
678656
678672
678744
678771
678829
678995
679152
679208
679360
679569
679613
679664
679743
679815
679886
680004
680174
680284
680540
680567
680581
680628
680786
680794
680803
680846
680902
680946
681185
681196
681290
681380
681401
681413
681586
681802
681855
681988
681995
682037
682106
682110
682110
682229
682297
682792
682921
683137
683349
683474
683492
683557
683605
683732
683795
684079
684132
684228
684293
684459
684460
684486
684526
684545
684552
684589
685064
685171
685179
685189
685253
685506
685629
685856
686028
686100
686106
686123
686218
686239
686534
686567
686643
686715
686871
686886
687085
687292
687345
687346
687437
687538
687562
687585
687663
687827
688000
688000
688076
688149
688169
688354
688456
688461
688684
688709
688805
688901
688912
689085
689119
689410
689428
689439
689442
689723
689726
689754
689827
689841
689849
689868
689885
689892
690009
690556
690671
690831
690857
690882
690973
691046
691070
691295
691365
691399
691532
691558
691704
691773
691788
691846
691967
692004
692141
692147
692152
692400
692788
692867
692946
693148
693169
693200
693224
693232
693484
693658
693832
694024
694137
694376
694390
694394
694718
694790
694830
694834
695041
695069
695088
695138
695215
695236
695290
695455
695492
695629
695686
695763
695803
696135
696303
696405
696410
696677
696836
696850
696941
696975
696980
697125
697211
697253
697393
697477
697546
697550
697609
697670
697710
697714
697781
697938
698027
698092
698415
698431
698505
698674
698835
698877
699266
699455
699456
699858
700076
700113
700121
700138
700388
700505
700637
700713
700714
700816
700966
701036
701044
701072
701128
701207
701268
701318
701322
701432
701443
701482
701732
701776
701794
701836
702132
702285
702553
702592
702746
702821
702837
703124
703326
703354
703435
703590
703659
704073
704078
704561
704656
704733
704841
704846
704954
705202
705202
705223
705243
705260
705297
705425
705473
705670
705688
705697
705917
705960
706075
706155
706183
706199
706356
706382
706409
706412
706414
706425
706433
706464
706611
706946
706951
707183
707272
707304
707367
707770
707891
707985
708010
708068
708205
708322
708463
708516
708535
708579
708633
708709
708738
708828
708922
709207
709244
709284
709299
709306
709478
709549
709565
709594
709604
709637
709781
709818
709896
709975
710010
710369
710391
710487
710523
710543
710545
710567
710691
710731
710836
710844
710919
710926
711012
711143
711219
711255
711360
711408
711429
711464
711574
711586
711660
711777
711792
711857
711904
711924
711926
711950
712182
712182
712308
712338
712489
712517
712520
712579
712640
712706
712854
712876
713012
713116
713179
713199
713264
713280
713403
713495
713503
713520
713662
713817
713878
714003
714159
714212
714228
714230
714293
714364
714474
714538
714546
714565
714627
714689
714805
714854
714889
715031
715042
715086
715107
715449
715628
715820
716013
716020
716042
716087
716247
716351
716571
716729
716858
716939
717021
717038
717120
717185
717298
717409
717451
717659
717795
717946
717962
718034
718170
718264
718479
718667
718720
718767
718937
718942
718981
719093
719178
719183
719435
719520
719702
720162
720259
720338
720433
720688
720775
720783
720787
720870
720920
720966
721017
721083
721459
721526
721701
721738
721847
721854
722331
722332
722396
722458
722492
722653
722864
722950
722970
723066
723330
723367
723417
723472
723761
723831
723878
723920
723967
723998
724201
724507
724625
724884
724986
725026
725072
725104
725382
725511
725805
725855
726068
726191
726540
726733
726850
726928
727009
727251
727493
727522
727552
727688
727703
727841
727937
728077
728122
728234
728265
728384
728387
728538
728683
728691
728808
728863
728901
728935
728953
729019
729026
729112
729130
729309
729538
729550
729652
729702
729747
729753
729805
730018
730089
730196
730201
730239
730336
730380
730631
730710
730795
731242
731280
731374
731456
731497
731552
731707
731777
731787
731966
731976
732050
732114
732946
733296
733319
733332
733460
733569
733663
733718
733815
733914
734072
734227
734251
734603
734692
734798
734847
734888
735033
735151
735156
735199
735205
735230
735400
735402
735427
735496
735538
735541
735759
735797
735817
735854
736095
736190
736456
736586
736727
736870
736981
737047
737066
737084
737130
737186
737420
737455
737479
737754
737899
737929
737954
738228
738272
738285
738305
738456
738602
738745
738900
738960
739065
739197
739383
739455
739480
739529
739675
739721
739936
740048
740055
740223
740309
740480
740497
740680
740692
740825
740963
740978
741230
741479
741520
741610
741722
742158
742204
742304
742376
742599
742615
742956
743156
743157
743424
743462
743683
743726
743734
743737
743767
743910
744420
744436
744464
744575
744620
744724
744768
744933
744977
745354
745392
745439
745586
745656
745693
745899
746047
746175
746287
746325
746626
746683
746775
746797
746829
746964
747223
747493
747679
747880
747891
748100
748100
748144
748147
748225
748263
748343
748391
748401
748516
748521
748677
748756
748795
749102
749131
749197
749236
749371
749604
749646
749754
749878
749915
750020
750096
750216
750241
750500
750507
750596
750719
750747
750993
751018
751027
751030
751244
751476
751503
751610
751632
751719
751721
751783
751994
752121
752176
752327
752349
752589
752596
752617
752637
752721
752931
753058
753090
753172
753458
753552
753569
753603
753758
753849
754051
754063
754160
754348
754391
754492
754536
754537
754654
754818
754826
754911
755046
755452
755814
755882
755965
756516
756554
756685
756912
756982
757447
757498
757531
757546
757723
757783
757806
757916
757949
758032
758130
758177
758383
758432
758550
758589
758610
758627
758642
758701
758730
758922
759043
759086
759108
759226
759451
759486
759570
759574
759637
759665
759832
759863
759889
760637
760650
760662
760729
760964
761059
761161
761179
761334
761350
761436
761557
761827
761858
761925
761955
762055
762064
762227
762660
762774
763090
763107
763634
763666
764026
764085
764171
764186
764246
764363
764608
764766
764805
765182
765206
765516
765734
765745
765868
765932
765976
766001
766280
766352
766522
766681
766806
766922
767010
767014
767026
767193
767394
767432
767460
767535
767588
767752
767886
768035
768046
768142
768183
768196
768203
768216
768231
768322
768325
768368
768922
769224
769402
769406
769597
769687
769690
769734
769974
770014
770103
770176
770205
770282
770287
770533
770557
770670
770723
770730
770783
770876
770941
770945
771161
771221
771317
771335
771342
771535
771785
771949
772415
772599
772817
773078
773108
773129
773185
773215
773331
773385
773497
773567
773629
773654
773840
774064
774071
774201
774206
774298
774379
774411
774413
774482
774509
774561
774625
774750
775009
775103
775642
775654
775732
776083
776087
776162
776283
776317
776377
776417
776451
776473
776474
776576
776612
776737
776778
776936
776968
777217
777236
777301
777324
777702
777784
777807
777817
777874
777893
778028
778084
778239
778329
778352
778402
778503
778505
778769
778822
779085
779427
779707
779804
779825
779885
779901
779946
780045
780229
780312
780361
780434
780458
780473
780548
780649
780945
781071
781130
781496
781666
781901
781946
782097
782102
782200
782318
782592
782599
782845
782926
782929
783096
783130
783193
783199
783321
783517
783736
783757
783877
784100
784226
784288
784429
784460
784559
784616
784850
784894
784908
785017
785140
785283
785297
785504
785510
785521
785615
785623
785735
785816
785840
785876
786035
786075
786099
786117
786221
786243
786335
786366
786454
786786
786804
787011
787126
787457
787622
787634
787662
787797
787827
787872
787945
788121
788174
788467
788496
788596
788635
788730
788770
788872
789076
789269
789314
789440
789441
789444
789513
789622
789652
789690
789797
789993
790001
790190
790653
790693
790807
790900
791008
791270
791276
791282
791297
791370
791665
791712
791848
791900
792072
792115
792213
792324
792328
792416
792441
792523
792714
792758
792891
793026
793047
793178
793365
793434
793482
793486
793563
793599
793634
793676
793748
793812
794001
794053
794217
794346
794559
794574
794618
794678
794695
794705
794882
795014
795045
795197
795204
795315
795349
795380
795462
795603
795656
795660
795665
795781
796474
796543
796576
796626
796974
796977
797078
797110
797121
797159
797493
797754
798467
798772
798906
798914
799052
799196
799416
799472
799485
799501
799554
799664
799672
799742
799775
799862
799898
799900
800226
800266
800396
800398
800459
800632
800719
800752
800804
800951
800989
801099
801104
801176
801347
801414
801474
801527
801532
801657
801660
801689
801851
802142
802267
802366
802543
802620
802750
802797
802921
802998
803043
803112
803436
803515
803659
803673
803734
803968
804001
804007
804130
804154
804267
804437
804580
804682
804683
804719
804799
804815
804894
805012
805150
805361
805604
805784
805846
805887
805965
805969
806048
806340
806364
806398
806421
806853
806876
806965
807100
807243
807427
807540
807599
807614
807853
807868
807934
807958
808084
808154
808337
808372
808401
808519
809162
809378
809443
809563
809746
809989
810002
810109
810486
810771
810844
810953
811246
811987
812144
812255
812324
812326
812339
812457
812604
812631
812634
812828
813021
813050
813065
813250
813329
813504
813510
813561
813578
813591
813598
813662
813697
813719
813803
813872
813952
813960
814076
814164
814182
814336
814382
814519
814591
814657
814767
814803
814811
814828
814900
814960
815011
815018
815059
815203
815357
815396
815487
815568
815614
815692
815728
815779
815814
815838
815845
815867
815948
815965
816031
816176
816226
816371
816386
816495
816706
816715
816724
816731
816747
817018
817043
817523
817553
817845
817915
818016
818233
818247
818287
818290
818293
818376
818492
818533
818669
818700
818903
819207
819300
819400
819420
819535
819809
819862
819889
820045
820195
820325
820337
820448
820851
820886
820964
821022
821028
821107
821107
821271
821278
821384
821394
821408
821438
821719
821830
822125
822170
822354
822556
822587
823063
823072
823114
823199
823244
823468
823517
823537
823675
823720
823748
823834
824018
824210
824213
824300
824330
824389
824392
824427
824583
824583
824674
825130
825234
825278
825405
825452
825464
825478
825569
825667
825676
825839
826036
826046
826215
826252
826306
826312
826467
826485
826543
826765
826800
826939
827248
827423
827509
827510
827577
827751
827756
827827
828144
828165
828167
828228
828341
828386
828387
828714
829246
829384
829667
829681
829776
829835
829951
830028
830096
830443
830531
830534
830573
830717
830859
830862
830941
830965
831129
831342
831350
831449
831524
831619
831724
831802
831889
831974
832001
832025
832033
832231
832439
832707
832771
833066
833078
833178
833191
833250
833460
833464
833863
833865
834055
834124
834182
834184
834281
834281
834364
834400
834461
834494
834530
834652
834671
834711
834718
834822
834865
834938
835043
835169
835174
835230
835256
835264
835364
835442
835533
835732
835821
835826
835972
835994
836002
836189
836236
836346
836356
836522
836547
836548
836629
836660
836730
836839
836861
837226
837239
837295
837367
837379
837460
837504
837583
837698
837926
837928
837933
837957
838133
838360
838429
838446
838498
838612
838635
838859
839061
839118
839126
839144
839202
839281
839706
839815
839952
840025
840131
840137
840431
840515
840517
840552
840568
840589
840759
840808
840819
840846
840864
840949
840989
841296
841326
841338
841390
841687
842079
842084
842142
842300
842304
842417
842456
842514
842579
842679
842708
842836
843134
843250
843413
843437
843617
843678
843961
843992
843996
844000
844005
844040
844279
844316
844382
844402
844606
844857
844915
845094
845095
845138
845317
845369
845419
845435
845441
845474
845547
845603
845646
845708
845775
845797
846024
846162
846163
846166
846217
846232
846243
846246
846590
846646
846668
846683
846709
846715
846823
846839
846876
846878
846944
847141
847149
847377
847393
847419
847452
847514
847528
847616
847619
847733
847795
847957
847973
848048
848075
848086
848228
848258
848365
848376
848455
848495
848904
848919
848955
849193
849194
849369
849438
849514
849525
849635
849700
849708
849723
849878
850166
850229
850252
850312
850369
850370
850431
850493
850596
850766
850824
850834
850844
850929
851078
851102
851199
851208
851368
851409
851532
851731
851768
851810
851832
851848
851952
852105
852122
852128
852198
852233
852321
852329
852521
852552
852583
852918
852956
853063
853225
853272
853315
853344
853460
853573
853594
853606
853663
853693
853837
853889
853937
853996
854178
854455
854500
854797
854965
854974
855138
855458
855468
855560
855630
855684
855709
855711
855807
856163
856511
856512
856642
856880
856957
857042
857101
857122
857317
857374
857385
857438
857487
857645
857652
857653
857983
858050
858235
858277
858486
858751
859142
859253
859253
859284
859378
859519
859571
859615
859760
859797
859818
859997
860051
860327
860383
860394
860486
860572
860610
860648
860652
860652
860852
860927
861066
861099
861411
861449
861492
861539
861708
862155
862161
862205
862318
862469
862529
862593
862864
863193
863200
863415
863463
863469
863593
863805
863856
863948
863990
864125
864205
864338
864373
864377
864529
864602
864794
864892
864906
865030
865116
865173
865289
865303
865352
865487
865583
865616
865757
865802
865930
866045
866133
866169
866172
866249
866251
866300
866305
866579
866587
866735
866908
866970
867211
867272
867311
867314
867319
867391
867499
867665
867670
867769
867804
867818
868105
868257
868328
868487
868813
868880
868891
868935
868959
869035
869051
869160
869230
869434
869486
869491
869663
869799
869829
870006
870082
870146
870245
870494
870648
870731
870944
870945
870978
870985
871099
871143
871173
871223
871240
871346
871489
871646
871684
871692
871818
871822
871836
871987
872399
872417
872424
872662
872716
872763
872806
872901
873010
873024
873186
873258
873361
873387
873907
874044
874047
874059
874138
874188
874245
874292
874318
874363
874479
874943
874978
875103
875120
875131
875315
875491
875548
875680
875742
875774
875903
875930
875933
875934
876237
876246
876246
876330
876425
876449
876487
876610
876895
876940
877163
877252
877264
877366
877533
877654
877664
877792
877796
877813
877836
877883
878036
878049
878131
878134
878149
878204
878235
878273
878278
878424
878508
878612
878842
878901
879096
879560
879658
879714
879790
879853
879907
880283
880512
880617
880751
880862
881054
881075
881088
881176
881225
881256
881473
881698
881733
881844
881935
881995
882125
882182
882210
882302
882501
882555
882594
882601
882606
882732
882902
882940
883134
883380
883451
883467
883660
883721
883838
884033
884213
884255
884340
884367
884458
884648
884675
884676
884751
884805
884920
885076
885106
885200
885386
885431
885484
885594
885619
885676
885793
885894
886051
886226
886259
886298
886555
886627
886688
886934
887317
887325
887430
887442
887462
887513
887648
887803
887897
887934
887940
887956
887986
888015
888364
888388
888774
888905
888906
889045
889242
889279
889392
889466
889594
889615
889625
889728
889810
889823
889836
889933
890077
890124
890206
890240
890268
890284
890319
890518
890642
890830
890891
890978
891043
891255
891287
891341
891355
891386
891421
891478
891557
891580
892019
892044
892323
892402
892418
892772
892822
892842
892932
892934
892942
893048
893055
893372
893432
893454
893468
893545
893672
893902
893922
894003
894264
894372
894538
894582
894602
894700
894705
894714
895019
895202
895223
895420
895469
895628
895704
895775
895925
896056
896263
896307
896317
896376
896494
896702
896728
896817
896858
896882
897058
897098
897204
897231
897478
897533
897541
897657
897699
897806
897809
897818
897822
898001
898026
898106
898271
898319
898462
898484
898506
898641
898722
898743
898864
898961
899044
899122
899165
899168
899322
899406
899420
899425
899476
899476
899764
899896
899965
900066
900066
900098
900321
900395
900437
900715
900850
900856
900856
900887
901024
901081
901147
901226
901294
901324
901416
901419
901507
901647
901791
901849
901878
901889
901962
902147
902306
902446
902681
902737
902764
902886
903054
903075
903195
903199
903361
903392
903411
903422
903586
903706
903979
904091
904149
904210
904236
904274
904406
904516
904763
905085
905247
905275
905353
905494
905598
905706
905778
906099
906118
906270
906363
906390
906576
906740
907037
907099
907121
907335
907558
907844
907846
907981
908325
908325
908403
908503
908563
908686
908691
908753
908822
908920
909045
909158
909188
909198
909290
909323
909429
909481
909770
909861
909953
909956
910050
910329
910396
910610
910737
910890
910937
910979
910988
911055
911121
911165
911265
911364
911536
911709
911831
911945
911962
912014
912070
912153
912183
912335
912528
912601
912627
912923
912945
913083
913574
913594
913761
913838
913910
914111
914113
914281
914345
914547
914620
914777
915047
915063
915095
915186
915381
915399
915428
915519
915658
915911
915944
916150
916189
916234
916446
916525
916745
916764
916918
917000
917176
917203
917360
917377
917414
917571
917692
917850
917859
917885
917971
918023
918032
918035
918128
918326
918713
918827
918927
918945
919016
919092
919158
919236
919270
919406
919465
919626
919689
919709
919714
919899
919921
919943
920015
920073
920128
920175
920198
920273
920491
920495
920530
920613
920839
921014
921054
921142
921259
921288
921376
921379
921505
921540
921566
921567
921959
922028
922301
922347
922364
922407
922494
922568
922775
922792
922909
922916
923171
923188
923394
923544
923553
923579
923637
923698
923724
923757
923772
924162
924250
924631
924639
924727
924746
924814
924814
924981
925005
925077
925381
925929
925958
925997
926119
926189
926272
926328
926446
926502
926673
926693
926774
927092
927196
927477
927485
927533
927741
927812
927919
927941
928130
928260
928318
928324
928325
928340
928345
928464
928564
928697
928705
928826
928842
928885
928968
928979
929069
929071
929081
929402
929460
929647
929959
930079
930145
930355
930367
930448
930449
930459
930673
930737
930941
931032
931079
931348
931838
931877
931902
932109
932120
932188
932283
932362
932428
932521
932540
932680
932712
932845
933313
933360
933423
933461
933965
933977
933995
934037
934352
934381
934597
934624
934736
934913
935233
935238
935271
935374
935427
935439
935557
935783
935807
935815
935888
936029
936052
936060
936392
936504
936527
936595
936645
936667
936764
936773
936864
936888
936999
937012
937136
937164
937330
937497
937602
937604
937634
937741
937755
937769
937909
937964
938000
938036
938058
938098
938236
938379
938483
938630
938705
938819
938822
938929
938954
939027
939187
939222
939314
939382
939544
939565
940286
940384
940554
940563
940652
940967
941009
941192
941390
941419
941438
941469
941544
941791
941807
941986
942056
942416
942541
942755
942759
942823
942899
943012
943146
943182
943345
943709
943891
943968
944204
944285
944292
944348
944416
944509
944625
944681
944760
945057
945211
945403
945788
945812
945851
945919
945921
945976
946300
946325
946909
947034
947056
947262
947361
947514
947641
947655
947738
947839
947912
948129
948226
948437
948454
948460
948521
948540
948798
948799
948822
949203
949342
949375
949397
949539
949632
949683
949817
949928
949966
950145
950194
950309
950357
950362
950477
950516
950584
950620
950638
950644
950688
950774
950976
951269
951374
951425
951782
951805
951912
951918
951956
952093
952110
952168
952183
952228
952269
952293
952379
952442
952531
952545
952646
952727
952786
952841
952976
952980
953023
953027
953086
953296
953380
953567
953813
953848
953962
954088
954090
954268
954292
954374
954408
954501
954534
954555
954575
954607
954757
954854
954904
955013
955238
955255
955356
955488
955680
955781
955908
956011
956139
956262
956263
956307
956307
956436
956441
956561
956576
956669
956812
956817
956887
956908
957101
957112
957167
957475
957735
957768
957948
958188
958311
958481
958524
958565
958622
958623
958641
958671
958693
958735
958798
958814
958851
958933
959026
959062
959164
959174
959294
959325
959344
959362
959494
959512
959573
959751
959811
959832
959997
960177
960363
960451
960469
960612
960711
960748
960926
960955
961097
961241
961299
961309
961334
961449
961509
961698
961703
961791
961828
961840
961896
962006
962058
962087
962099
962123
962130
962256
962550
962568
962577
962648
962685
962736
962799
963037
963096
963168
963325
963344
963464
963468
963650
963707
963791
963895
963911
963921
964532
964912
964914
965051
965130
965257
965270
965324
965397
965741
965907
966040
966071
966215
966229
966441
966660
966686
966779
967058
967286
967297
967339
967430
967441
967469
967532
967717
967871
968087
968137
968261
968291
968301
968389
968495
968631
968672
968680
968814
968825
968851
968964
969039
969093
969168
969385
969503
969710
970234
970507
970533
970897
970989
970991
971075
971101
971468
971630
971639
971740
971760
971805
971827
971881
971924
972098
972177
972244
972246
972404
972477
972560
972575
972674
972703
972790
972900
973067
973185
973236
973284
973358
973401
973436
973526
973603
973651
973707
973738
973826
974013
974220
974223
974373
974919
974992
975141
975205
975234
975312
975336
975364
975407
975420
975521
975526
975797
975812
976021
976040
976276
976373
976506
976513
976566
976656
976773
976813
976946
976977
977160
977175
977244
977388
977389
977422
977471
977513
977527
977851
977864
977876
977926
978150
978289
978729
978840
979057
979086
979148
979184
979208
979303
979324
979425
979569
979873
979941
980058
980084
980094
980164
980402
980554
980713
980719
980836
980952
981015
981022
981099
981158
981251
981631
981960
982353
982494
982520
982563
982613
982705
982742
982832
983012
983100
983115
983187
983226
983231
983327
983330
983434
983560
983575
983781
983860
984066
984091
984091
984108
984204
984226
984394
984628
984653
984713
984768
984788
984931
984953
985175
985177
985543
985749
985867
986072
986167
986284
986286
986322
986469
986537
986583
986664
986769
986965
987096
987320
987330
987345
987446
987452
987864
987870
988016
988069
988142
988446
988524
988581
988727
988768
988815
989104
989300
989459
989667
989871
990000
990011
990014
990204
990309
990322
990485
990519
990776
990792
991130
991243
991301
991334
991429
991458
991913
991953
992027
992037
992069
992081
992104
992188
992194
992198
992235
992300
992570
992627
992647
992870
992912
992918
992973
993291
993478
993666
993711
993809
993983
994096
994311
994364
994479
994488
994563
994588
994885
994959
994966
994967
994974
995056
995082
995180
995248
995286
995335
995408
995744
995756
995872
995905
995947
996029
996134
996207
996243
996258
996296
996308
996309
996399
996579
996599
996873
996911
996958
997082
997096
997158
997239
997367
997378
997513
997549
997565
997570
997628
997698
997771
997806
997852
998009
998047
998173
998311
998494
998537
998587
998601
998637
998832
999063
999066
999082
999253
999349
999358
999455
999704
999889
999889
