100
4690
6346
20655
26369
43900
48396
81054
88863
101696
112244
118855
136805
137597
141971
157305
162781
164413
203620
218706
218721
231414
242280
249783
272603
277345
288594
310658
311495
335754
357183
365752
375362
377871
380641
382950
386623
386842
391456
404577
412039
414744
416822
433586
440365
445641
446936
450875
457360
464107
490720
493256
506951
514440
516019
523425
527605
532531
551493
557239
579828
590471
629671
657993
669885
684769
686320
688103
690305
694261
695198
712039
732083
750275
760015
784312
793064
802010
815145
822533
837461
866687
872505
874439
876986
883403
887918
893815
901593
905206
907910
922266
929413
936187
946007
953624
984414
987372
988795
996020
996836
