1000
75
5077
5874
6599
6883
7907
8702
9011
10422
14492
18391
19912
21071
21544
21787
21907
22157
23173
23648
25331
26544
26592
27159
29793
31906
33558
36900
38044
38259
38990
40137
43899
45360
46521
48668
49176
49942
49987
51646
51813
51879
54836
55324
55689
55773
58439
59582
59664
61660
62494
64904
67717
67855
69484
70653
71185
73057
74756
78038
78446
80657
81460
82035
82641
82703
82833
83668
84285
85922
86667
87636
88049
90354
90747
90925
92009
96092
99158
99531
101512
102922
103914
106628
106681
107314
107539
107556
108580
110437
110978
118620
119327
120135
121924
122764
123965
124152
125847
126795
127391
130008
132006
134511
135012
135169
138399
138686
138752
139654
139727
140337
140566
141199
141238
143890
144482
146319
149593
150139
150367
150566
150650
150859
150920
151371
151823
152969
153246
154488
154849
156645
158919
159520
160525
161191
161588
161601
161778
162573
163027
164382
165409
165968
166736
168358
170509
171093
174042
174253
175752
176166
177062
177487
177844
177936
178893
179652
181078
182157
182235
182369
183700
184422
187047
188485
189960
189961
190315
190393
193012
193768
194229
194474
194629
196442
200322
201300
201520
201817
202799
203708
206776
207819
208648
210107
210707
211620
212269
212780
213203
213904
215288
215720
217416
217557
217705
219225
220165
220394
221871
222803
226157
229336
229799
230242
231455
231875
232461
232622
233932
234784
237900
239080
239452
240782
242567
247856
248430
248623
252644
254647
255223
255442
255513
255620
257775
257884
259179
264008
264159
264638
265470
265952
266040
266747
268873
268949
269003
270230
270688
271573
272486
272769
273575
273915
274201
274236
274776
275326
278980
280939
281528
284168
288269
288303
291241
291957
292113
293503
293802
294247
294399
295160
299251
300168
301106
301745
303047
303997
305009
305027
305422
305626
306356
306801
307143
308292
308504
308923
310567
310814
311048
313228
313333
313429
313661
314453
314881
314940
316858
316881
318140
320255
321282
324035
324732
325332
325730
326302
326657
327421
330072
330545
332613
332746
334020
334254
336087
336355
336591
337643
338835
340186
342130
342307
342311
342334
343063
343236
343326
343816
348048
349332
351115
351228
351680
351962
352056
352269
352460
352643
353311
353553
355021
355487
356705
356963
357604
357815
360522
364609
364712
364978
365503
366366
368048
368273
369018
369035
369619
370298
370339
372649
372712
373905
373974
374292
374847
376055
377799
378038
378740
378985
379710
380464
381591
381646
383195
383220
383763
386468
387312
387827
387967
387987
389185
389526
390395
390396
390724
390940
391136
391601
392180
392533
392598
392622
395255
395281
396146
398086
399071
399621
399849
400976
403586
406787
408178
408215
412907
414487
414967
416037
416276
416709
416852
417087
417830
419647
419736
419890
420243
420622
420936
421633
421685
422339
422815
423560
424150
424604
425263
425688
425774
426607
428294
428766
429752
432160
432313
433298
433768
436428
436825
438999
439657
440411
440715
440790
441669
441811
442193
443499
447461
448004
448007
448991
449424
451025
451778
453274
454201
454822
455121
455130
455589
456157
457178
457982
458717
458831
459571
460938
462086
462763
464377
464432
464785
465182
466150
466182
467071
467778
470726
470868
471307
473324
473798
474851
475110
477147
477667
478319
481425
481658
482652
483349
483702
485550
486981
487435
487741
490447
490699
490733
492149
493208
494044
495050
496616
497707
498093
498589
499633
499991
500306
502056
503485
504700
507095
508108
508505
508722
508766
510717
510746
511266
513343
514569
516993
517137
518570
519562
520191
522761
522866
523337
524269
525170
529407
529450
533753
534314
536100
536967
540125
540402
542673
543064
544576
544635
544999
547241
547644
549427
549878
553003
553169
555010
556274
556325
556445
557043
559451
561533
561588
561849
562006
562711
562815
563515
564968
569391
569431
570578
571682
573291
577246
581495
582157
582215
582774
583005
583124
583148
583736
584222
584430
584992
585385
589019
589316
590792
592265
592366
594415
594440
597505
597796
598586
599219
600416
601189
602822
602858
603402
604063
606180
606696
608156
608618
610551
611387
611421
614014
614976
615585
616062
616727
616769
620260
620281
620517
620959
621271
624627
626712
630362
631234
632802
634256
635563
636125
636991
638179
642017
642059
643197
643268
643893
646388
648470
648889
652361
654587
655494
655759
655920
656212
657343
658029
658170
661568
662705
664169
664267
664290
664616
668670
669217
669370
670731
671460
671553
672171
674081
674923
675628
676919
679630
679711
682102
686630
686828
688719
688977
689120
689930
690411
691135
692284
692501
693246
695534
695676
696021
697082
697307
697616
698389
698761
699138
699542
700842
701296
701388
702610
704575
706416
707041
708710
708727
709059
709094
709741
711762
713553
714238
716346
717973
718023
718068
719526
721348
721575
722910
723101
726514
727410
728155
729712
731703
734258
734298
736632
739740
741068
741247
741700
743507
743983
745611
746118
747178
747831
748896
750422
751469
753095
753798
754299
754836
754940
755145
756577
757255
757293
757326
761423
762912
763178
763339
763602
764322
765566
765635
766484
767243
767464
767693
767820
768438
768769
768784
769338
769765
769867
770323
772485
777861
778358
780184
781918
783116
783754
784354
786347
786717
787207
787707
789122
789375
790011
790816
792270
792437
792519
793347
794336
794438
794718
798664
800952
801085
801379
801489
801802
802104
802225
803843
804467
806025
806189
806593
806909
807623
809760
810785
812261
813109
813607
814488
814538
816661
818901
819163
819323
819659
820476
820922
821093
823394
823857
824015
824245
824775
825577
829316
829731
829754
830482
830664
831750
833402
834361
835124
836517
837017
837675
837821
838666
838910
839023
839099
840830
841074
843071
844124
844173
844709
845162
845611
848301
850831
853145
853520
854119
854224
854455
854909
855143
855322
855502
856160
856897
857877
858661
859642
859995
860184
860669
860904
861075
862426
864155
864255
865168
865186
866642
866827
867208
867538
871632
873169
874135
874875
876301
877241
877901
878305
879033
880352
880987
881989
882682
883497
885492
886164
889054
889506
889704
890033
890976
892223
893278
895673
896072
896282
896523
896823
897997
898357
899176
900582
902256
902367
902841
904092
906332
907786
908957
909682
909740
911285
911983
913895
914343
915475
918000
918546
919195
919743
922093
923509
923536
923754
924946
925227
931973
932254
932310
932683
932751
933924
934089
934154
934644
935057
935261
936586
936792
938086
938739
940418
940920
942563
942837
944132
946552
947077
947505
948289
948484
949123
949149
950971
950976
951295
953172
953393
954988
955557
955602
955830
956864
957436
958911
959850
960325
961348
963340
965862
966393
966681
968438
968507
968883
969301
970626
972533
972697
974255
975965
976375
976661
976711
977082
980725
982316
983149
984012
984962
986594
986683
989796
990565
994558
996708
997526
997908
