10000
80
109
215
239
240
331
529
541
555
689
706
931
945
956
980
1072
1094
1183
1336
1346
1415
1526
1631
1839
1869
1967
2005
2163
2189
2244
2496
2590
2724
2867
3036
3091
3229
3328
3392
3748
3804
4064
4286
4306
4453
4484
4681
4877
4915
4989
5201
5274
5439
5457
5536
5634
5740
5792
5920
6172
6224
6397
6452
6474
6476
6483
6510
6689
6723
6756
6804
6898
7044
7047
7061
7075
7228
7598
7605
7661
7679
7715
8380
8405
8474
8573
8706
8840
8862
9040
9108
9135
9239
9345
9348
9473
9551
9694
10011
10099
10118
10121
10268
10270
10274
10274
10448
10623
11003
11235
11354
11398
11404
11549
11577
11590
11607
11620
11731
11747
11840
11844
12151
12314
12327
12656
12678
12699
12734
13023
13055
13148
13186
13200
13205
13258
13342
13455
13668
13674
13713
13729
13852
14341
14792
14927
15098
15265
15499
15525
15571
15689
15709
15966
16008
16388
16419
16454
16459
16479
16574
16582
16625
16770
16774
16877
16941
17107
17125
17185
17260
17285
17431
17478
17562
17604
17651
17740
17888
17923
17990
18110
18176
18263
18487
18531
18604
18628
18649
18667
18798
18849
18925
18969
19078
19084
19085
19205
19318
19580
19630
19763
20002
20116
20123
20127
20172
20188
20237
20510
20625
20641
20705
20713
20722
20778
20927
20998
21243
21311
21384
21389
21395
21500
21563
21627
21648
21652
21680
21682
21731
21791
21813
21828
21878
21921
22062
22291
22462
22640
22659
22894
22947
22974
23026
23666
23715
23809
23856
24006
24115
24572
24726
24735
24917
24971
25252
25338
25362
25424
25438
25466
25539
25655
25925
25946
26153
26267
26321
26353
26519
26766
26880
27149
27250
27259
27429
27550
27576
27781
27800
27898
27933
28007
28243
28288
28351
28429
28468
28516
28541
28632
28662
28831
28961
29321
29363
29394
29480
29523
29552
29572
29728
29904
30199
30290
30406
30461
30477
30537
30597
30645
30806
30877
31012
31257
31279
31419
31554
31615
31657
31686
31788
31830
31877
31890
31944
31959
32264
32271
32290
32303
32344
32357
32360
32367
32552
32627
32759
32915
33061
33206
33319
33388
33583
33880
33910
34061
34171
34431
34441
34598
34616
34654
34658
34802
35059
35203
35356
35372
35674
35712
35797
35845
35863
35998
36024
36109
36222
36286
36321
36635
36936
37269
37305
37506
37628
37817
37821
37865
38036
38137
38175
38186
38237
38344
38430
38473
38637
38726
38883
38935
39189
39242
39268
39310
39723
39903
40070
40089
40167
40256
40352
40355
40671
40738
40782
40819
41097
41623
41686
41841
42012
42217
42235
42306
42330
42510
43047
43119
43226
43263
43303
43321
43330
43391
43470
43552
43603
43709
43907
43979
44069
44083
44220
44223
44344
44367
44380
44428
44543
44612
44653
44786
44851
44915
45165
45187
45296
45338
45418
45488
45499
45801
45912
46083
46146
46151
46160
46221
46453
46528
46617
46666
46876
46916
47304
47384
47510
47830
47841
48111
48167
48226
48482
48697
48749
48771
49063
49072
49286
49420
49589
49624
49628
49737
49798
49905
49933
50148
50243
50267
50762
51115
51224
51232
51429
51508
51515
51533
51560
51832
51853
51887
52150
52364
52384
52443
52586
52707
52707
52787
52936
52955
53088
53093
53095
53167
53356
53371
53414
53591
53759
53818
53836
53912
53923
54117
54328
54436
54562
54863
54866
54892
54896
55157
55246
55376
55388
55453
55483
55598
55753
55822
55839
55869
55912
56015
56083
56176
56326
56353
56398
56766
56858
56999
57007
57017
57123
57154
57186
57475
57520
57598
57718
57738
58083
58136
58325
58472
58484
58499
58583
58679
58722
58933
58939
58976
59261
59446
59461
59667
59744
59778
59787
59886
59959
60397
60748
60894
61010
61035
61077
61324
61449
61532
61760
61818
61954
62042
62069
62141
62210
62692
62734
62846
62882
62936
63088
63126
63180
63797
63892
64126
64133
64333
64512
64521
64589
64722
64728
64771
64796
64825
65057
65120
65267
65346
65502
65720
65736
65774
65778
65790
65791
66112
66172
66316
66357
66358
66465
66656
66683
66730
66743
66751
66769
66908
66920
66926
66943
67022
67031
67075
67087
67090
67092
67133
67193
67213
67416
67523
67606
67657
67694
67850
67919
68005
68095
68145
68163
68246
68263
68545
68580
68702
68784
68902
68953
69012
69032
69035
69220
69604
69795
69833
69987
70076
70122
70272
70374
70493
70551
70601
70679
70803
71145
71162
71560
71563
72017
72167
72234
72290
72392
72394
72533
72569
72672
72710
72985
73111
73129
73522
73611
73897
73898
73994
74030
74141
74194
74206
74393
74401
74468
74510
74535
74588
74646
74665
74691
74733
74742
74799
74893
75024
75082
75115
75378
75514
75540
75559
75592
75602
75692
75748
75800
75849
76065
76091
76199
76309
76347
76674
76683
76709
76757
76772
76871
76917
76931
77015
77022
77042
77137
77270
77283
77299
77431
77452
77483
77721
77793
77984
78054
78078
78080
78201
78224
78315
78367
78445
78483
78553
78647
78756
78803
78836
78918
79214
79275
79319
79429
79604
79757
79900
80026
80177
80348
80373
80487
80496
80767
81035
81242
81283
81399
81449
81482
81735
81741
81890
81993
82030
82063
82125
82222
82350
82410
82466
82480
82595
82677
82847
83051
83054
83105
83123
83203
83418
83433
83467
83653
83779
83783
83869
83908
84092
84255
84266
84346
84381
84387
85384
85472
85483
85500
85510
85619
85709
85745
85780
85858
86243
86292
86300
86362
86389
86478
86571
86613
86692
86737
86742
86786
86870
86880
87044
87156
87304
87316
87428
87506
87530
87643
87728
87761
88141
88301
88311
88379
88383
88440
88504
88645
88744
88784
89160
89201
89283
89510
89538
89561
89853
89870
89942
90037
90060
90199
90239
90287
90302
90302
90379
90390
90504
90539
90653
90820
90931
90961
91218
91278
91312
91486
91500
91583
91777
91880
92012
92510
92522
92529
92650
92769
92992
93001
93007
93195
93286
93288
93348
94058
94071
94090
94258
94316
94325
94337
94651
94680
94732
94744
94887
94909
94921
94927
95077
95186
95339
95410
95468
95505
95570
95620
95641
95703
95927
95993
96117
96127
96302
96361
96368
96630
96746
96796
96931
96988
97000
97010
97144
97289
97328
97389
97395
97505
97534
97534
97768
98302
98317
98565
98786
98832
98955
99026
99065
99320
99518
99558
99803
99839
99946
100078
100101
100192
100209
100366
100427
100703
100742
100761
100789
100941
100949
100999
101220
101268
101485
101692
101781
101979
102269
102433
102442
102542
102635
102803
103038
103053
103155
103270
103309
103367
103370
103383
103412
103477
103993
104021
104077
104097
104110
104135
104175
104236
104345
104634
104679
104791
104830
104918
105043
105101
105115
105314
105381
105399
105461
105577
105676
105730
105751
105810
105906
105929
105943
106015
106018
106127
106168
106502
106518
106633
106634
106676
106686
106707
106805
107069
107206
107226
107482
107489
107502
107572
107607
107979
108000
108090
108467
108500
108571
108615
108635
108700
108922
109099
109183
109198
109227
109487
109733
109804
110131
110223
110413
110495
110657
110671
110689
110742
110791
110858
110892
111108
111266
111269
111330
111376
111378
111397
111413
111575
111595
111741
111813
111864
111881
111889
111895
112004
112218
112337
112371
112526
112573
112610
112737
112793
112854
113004
113043
113175
113263
113393
113423
113442
113723
113831
113892
113947
114048
114143
114504
114850
115127
115260
115272
115318
115483
115509
115658
115689
115696
115708
115832
116158
116400
116689
116709
116761
116890
116897
116917
117042
117117
117154
117476
117673
117797
117809
117882
118153
118297
118329
118502
118568
118618
118786
118975
118993
119052
119074
119582
119711
119754
119760
119841
119878
119897
119982
120433
120518
120687
120799
120803
121000
121098
121279
121463
121502
121533
121767
121782
121891
121927
122084
122102
122241
122527
122703
122843
123005
123035
123193
123195
123386
123393
123554
123611
123674
123903
123904
123983
124052
124229
124263
125057
125161
125277
125363
125423
125589
125720
125725
125739
125831
125858
126020
126034
126169
126440
126536
126735
126888
126918
127180
127181
127211
127304
127336
127409
127424
127483
127571
127781
128039
128055
128407
128413
128583
128607
128691
128795
128797
128877
128881
128942
128973
129225
129334
129469
129477
129512
129617
129632
129677
129771
129779
129782
129965
129983
130038
130059
130077
130203
130304
130419
130546
130802
130820
130884
130900
131096
131206
131269
131322
131592
131755
131793
131797
131829
131935
132053
132100
132464
132481
132524
132545
132646
132943
132984
133084
133328
133402
133432
133463
133627
133667
133678
133926
134259
134432
134660
134735
134817
134966
134983
135002
135015
135310
135467
135892
135910
136057
136120
136174
136285
136345
136484
136511
136739
136785
137185
137408
137639
137770
137778
137975
137989
138003
138020
138119
138177
138694
138742
138769
138872
138919
138961
139216
139371
139415
139425
139445
139449
139519
139550
139561
139639
139656
139746
139792
139899
139922
139974
140148
140326
140366
140383
140448
140523
140689
141037
141059
141150
141547
141608
141660
141719
141720
141757
141849
141939
141974
142047
142201
142210
142361
142619
142663
142760
142829
142986
143095
143113
143129
143290
143309
143324
143387
143393
143444
143632
143640
143793
143856
143882
143900
144021
144041
144113
144131
144407
144460
144472
144521
144797
144916
144920
144923
144927
144992
145014
145033
145081
145132
145172
145286
145298
145441
145485
145573
145673
145680
146017
146170
146324
146356
146441
146451
146465
146519
146524
146593
146705
146746
146798
146806
146929
147418
147422
147862
147907
148385
148436
148464
148621
148920
148981
149159
149202
149226
149241
149315
149431
149668
149723
149783
150089
150137
150155
150368
150428
150455
150503
150876
150905
151011
151043
151214
151307
151321
151328
151334
151560
151585
151616
151747
151769
151887
152090
152365
152849
152883
153097
153099
153173
153271
153403
153452
153514
153524
153635
153920
154019
154130
154241
154370
154596
154699
154901
155032
155066
155108
155177
155305
155534
155558
155604
155707
155898
155973
155985
156019
156045
156090
156285
156361
156488
156517
156534
156646
156684
156839
157048
157218
157290
157427
157439
157529
157837
157866
158019
158095
158265
158454
158538
158985
159051
159089
159200
159304
159311
159412
159460
159543
159557
159582
159586
159746
159977
160525
160545
160578
161027
161275
161284
161298
161328
161523
161524
161800
161814
161837
162153
162239
162291
162392
162484
162557
162746
162768
162801
162820
162835
162991
163152
163261
163272
163304
163337
163863
164392
164485
164564
164639
164691
165033
165143
165343
165379
165540
165612
165776
166113
166164
166185
166198
166319
166545
166621
166651
166677
166826
166987
167032
167183
167196
167266
167503
167612
167732
167735
168094
168133
168181
168187
168278
168350
168410
168418
168449
168630
168812
168971
169022
169127
169256
169397
169418
169484
169497
169499
169579
169872
170013
170027
170103
170120
170506
170564
170713
170740
170899
170906
171154
171184
171353
171455
171719
171812
171861
171866
172109
172150
172230
172406
172693
172785
172798
173258
173295
173374
173542
173605
173641
173710
173846
174119
174267
174309
174451
174528
174614
174648
174702
174723
174787
174804
174975
175070
175091
175109
175334
175466
175502
175513
175614
175639
175759
175764
175923
175998
176302
176311
176339
176487
176555
176599
176634
176653
176677
176698
176770
176942
177059
177096
177103
177156
177620
177807
177896
177920
177982
178028
178039
178093
178191
178220
178323
178335
178407
178446
178522
178799
178802
178807
178987
179000
179020
179080
179333
179596
179752
179837
179978
180358
180372
180453
180581
180751
181021
181155
181238
181647
181893
182058
182155
182221
182265
182276
182543
182565
182618
182697
182748
182857
182941
182989
183032
183111
183161
183240
183289
183542
183544
183587
183594
183597
183622
183801
184220
184283
184286
184322
184370
184464
184561
184765
184794
184795
184864
184990
185011
185149
185207
185308
185589
185598
185656
185763
185787
185796
185799
185899
186050
186185
186370
186391
186421
186549
186600
186764
186840
186914
187102
187179
187275
187314
187348
187359
187438
187501
188266
188336
188390
188432
188451
188466
188487
188621
188648
188652
188726
188834
188865
188943
189094
189365
189562
189615
189619
189686
189731
189741
189767
189858
189861
190364
190396
190437
190441
190460
190568
190643
190650
190735
190794
190903
190939
191008
191042
191178
191211
191215
191431
191474
191512
191539
191584
191764
191829
191876
191982
192071
192107
192166
192271
192592
192728
192746
192836
192898
192939
192981
193015
193179
193228
193267
193379
193483
193556
193569
193614
193621
193651
193803
194031
194034
194117
194233
194257
194496
194547
194643
194662
194760
194953
195041
195139
195392
195522
195730
195852
195929
196010
196195
196289
196323
196428
196454
196461
196532
196560
196827
196865
197068
197108
197202
197217
197282
197383
197396
197557
197686
197705
197731
197791
197901
197990
198312
198521
198551
198578
198803
198846
198918
198925
198992
199333
199376
199425
199502
199678
199718
199800
199904
199976
199998
200117
200212
200240
200246
200363
200434
200454
200498
200567
200606
200614
200785
201237
201280
201420
201437
201568
201667
201721
201830
201849
202043
202462
202639
202692
202721
202722
202750
202751
202836
202855
202862
202907
202932
202946
203011
203244
203326
203402
203543
203661
203709
203721
203837
203980
203991
204243
204340
204388
204424
204504
204615
204633
204694
204734
204749
204787
204798
204832
205103
205199
205254
205305
205339
205391
205517
205664
205751
205837
205868
205873
205918
206036
206054
206062
206131
206147
206154
206357
206375
206579
206778
206997
207242
207340
207391
207627
207747
207784
207799
207825
208030
208092
208162
208269
208344
208400
208421
208430
208570
208688
208839
208872
208915
209010
209035
209067
209079
209081
209103
209190
209236
209432
209451
209569
209611
209629
210080
210110
210165
210472
210481
210606
210823
210840
211246
211280
211324
211390
211488
211537
211553
211703
211713
211775
212128
212278
212325
212450
212632
212634
212646
212683
212690
212736
212754
212781
212781
212847
212928
212995
213013
213352
213456
213469
213631
213686
213699
213800
213882
214094
214108
214442
214445
214481
214759
214766
214780
214803
214843
215074
215267
215321
215392
215546
216028
216071
216131
216208
216278
216337
216481
216499
216529
216830
216837
216960
217081
217129
217145
217559
217606
217684
217758
217774
217886
217900
217979
217982
218037
218092
218158
218234
218402
218493
218736
218956
219028
219110
219246
219277
219439
219474
219595
219639
219707
219721
219979
219990
220064
220071
220086
220203
220290
220311
220366
220434
220456
220568
220573
220622
220665
220718
220745
220839
220943
221080
221152
221263
221404
221445
221517
221814
221905
222181
222240
222319
222334
222429
222460
222747
222906
222920
222994
223185
223207
223223
223280
223325
223388
223549
223779
223797
223938
223938
223943
223970
224762
224774
224811
224938
225001
225022
225239
225242
225255
225375
225535
225569
225679
225809
226297
226334
226340
226493
226691
226817
226921
226990
227054
227439
227447
227465
227473
227574
227606
227669
227706
228067
228108
228305
228388
228435
228597
228850
228959
228969
228969
229002
229082
229138
229208
229266
229399
229674
229688
229708
229740
229796
230060
230138
230198
230247
230276
230296
230379
230412
230701
230964
231006
231041
231054
231224
231345
231437
231656
231678
231826
231978
231979
232008
232101
232398
232469
232501
232568
232617
233394
233411
233565
233606
233791
233813
233884
233908
233961
234030
234048
234202
234207
234355
234473
234514
234683
234729
234793
234908
234939
235301
235382
235470
235549
235562
235597
235682
235699
235748
235943
236024
236197
236527
236560
236645
236874
237086
237523
237534
237686
237769
237830
237890
238042
238293
238853
238963
239041
239105
239177
239236
239281
239318
239422
239474
239506
239506
239694
239772
239806
239882
239891
239933
239994
240033
240422
240448
240466
240599
240809
240874
240891
241249
241346
241420
241432
241604
241701
241778
241783
241904
242245
242251
242253
242312
242481
242585
242602
242847
242971
243101
243283
243379
243453
243497
243521
243579
243721
243877
243931
244006
244057
244342
244517
244773
244874
245010
245232
245280
245364
245471
245573
245788
245797
246003
246440
246586
246660
246765
246826
247012
247028
247170
247210
247552
247704
247885
248118
248159
248216
248300
248328
248373
248609
248615
248669
248671
248707
248714
248782
248891
248923
248980
248982
249026
249169
249212
249248
249317
249328
249357
249446
249459
249472
249595
249620
249637
249660
249737
249788
249916
250137
250213
250213
250230
250261
250313
250402
250490
250567
250581
250604
250765
250836
250971
251165
251532
251632
251817
251960
252260
252345
252382
252479
252661
252673
252679
252765
252803
252827
252896
253095
253127
253275
253556
253904
253979
254062
254072
254123
254520
254632
254824
254999
255115
255121
255128
255151
255257
255273
255456
255526
255533
255609
255725
255777
255870
255894
255909
256130
256192
256280
256491
256703
256728
256891
256980
257003
257065
257076
257138
257188
257224
257284
257303
257408
257507
257888
257971
258074
258245
258503
258776
258805
258971
258997
259002
259070
259144
259351
259385
259411
259535
259564
259728
259743
259793
259816
260199
260313
260392
260422
260657
260684
260827
260962
260975
261213
261296
261433
261495
261603
261751
262237
262259
262264
262345
262439
262558
262579
262616
262706
262718
262785
262789
262872
263009
263041
263133
263231
263359
263499
263679
263906
263941
264092
264268
264336
264456
264612
264689
264861
264882
265007
265023
265205
265270
265640
265676
265949
266029
266056
266180
266324
266332
266467
266739
266827
267023
267147
267273
267360
267450
267518
267558
267899
268068
268482
268511
268564
268604
268697
268817
268881
269068
269245
269288
269552
269618
269645
269667
269821
269849
270056
270247
270375
270404
270532
270597
270618
270645
270713
270858
270882
270994
271035
271112
271243
271261
271296
271488
271572
271759
272141
272246
272257
272338
272387
272414
272540
272548
272598
272647
272686
272917
272926
273045
273134
273227
273246
273257
273511
273749
273927
273977
274028
274033
274175
274422
274506
274595
274624
274735
274854
275011
275099
275198
275433
275521
275554
275560
275575
275635
275654
275742
275911
275993
276020
276066
276355
276358
276551
276553
276596
276663
276793
276803
276840
276869
276884
276997
277117
277166
277400
277508
277527
277537
277996
278393
278505
278540
278611
278641
278777
278975
279093
279389
279654
279768
279912
279914
279959
280151
280445
280470
280604
280643
280647
280674
281023
281154
281581
281782
281961
282071
282102
282119
282258
282352
282461
282471
282598
282637
282708
283041
283231
283318
283467
283502
283537
283605
283625
283934
283939
284372
284564
284832
284880
284954
284971
285377
285399
285525
285811
285867
286028
286049
286099
286210
286245
286272
286374
286415
286466
286537
286559
286567
286728
286751
286765
286800
287035
287065
287186
287457
287492
287557
287664
287714
287761
287921
287974
288123
288156
288184
288234
288485
288543
288543
288544
288716
288810
288853
288969
289000
289057
289508
289586
289716
289808
289883
290086
290140
290250
290318
290410
290449
290453
290455
290490
290900
290994
291023
291149
291154
291388
291617
291665
291712
291764
291883
291922
292071
292102
292106
292515
292519
292535
292556
292812
292854
292934
292962
293010
293275
293379
293410
293541
293621
293678
293886
294040
294119
294150
294238
294379
294630
294686
294819
294862
294869
294950
294964
294999
295206
295258
295519
295554
295627
295675
295691
295808
295833
296082
296182
296361
296666
296936
296971
297156
297241
297375
297405
297470
298027
298106
298124
298233
298308
298570
298607
298668
298670
298884
298979
299016
299026
299054
299080
299130
299220
299257
299287
299554
299592
299655
299745
299908
300177
300223
300481
300572
300900
300960
301085
301097
301195
301323
301405
301504
301551
301618
301623
301677
301736
301774
301817
301865
301937
301972
302151
302199
302215
302336
302510
302617
302669
303111
303143
303256
303352
303538
303722
303847
304074
304077
304237
304375
304522
304553
304731
304744
304750
304775
304797
304889
304958
305015
305090
305240
305269
305317
305437
305479
305529
305530
305532
305677
305698
305944
305955
306073
306089
306199
306491
306524
306603
306909
306919
306998
307021
307196
307556
307905
307917
307982
308140
308191
308194
308262
308377
308650
308787
308852
309104
309384
309468
309766
309833
309862
309867
309942
310016
310105
310155
310569
310837
310866
310900
310955
311084
311104
311120
311419
311466
311550
312019
312090
312140
312160
312179
312204
312310
312489
312568
312780
312892
312952
312955
312994
313083
313159
313393
313513
313606
313671
313672
313906
313923
314052
314061
314074
314080
314118
314136
314241
314262
314418
314605
314668
314693
314742
314750
314894
315023
315063
315089
315164
315262
315329
315534
315600
315730
315776
315785
315843
315993
315997
316117
316390
316698
316873
317212
317227
317257
317488
317518
317758
317803
317819
317866
317928
317988
318168
318199
318215
318630
318648
318807
318833
318887
318920
318932
319258
319377
319429
319459
319473
319484
319574
319620
319930
320385
320395
320416
320569
320576
320621
320847
320874
320969
321060
321374
321446
321561
321777
321781
321787
321791
321873
321945
321981
322018
322033
322092
322092
322130
322330
322344
322347
322387
322518
322573
322616
322719
322719
322825
322857
323110
323245
323333
323344
323450
323509
323546
323603
323784
324005
324053
324097
324403
324509
324567
324645
324702
324764
324822
324940
324986
325266
325526
325816
325884
326036
326417
326435
326454
326508
326562
326616
326683
326884
326993
327020
327054
327100
327107
327214
327393
327539
327555
327945
327992
328057
328181
328332
328366
328410
328502
328599
328668
328768
328830
328837
328839
328906
329114
329309
329392
329449
329677
329854
329906
329914
330044
330269
330283
330284
330331
330354
330541
330820
330932
331013
331047
331082
331106
331211
331256
331778
331805
331947
332019
332076
332366
332437
332645
333072
333075
333238
333300
333454
333519
333547
333563
333618
333623
334089
334107
334167
334298
334528
334732
334886
334973
334986
335068
335068
335144
335151
335200
335224
335349
335448
335477
335646
335648
335727
335732
335788
335827
335900
335990
336113
336191
336390
336446
336534
336680
336770
336796
336879
337796
337838
337935
338093
338102
338142
338269
338303
338453
338455
338476
338516
338650
338711
338721
338739
338853
338987
339009
339058
339154
339209
339285
339507
339891
340162
340617
340659
340679
340799
340947
341060
341218
341294
341305
341347
341562
341576
341738
341743
341746
341812
341970
342003
342087
342402
342402
342411
342671
342805
342838
343051
343182
343308
343320
343342
343345
343655
343686
343700
343817
343857
343901
344020
344122
344147
344221
344241
344475
344476
344599
344622
344789
344916
345147
345198
345324
345492
345546
345662
345862
346158
346370
346427
346486
346676
347117
347173
347375
347677
347940
348080
348087
348136
348677
348716
348803
348816
348965
348982
349008
349096
349208
349211
349292
349396
349497
349600
349663
350031
350034
350066
350083
350167
350214
350454
350504
350623
350858
350938
350963
351205
351341
351341
351438
351495
351634
351742
351798
351847
351945
352006
352391
352521
352600
352607
352654
352661
352721
353211
353383
353640
353652
353684
353891
353912
354330
354353
354396
354815
354898
354951
355225
355299
355345
355357
355476
355585
355684
355736
355847
355932
355956
356018
356074
356185
356695
356865
356939
357078
357084
357212
357296
357329
357377
357393
357459
357461
357492
357636
357645
357767
357914
357988
358123
358227
358254
358420
358724
358756
358779
358789
358923
358952
358977
359056
359135
359155
359415
359613
359617
359645
359680
359690
359928
360013
360148
360225
360277
360430
360456
360560
360606
360615
360866
360868
360919
360975
361006
361026
361213
361228
361301
361408
361490
361533
361608
361913
361938
362064
362094
362176
362208
362262
362283
362351
362390
362465
362567
362574
362627
362643
362793
362825
362878
362895
362914
363004
363091
363093
363275
363328
363470
363557
363562
363643
363695
364120
364195
364335
364407
364492
364794
364901
365013
365026
365117
365230
365336
365513
365653
365659
365838
366097
366197
366229
366243
366248
366265
366283
366368
366397
366657
366803
366812
367116
367122
367277
367377
367378
367472
367494
367561
367567
367605
367717
367793
367969
368004
368035
368061
368237
368250
368289
368316
368579
368634
368694
368697
368870
368943
369065
369129
369367
369476
369617
369807
369905
370074
370078
370097
370242
370395
370497
370638
370726
370737
370742
370872
370896
371196
371328
371393
371413
371522
371557
371764
371786
371804
371865
371895
371909
371945
371952
371972
372063
372493
373036
373266
373321
373352
373372
373475
373540
373604
373765
373914
373962
373995
374154
374367
374536
374560
374646
374684
374754
374872
374887
374940
375038
375153
375337
375370
375463
375470
375502
375529
375551
375585
375712
375753
375803
376049
376117
376251
376256
376486
376518
376581
376723
376850
376859
376988
377015
377060
377070
377101
377195
377225
377243
377277
377322
377418
377504
377526
377642
377659
377670
377685
377735
377763
377829
377853
377878
378064
378237
378339
378547
378678
378937
378976
378981
379086
379209
379303
379348
379377
379397
379573
379735
379979
379985
380079
380175
380211
380312
380334
380449
380490
380627
380710
380718
380815
381013
381079
381088
381110
381233
381461
381567
381579
381581
381656
381700
381932
381981
382178
382197
382285
382325
382628
382801
382825
382852
382878
383141
383170
383414
383415
383604
383665
383665
383684
383791
383996
384176
384179
384286
384470
384500
384535
384665
384826
384871
384881
385170
385191
385356
385548
385555
385672
385735
385860
385942
386345
386473
386570
386588
386597
386650
386673
386813
386831
386857
386919
387039
387041
387155
387163
387176
387354
387378
387596
387688
388173
388264
388273
388322
388375
388489
388726
389005
389017
389087
389194
389376
389491
389597
389860
389875
389892
389962
390047
390094
390473
390544
390568
390729
390771
390902
390928
390963
391182
391546
391618
391713
391746
391986
391994
392156
392215
392386
392519
392564
392597
392686
392765
392852
392986
392998
393009
393083
393111
393133
393202
393271
393294
393501
393590
393593
393607
393637
393650
393669
393734
393754
393788
393834
393871
394128
394134
394481
394505
394506
394664
394695
394696
394704
394845
394937
394990
395034
395155
395201
395291
395490
395497
395587
395606
395719
395825
395827
395920
396051
396105
396175
396180
396244
396265
396432
396587
396640
396758
396808
396837
396867
396895
396955
397138
397161
397350
397792
397842
398173
398407
398411
398424
398475
398847
398916
398931
398985
399124
399165
399246
399295
399330
399728
399752
399876
399906
399930
399948
400006
400384
400395
400626
400635
400679
400741
401035
401084
401102
401187
401512
401787
401911
402077
402474
402494
402585
402723
402826
402876
402895
402958
403002
403365
403440
403525
403531
403640
403703
403785
403887
403942
403954
403996
404356
404520
404559
404639
404766
404819
405273
405354
405440
405480
405704
405923
406069
406089
406103
406287
406452
406457
406516
406612
406658
406675
406741
406767
406797
406857
406886
407051
407102
407318
407424
407508
407929
408121
408200
408214
408419
408506
408735
408764
408800
408928
408937
409102
409117
409167
409208
409229
409361
409392
409460
409547
410072
410107
410151
410224
410271
410333
410535
410542
410663
410845
410938
411039
411057
411075
411112
411221
411225
411311
411505
411598
411909
411920
411937
412063
412161
412319
412471
412477
412538
412584
412600
412668
412804
413001
413008
413099
413152
413370
413441
413634
413846
414120
414141
414228
414272
414442
414542
414548
414597
415122
415196
415198
415352
415528
415550
415687
415708
415731
415750
415772
415797
415850
416218
416259
416326
416468
416641
416664
416682
417010
417157
417244
417381
417416
417676
417719
417733
417901
418091
418271
418294
418398
418402
418467
418491
418506
418546
418548
418635
418757
419081
419296
419435
419449
419456
419469
419470
419502
419777
419921
420014
420081
420145
420186
420368
420489
420514
420527
420666
420686
420837
420841
420878
421110
421534
421535
421789
421902
422026
422162
422313
422323
422477
422529
422564
422717
422758
423465
423829
423963
424109
424390
424471
424525
424531
424539
424579
424581
424786
424836
424912
425254
425314
425317
425324
425415
425446
425498
425621
425670
425839
425893
425939
425945
425945
425958
426120
426121
426138
426302
426360
426636
426727
426864
427101
427104
427132
427508
427827
427903
428284
428294
428358
428432
428452
428589
428689
428727
428771
428932
428948
428989
429008
429036
429308
429386
429416
429662
429664
429682
429693
429757
429836
429956
430115
430144
430184
430198
430424
430430
430697
430701
430723
430748
430810
430838
430859
430991
430993
430997
431009
431078
431105
431262
431542
431605
431723
431842
431858
432033
432034
432208
432564
432568
432648
432750
433002
433021
433138
433322
433406
433473
433603
433635
433650
433750
433815
433910
433973
434258
434314
434326
434387
434513
434764
434991
435232
435567
435680
435699
435827
436099
436207
436241
436289
436484
436632
436643
436665
436697
436789
436895
436987
437071
437171
437196
437252
437267
437276
437485
437610
437866
437994
438149
438179
438194
438251
438422
438494
438498
438623
438763
438895
439171
439276
439349
439765
439780
439789
439808
439901
439978
440057
440060
440204
440346
440370
440440
440450
440500
440509
440536
440737
440848
440921
440988
441025
441120
441142
441322
441339
441357
441469
441821
442044
442087
442112
442152
442176
442254
442407
442442
442515
442732
442838
442925
442926
442935
443027
443065
443112
443211
443252
443324
443479
443610
443618
443727
443824
443843
443923
444059
444128
444171
444183
444203
444235
444308
444391
444471
444484
444663
444711
444789
444817
444862
444876
444889
444935
445087
445209
445285
445316
445363
445391
445435
445564
445578
445604
445666
445690
445886
446335
446815
446892
447156
447333
447466
447477
447649
447667
447765
448024
448175
448205
448301
448922
448928
449075
449100
449121
449434
449568
449576
449655
449745
449992
450006
450034
450039
450310
450329
450393
450454
450658
450857
451203
451349
451426
451642
451688
451705
451726
452095
452259
452346
452358
452365
452387
452390
452671
452693
452732
452753
452775
452799
452957
453074
453148
453356
453481
453500
453513
453755
453928
453950
453955
454146
454255
454753
454780
454955
455138
455323
455557
455611
455719
455769
455860
455878
455930
456104
456340
456620
456661
456721
456753
456921
456987
457079
457127
457139
457174
457269
457279
457455
457484
457870
458266
458293
458396
458708
458714
458725
458803
458877
459011
459042
459098
459263
459324
459424
459481
459570
459750
459864
459997
460153
460232
460349
460412
460511
460565
460654
460895
460915
461007
461085
461169
461206
461207
461209
461296
461303
461564
461820
461940
461988
462020
462030
462189
462293
462365
462457
462697
463019
463413
463479
463619
463684
463897
463977
464020
464208
464212
464347
464467
464525
464591
464781
464846
465041
465080
465217
465285
465370
465382
465389
465395
465423
465423
465633
465720
465764
465916
466233
466264
466492
466510
466621
466702
466744
466826
466836
466899
466960
466965
467029
467165
467196
467216
467256
467301
467313
467357
467366
467411
467436
467614
467709
467748
467794
467872
467937
468110
468202
468378
468729
468739
468866
468989
469060
469215
469271
469306
469326
469378
469400
469444
469459
469483
469634
469649
469694
469704
469951
470053
470105
470131
470196
470219
470244
470738
470842
471034
471087
471170
471183
471233
471340
471416
471580
471587
471642
471689
471765
471778
471842
472001
472393
472410
472419
472488
472807
472877
473011
473045
473171
473239
473449
473489
473867
473940
473970
474263
474424
474510
474542
474661
474706
474871
475044
475147
475201
475416
475716
475740
475760
475863
475932
476034
476050
476185
476348
476362
476511
476555
476617
476779
476914
476927
477045
477082
477260
477448
477463
477552
477687
477846
478048
478107
478109
478178
478187
478246
478518
478668
478690
478854
478862
478895
478920
478974
479063
479175
479197
479454
479522
479547
479557
479566
479631
479719
480054
480074
480103
480181
480198
480257
480290
480410
480514
480528
480663
480738
480782
480814
481071
481096
481188
481248
481420
481462
481468
481513
481543
481634
481696
481827
481849
481893
482177
482226
482299
482646
482658
482704
482852
482934
483106
483155
483242
483307
483424
483684
483849
483873
484078
484273
484307
484378
484404
484470
484606
484976
485005
485054
485189
485635
485636
485722
485727
485817
485863
485922
486017
486302
486335
486563
486978
487184
487229
487323
487325
487907
488058
488166
488404
488619
488674
488760
488943
488947
489038
489057
489154
489158
489237
489242
489282
489375
489444
489602
489683
489743
489763
489842
490174
490391
490512
490520
490632
490681
490933
490965
491038
491061
491163
491199
491265
491280
491313
491527
491533
491670
491704
491752
491967
492708
492771
492812
492905
493025
493044
493168
493170
493208
493360
493448
493559
493594
493617
493645
493664
493686
493695
493961
494112
494566
494608
494702
494829
494925
495522
495689
495853
495930
495994
496042
496049
496132
496203
496205
496521
496673
496704
496749
496765
496883
497047
497199
497203
497294
497516
497683
497721
498461
498658
498730
498764
498925
498938
498945
498990
499045
499243
499284
499377
499449
499653
499785
499788
499953
500004
500054
500134
500152
500258
500285
500291
500376
500534
500568
500797
500860
501020
501037
501196
501278
501318
501441
501479
501687
501816
501875
502085
502108
502113
502321
502344
502497
502511
502592
502609
502682
502791
502888
502926
503033
503088
503301
503553
503584
503634
503775
503902
503989
504098
504381
504391
504576
504587
504673
504674
504714
504878
504903
505068
505100
505128
505150
505205
505253
505342
505484
505529
505860
505885
505941
506095
506145
506289
506290
506437
506511
506545
506598
506624
506660
506723
506826
506879
506935
506943
507058
507153
507228
507425
507508
507512
507607
507707
507836
508001
508122
508363
508414
508451
508592
508780
508894
508912
508948
508988
509058
509081
509166
509556
509657
509787
509828
509846
510003
510040
510074
510095
510171
510242
510281
510283
510309
510427
510447
510668
510783
510814
511049
511111
511180
511190
511197
511437
511818
511826
511873
511959
512041
512046
512124
512168
512480
512526
512728
512792
512799
513197
513355
513398
513408
513426
513614
513655
513739
513745
513942
514015
514126
514197
514365
514409
514458
514500
514704
514806
514819
515016
515114
515180
515347
515500
515628
515653
515745
515789
515911
516190
516193
516196
516261
516297
516311
516600
516616
516802
516815
516870
517177
517178
517391
517409
517458
517690
517748
517821
517844
517927
517944
518231
518262
518279
518355
518667
518671
518691
518879
518979
519168
519257
519385
519407
519586
519591
519597
519638
519831
519872
520025
520090
520335
520357
520374
520381
520396
520407
520450
520454
520454
520507
520707
520899
521055
521157
521171
521399
521521
521534
521539
521630
521665
521748
522184
522260
522514
522516
522716
522733
522945
522987
522998
522999
523193
523371
523403
523651
523692
523741
523824
524052
524074
524174
524239
524255
524299
524322
524548
524610
524642
524644
524917
525011
525214
525317
525320
525322
525341
525625
525686
525718
525742
525804
526265
526305
526348
526534
526588
526656
526679
526684
526905
526925
527117
527212
527472
527548
527639
527649
527663
527701
527725
528170
528315
528353
528460
528594
528751
528986
529072
529192
529462
529483
529548
529582
529717
529748
529807
529808
529811
529970
530084
530093
530100
530362
530400
530694
530879
530900
530924
530926
531069
531217
531283
531419
531484
531610
531638
531891
532087
532183
532298
532316
532454
532488
532539
532555
532558
532681
532741
532847
533034
533132
533287
533472
533541
533663
533707
533851
533864
534116
534138
534187
534354
534453
534648
534660
534715
534720
534729
534905
534999
535046
535060
535087
535095
535135
535303
535525
535631
535864
536177
536191
536347
536414
536469
536507
536549
536720
536727
536736
536795
536858
536919
537121
537136
537301
537354
537384
537402
537455
537562
537679
537718
537768
537901
537936
537974
538055
538187
538296
538376
538394
538401
538616
538732
538782
538816
538841
538990
539116
539124
539520
539616
539619
539679
539839
540007
540239
540707
540899
540917
541301
541320
541577
541604
541683
541829
542052
542108
542324
542353
542380
542432
542486
542573
542684
542716
542831
542883
542884
543007
543171
543281
543354
543403
543471
543788
543806
543831
543964
543968
544012
544034
544076
544225
544626
544648
544782
544869
545086
545120
545166
545200
545275
545317
545336
545436
545529
545789
545815
545820
545864
546041
546090
546148
546340
546349
546376
546582
546842
546856
546928
547030
547048
547048
547078
547213
547251
547387
547554
547622
547623
547660
547706
547753
547852
547863
547948
548062
548073
548111
548281
548323
548487
548570
548580
548714
548806
548809
548815
548908
548948
548954
549025
549174
549330
549380
549546
549572
549605
549706
549726
549739
549840
549880
549920
549948
549973
549994
550098
550107
550148
550241
550467
550518
550581
550630
550689
550719
550831
550838
550913
550921
551136
551147
551204
551321
551359
551362
551548
551565
551582
551738
551820
551874
552003
552063
552360
552524
552604
552634
552704
553004
553067
553187
553500
553531
553573
553575
553728
553740
553773
553883
553887
554085
554243
554330
554378
554584
554631
554754
554771
554773
554787
554973
555031
555242
555294
555321
555375
555388
555487
555624
555803
555815
555868
555889
555899
555909
555920
555971
556008
556016
556057
556110
556316
556419
556443
556589
556606
556682
556717
556737
556798
556858
557562
557617
557687
557732
557754
557780
557888
557976
558071
558187
558217
558217
558353
558355
558659
558680
558693
559047
559122
559155
559355
559430
559479
559579
559604
559659
559737
559872
560006
560137
560439
560511
560514
560815
560822
560870
560872
560894
561021
561220
561239
561253
561301
561369
561412
561464
561562
561667
561758
561908
562060
562331
562447
562515
562677
563032
563054
563128
563493
563502
563632
563647
563683
563700
563908
564091
564108
564194
564623
564692
564776
564792
564813
564937
565047
565103
565220
565261
565297
565334
565355
565604
565685
566010
566065
566098
566111
566117
566131
566177
566236
566249
566486
566486
566586
566791
566808
566894
567056
567094
567296
567426
567493
567629
567633
567819
567868
567897
567915
567966
568576
568717
568749
568918
569077
569207
569228
569305
569514
569840
569842
569858
569927
570121
570130
570223
570409
570428
570507
570711
570859
570863
570938
570973
570979
571148
571273
571440
571668
571682
571775
571775
571832
571919
572031
572044
572076
572113
572113
572140
572338
572344
572526
572589
572625
572667
572813
572818
572914
573121
573143
573200
573237
573580
573582
573704
573776
573968
574015
574027
574221
574352
574506
574625
574681
574718
574799
574799
574807
575018
575038
575171
575268
575289
575332
575407
575430
575444
575450
575563
575651
575828
575848
575933
576243
576270
576271
576360
576638
576754
576763
576922
576994
577003
577370
577580
577678
577689
577749
577791
577865
577876
577951
578234
578359
578510
578542
578608
578614
578812
579011
579062
579097
579175
579197
579238
579253
579485
579651
579693
579758
579815
579831
579987
580120
580129
580179
580268
580283
580316
580406
580441
580572
580641
580657
580732
580761
580995
581082
581213
581258
581284
581330
581480
581528
581618
581644
581645
581650
581909
582179
582292
582516
582777
582779
582810
583023
583038
583058
583143
583187
583371
583546
583611
583695
583712
583892
583959
584091
584354
584556
584578
584585
584706
584749
584966
585018
585127
585137
585361
585549
585642
585749
585770
586033
586109
586162
586186
586415
586525
586597
586600
586638
586720
586861
586920
586940
587076
587165
587174
587426
587464
587663
587694
587808
587832
587938
587947
588018
588143
588162
588280
588285
588344
588476
588500
588607
588804
588891
589056
589182
589197
589399
589509
589658
589711
589743
589899
589901
589941
590314
590710
590803
590823
590841
590964
591038
591312
591547
591574
591605
591667
591703
591826
591955
591957
591996
592021
592059
592092
592110
592566
592571
592650
592698
592783
592786
592966
593009
593087
593294
593342
593408
593428
593854
593866
594171
594194
594735
594835
595000
595008
595094
595257
595555
595725
595924
595965
596099
596102
596145
596164
596193
596411
596612
596624
596657
596663
596700
596717
596827
596973
597010
597145
597149
597242
597393
597476
597528
597855
597922
598169
598486
598523
598626
598811
598921
599080
599092
599405
599487
599833
599842
600154
600184
600536
600600
600708
600839
600971
601410
601470
601492
601704
601781
601850
601941
601969
602043
602091
602123
602205
602298
602305
602623
602719
603093
603306
603449
603531
603556
603617
603687
603752
603759
603924
603943
604042
604238
604358
604508
605294
605305
605395
605486
605624
605737
605943
606027
606053
606056
606128
606236
606307
606337
606492
606692
606746
607016
607092
607553
607657
607798
607902
607955
608046
608089
608215
608259
608317
608395
608480
608500
608558
608652
608676
608704
608812
608817
608823
608824
608918
608942
608958
609049
609141
609165
609298
609414
609429
609545
609686
609765
609786
609792
609936
609943
610021
610126
610197
610212
610381
610468
610477
610697
610703
610754
610773
610782
610868
610874
610981
611020
611161
611177
611217
611578
611683
611850
611970
612207
612232
612258
612286
612359
612465
612465
612472
612525
612650
612821
612862
612922
612929
613091
613134
613153
613160
613162
613191
613223
613336
613400
613572
613680
613712
613798
613914
613958
614171
614347
614448
614531
614550
614755
614763
614801
614809
615059
615063
615074
615095
615100
615572
615589
615750
615804
615917
616140
616147
616156
616174
616378
616401
616452
616704
616712
616734
616759
616848
616908
617091
617091
617319
617447
617603
617625
617822
618013
618058
618221
618232
618272
618331
618597
618624
618831
618991
619138
619269
619282
619407
619475
619564
619676
619701
619915
619963
619969
620000
620135
620196
620499
620515
620655
620921
620967
620978
620983
621216
621240
621249
621320
621655
621702
621755
621777
621957
622040
622078
622189
622350
622554
622591
622601
622767
622828
622956
622982
623046
623420
623432
623448
623489
623626
623660
623663
623746
624068
624124
624187
624255
624360
624368
624377
624384
624502
624669
624776
624791
624921
625111
625155
625216
625223
625273
625357
625389
625409
625517
625659
625749
625812
626025
626030
626305
626305
626638
626821
626909
626966
626996
627218
627365
627422
627454
627634
627639
627807
627873
627919
627922
628053
628182
628303
628311
628375
628398
628472
628548
628560
628786
628859
628940
629134
629224
629316
629558
629684
629844
630059
630232
630444
630478
630630
630696
630792
630812
630887
630936
630943
630949
630960
631188
631262
631280
631404
631444
631445
631543
631611
631647
631656
631787
631820
631870
632098
632317
632384
632558
632729
632754
632771
632974
633161
633329
633494
633528
633567
633573
633651
633983
634046
634136
634489
634676
634689
634706
634880
634915
635081
635120
635145
635159
635374
635385
635493
635652
636010
636390
636422
636517
636638
636659
636734
636801
636805
636958
637158
637356
637385
637452
637477
637576
637691
637838
638096
638181
638200
638272
638330
638536
638628
638653
639001
639215
639391
639409
639459
639462
639613
639772
639785
639794
639921
640079
640286
640389
640411
640420
640501
640732
640763
640830
640861
640899
640914
641047
641192
641438
641477
641518
641649
641681
641786
641802
642162
642221
642319
642709
642790
642791
642951
642972
643061
643062
643117
643306
643733
644037
644211
644324
644340
644380
644383
644429
644450
644560
644604
644707
645235
645306
645371
645385
645424
645511
646027
646094
646187
646353
646520
646564
646578
646652
646776
646897
646934
647062
647349
647494
647567
647701
647772
647903
647996
648081
648103
648143
648157
648313
648473
648576
648678
648776
648884
648939
649258
649265
649430
649837
649933
649956
650156
650187
650202
650302
650423
650500
650556
650623
650678
650724
650927
650946
651142
651241
651379
651386
651748
651786
651793
651842
651867
652054
652100
652275
652289
652291
652401
652573
652582
652917
652917
652922
653186
653293
653400
653594
653607
653676
653685
653804
653859
653887
653908
654010
654187
654223
654262
654314
654404
654454
654506
654709
654711
655001
655112
655326
655423
655492
655648
655815
655921
655935
656002
656165
656180
656417
656437
656442
656571
656609
656614
656659
656860
656869
656906
657000
657036
657056
657168
657175
657175
657230
657247
657344
657627
657775
657823
657936
657981
657983
658076
658131
658306
658381
658391
658623
658690
658691
658907
658997
659012
659024
659040
659213
659258
659434
659558
659770
659882
659992
660008
660102
660114
660192
660414
660456
660469
660501
660523
660544
660620
660643
660652
661337
661384
661775
661813
661999
662069
662114
662173
662292
662364
662371
662418
662526
662668
662838
662845
663010
663178
663191
663226
663255
663273
663344
663539
663573
663843
663912
664004
664053
664075
664445
664550
664793
664798
664907
664978
665008
665133
665257
665267
665617
665952
665987
666004
666099
666177
666177
666206
666275
666276
666375
666821
666973
666990
667064
667072
667293
667401
667670
667719
667754
667810
667814
667836
667968
668120
668517
668567
668614
668772
668962
669022
669325
669374
669442
669473
669559
669837
670277
670318
670391
670630
670668
670710
670903
671048
671121
671195
671196
671746
671860
671864
671891
671968
672050
672305
672502
672509
672595
672733
672896
673225
673377
673456
673656
673754
673863
673865
673873
673982
674102
674115
674283
674286
674338
674450
674549
674556
674615
674732
674781
674838
674925
674938
675081
675332
675590
675623
675704
675735
675973
676002
676293
676379
676777
676928
677037
677202
677266
677490
677742
677763
677842
677886
678173
678483
678594
678773
678823
678841
678843
678913
678931
679055
679187
679247
679313
679314
679337
679379
679526
679590
679798
679907
680007
680123
680224
680231
680329
680405
680453
680575
680692
680699
680710
680712
680875
680949
680964
681069
681077
681096
681100
681167
681362
681391
681447
681611
682025
682331
682331
682359
682669
682762
682917
683044
683045
683185
683425
684181
684462
684512
684640
684645
684712
684838
684939
684956
685024
685028
685048
685315
685614
685619
685635
685670
685680
685681
685737
685795
685826
685913
685931
686077
686214
686346
686493
686664
686667
686722
686913
686919
686924
686947
686985
687059
687259
687320
687355
687470
687484
687554
687618
687686
687748
687868
687892
687924
687942
687951
687954
687958
688060
688216
688372
688402
688481
688515
688517
688634
688651
688671
688729
689040
689184
689289
689323
689356
689552
689615
689629
689666
689693
689859
689946
690350
690447
690518
690523
690547
690590
690598
690785
691063
691127
691270
691692
691804
691866
692071
692085
692160
692163
692180
692214
692320
692394
692419
692433
692709
692830
692907
692997
693159
693350
693371
693418
693523
693597
693776
693828
693834
694006
694127
694139
694249
694293
694344
694399
694400
694454
694648
694786
694873
694920
694938
694939
695162
695183
695270
695289
695327
695395
695483
695506
695629
695989
696010
696362
696527
696853
696869
696889
696940
696947
697014
697034
697143
697208
697246
697358
697559
697686
697781
697951
698083
698211
698362
698455
698524
698702
698710
698733
698887
699221
699348
699475
699520
699691
699708
699711
699713
700070
700191
700235
700349
700479
700732
700757
700758
700918
700930
700970
701006
701068
701076
701080
701124
701139
701756
701851
702049
702114
702332
702543
702548
702552
702568
702573
702575
702726
702953
703088
703243
703657
703798
703820
703872
703949
703997
704068
704742
704775
705050
705150
705256
705307
705455
705675
705726
705837
706039
706115
706136
706181
706315
706408
706419
706449
706674
706822
707006
707077
707297
707378
707634
707661
707682
707699
707828
707887
707975
708167
708325
708646
708757
708788
708815
709017
709126
709165
709171
709214
709221
709454
709540
709573
709737
710019
710206
710300
710305
710372
710598
710650
710698
710836
711145
711303
711393
711433
711503
711661
711673
711676
712242
712288
712344
712496
712545
712844
712909
712912
712988
713078
713097
713430
713470
713629
713848
714008
714073
714073
714141
714147
714313
714330
714383
714474
714480
714508
714610
714656
714665
714685
714764
714864
714903
714921
715027
715038
715116
715180
715185
715196
715240
715337
715427
715467
715482
715613
715657
715676
715814
716110
716169
716253
716261
716319
716459
716730
716730
716845
716960
716984
717146
717338
717382
717487
717526
717603
717609
717645
717655
717792
717882
717960
717974
718020
718277
718484
718594
718626
718924
718946
719107
719236
719295
719419
719499
719616
719674
719846
719987
720083
720370
720382
720877
720991
721179
721201
721259
721479
721486
721790
721798
721823
721943
722032
722108
722132
722279
722309
722381
722634
722651
722673
722696
722706
722922
723012
723033
723104
723200
723207
723212
723349
723594
723652
723706
723759
723794
723824
723895
723967
723970
724186
724193
724239
724305
724428
724452
724541
724555
724744
724774
724868
724898
724924
725076
725131
725273
725293
725298
725433
725449
725601
725622
725663
725714
725805
725856
726188
726197
726268
726292
726382
726637
726691
726705
726953
727147
727189
727218
727230
727400
727451
727511
727647
727667
727699
727828
727875
727877
728066
728085
728254
728291
728443
728617
728625
728688
728716
728717
728745
728803
728812
728818
728880
728948
728998
729148
729283
729293
729307
729313
729317
729856
729911
729932
729959
730022
730248
730341
730358
730574
730588
730680
730861
730912
731159
731162
731250
731262
731551
731630
731697
731818
731848
731849
731853
731891
732026
732317
732573
732608
732640
732726
732747
733089
733187
733392
733410
733491
733525
733596
733707
733867
733994
734156
734290
734338
734355
734393
734485
734498
734586
734606
734733
735212
735342
735430
735813
736053
736179
736205
736259
736271
736363
736369
736657
736716
736742
736856
736867
736879
736888
737009
737113
737221
737225
737234
737349
737372
737374
737835
737868
737948
737990
738065
738215
738412
738581
738686
738729
738729
738774
738898
738938
738955
739158
739200
739218
739252
739608
739802
739859
739933
739964
740049
740050
740072
740074
740110
740238
740257
740282
740289
740677
740912
740938
740963
741013
741122
741124
741138
741149
741261
741433
741449
741631
741766
741806
741964
742060
742119
742185
742209
742289
742432
742591
742756
742784
742787
742950
743341
743505
743818
743889
743897
744102
744206
744318
744324
744771
744805
744848
745165
745295
745324
745443
745460
745636
745801
745811
745816
745885
745949
746165
746167
746221
746457
746472
746541
746678
746688
746929
746969
747053
747120
747227
747383
747507
747624
747712
747790
747884
747902
747943
747977
748099
748489
748536
748912
748995
749303
749311
749384
749537
749572
749647
749828
750107
750285
750360
750432
750643
750649
750658
750827
751180
751324
751342
751397
751713
751802
751825
751968
752032
752076
752203
752379
752407
752444
752487
752490
752555
752732
752781
752905
752941
752972
753062
753219
753227
753274
753534
753586
753598
753626
753645
753655
753733
753733
753963
753985
753993
754604
754642
754714
754892
754942
754959
755180
755347
755410
755805
755849
755928
756065
756130
756172
756193
756254
756340
756546
756582
756721
756723
756766
756939
757035
757155
757178
757228
757252
757565
757566
757765
757770
757772
757813
758313
758326
758401
758456
758681
758863
758947
758982
759093
759145
759208
759328
759481
759505
759582
759632
759634
759641
759662
759695
759761
759827
759845
759858
760006
760053
760065
760413
760426
760529
760580
760627
760743
760769
760908
761048
761149
761161
761259
761358
761390
761440
761440
761523
761529
761540
761596
761756
761953
762020
762326
762518
762536
762542
762639
762797
762866
763109
763159
763163
763200
763217
763275
763449
763578
763598
763619
763634
763672
763745
763806
763858
763901
763963
764034
764058
764173
764176
764365
764379
764456
764529
764566
764637
764964
765086
765106
765150
765290
765310
765317
765336
765428
765457
765573
765792
765981
766001
766038
766071
766210
766236
766314
766527
766539
766668
766694
766731
766744
766762
766777
766796
767006
767028
767055
767085
767110
767164
767189
767320
767327
767546
767564
767593
767705
767903
768129
768163
768377
768381
768387
768432
768468
768767
768843
768866
769044
769064
769092
769132
769182
769202
769301
769559
769903
769977
769996
770006
770105
770118
770144
770269
770359
770391
770488
770553
770675
770916
771419
771432
771550
771573
771652
772011
772033
772226
772234
772329
772374
772512
772580
772756
772802
772867
772983
773002
773073
773078
773316
773331
773506
773538
773554
773576
773770
773993
774240
774307
774329
774362
774367
774414
774429
774437
774824
774886
775079
775450
775505
775595
775700
775714
775742
775964
775989
776218
776233
776303
776333
776421
776472
776594
776685
776775
776931
777183
777188
777270
777307
777354
777457
777514
777589
777611
777693
777715
778010
778818
778826
778895
779076
779336
779488
779515
779744
779842
779956
780029
780045
780178
780191
780315
780389
780529
780549
780612
780742
780922
780939
781040
781080
781187
781359
781377
781397
781924
781945
781945
782032
782081
782110
782129
782157
782158
782250
782291
782337
782416
782452
782462
782486
782528
782529
782570
782597
782798
782844
782925
782946
782976
783013
783128
783182
783209
783281
783313
783320
783497
783512
783540
783598
783796
783819
783907
783910
783964
783984
784131
784137
784143
784362
784418
784430
784555
784629
784655
784662
784666
784924
784930
785088
785197
785302
785327
785880
786152
786163
786322
786348
786390
786484
786551
786636
786662
786686
786823
786904
786956
786964
786966
787034
787049
787581
787611
787750
787936
788019
788078
788144
788158
788226
788357
788371
788450
788638
788768
788936
789252
789541
789596
789615
789631
789687
789826
789877
789969
789969
790236
790237
790249
790350
790414
790422
790472
790527
790774
790852
790878
791037
791065
791167
791475
791741
791809
791828
791836
791846
791889
791911
791939
792007
792072
792143
792263
792506
792512
792569
792577
792613
792765
793075
793100
793214
793417
793474
793498
793861
793941
793981
794037
794115
794226
794342
794364
794381
794469
794543
794641
794681
794698
794751
794969
795017
795045
795070
795080
795081
795442
795657
795771
795772
795773
795932
795936
795950
796009
796059
796092
796357
796506
796727
796778
796779
796936
796948
797296
797327
797361
797490
797509
797724
797727
797821
797828
797873
798134
798309
798333
798432
798518
798519
799005
799108
799167
799289
799324
799325
799410
799577
799788
799899
800203
800222
800255
800407
800666
800794
800817
800976
801123
801135
801245
801320
801495
801601
801896
801922
802083
802335
802521
802694
803066
803150
803387
803423
803443
803838
803891
804031
804553
804560
804597
804667
804675
804778
804792
804932
805045
805113
805178
805313
805332
805383
805562
805678
805710
805873
806075
806093
806262
806270
806657
806678
806764
806863
807173
807279
807311
807539
807728
807928
807993
808011
808041
808179
808548
808666
808753
808874
809004
809063
809340
809573
809595
809695
809762
809794
809869
809908
810232
810475
810585
810667
810684
810763
810823
810831
810853
810930
810953
811043
811338
811483
811515
811559
811593
811600
811640
811690
811799
812001
812030
812046
812060
812180
812414
812595
812865
813159
813171
813175
813195
813221
813316
813375
813391
813404
813408
813413
813529
813625
813666
813757
813844
814027
814134
814181
814424
814520
814579
814600
814652
814797
814803
814807
815283
815321
815385
815416
815518
815546
815563
815602
815775
815919
815958
815963
816033
816211
816212
816212
816303
816357
816671
816687
816730
817026
817154
817212
817228
817323
817326
817338
817556
817684
817701
817899
817951
818115
818210
818328
818367
818411
818465
818507
818558
818735
818738
819157
819171
819201
819225
819267
819483
819522
819538
819641
819889
820130
820229
820291
820362
820454
820576
820770
820775
820849
820923
821029
821052
821073
821166
821167
821273
821309
821366
821612
821627
821629
821817
822009
822102
822139
822238
822282
822341
822342
822546
822581
822721
822765
822876
823045
823089
823145
823269
823394
823412
823600
823629
823675
823702
823850
824087
824143
824177
824214
824306
824547
824613
824783
824795
824863
824871
824884
825059
825075
825185
825262
825304
825314
825358
825384
825393
825440
825489
825670
825743
825744
825970
826122
826405
826567
826590
826680
826705
827149
827261
827290
827333
827336
827655
827812
828040
828069
828124
828169
828223
828671
828748
829229
829247
829428
829472
829507
829637
829782
829815
829994
830108
830152
830185
830265
830343
830493
830536
830589
830616
830628
830737
830780
830824
830983
831141
831266
831426
831557
831632
831673
831791
831828
831842
831881
831969
832101
832142
832322
832489
832498
832522
832717
832888
832937
832969
833000
833015
833507
833558
833590
833620
833662
833766
833797
834154
834170
834199
834316
834410
834583
834593
834623
834789
835100
835177
835358
835370
835467
835684
835808
835878
836058
836174
836277
836333
836425
836578
836589
836729
836746
836786
836912
837023
837041
837056
837056
837138
837386
837499
837750
837942
838195
838257
838271
838324
838405
838576
838721
838761
838774
839229
839236
839242
839481
839599
839679
839694
839838
840013
840098
840237
840333
840539
840712
840857
841003
841111
841238
841483
841661
841661
841765
841808
842088
842242
842463
842675
842688
842874
842959
843111
843448
843607
843608
843710
843910
844301
844306
844354
844397
844524
844578
844593
844625
844647
844757
844896
844937
844999
845087
845129
845284
845323
845350
845451
845498
845530
845591
845670
845686
845893
846012
846449
846521
846566
846623
846630
847374
847580
847608
847616
847637
847711
848239
848311
848417
848495
848497
848507
848582
848694
848704
848749
848815
848973
849001
849030
849070
849133
849240
849295
849356
849495
849594
849659
849666
849767
849820
849854
849908
849962
850133
850153
850219
850269
850522
850697
850729
850787
850825
850852
851036
851047
851055
851074
851143
851153
851193
851194
851212
851342
851600
851685
852391
852450
852489
852493
852594
852784
852793
852813
852903
852943
853010
853132
853260
853365
853432
853731
853760
853793
854013
854022
854039
854052
854077
854339
854435
854451
854500
854588
854658
854672
854977
855035
855080
855119
855451
855454
855469
855536
855576
855577
855619
855810
855864
855868
856002
856003
856118
856162
856211
856247
856349
856532
856600
856650
856758
856848
856933
857037
857056
857067
857136
857985
858092
858095
858381
858523
858534
858560
858812
858851
858867
858958
859165
859444
859558
859698
859855
859953
860025
860035
860272
860284
860335
860774
860781
860802
861025
861072
861074
861458
861706
861833
861862
861963
861970
862026
862076
862350
862430
862449
862524
862545
862586
862713
862737
862781
862784
862891
863023
863122
863135
863181
863274
863420
863440
863443
863500
863529
863861
863887
863973
864149
864260
864371
864390
864440
864578
864678
864788
864881
864988
865035
865191
865732
866145
866249
866278
866318
866525
866657
867059
867116
867174
867327
867434
867676
867768
867786
867850
867865
867915
868148
868176
868384
868633
868810
869034
869101
869299
869372
869383
869419
869448
869589
869617
869648
869675
869765
869779
869785
869795
869808
869870
869915
869962
870020
870305
870503
870526
870566
870659
870923
871104
871321
871338
871604
871612
871747
871758
871886
872101
872350
872379
872412
872632
872677
872834
872854
873011
873043
873088
873097
873104
873132
873235
873419
873607
873683
873769
873823
873838
873874
873944
874114
874120
874157
874194
874241
874340
874347
874419
874468
874527
874561
874659
874713
874723
874744
874871
875089
875123
875229
875287
875332
875344
875656
875690
875701
875777
875861
875938
875948
875952
875978
876003
876034
876180
876230
876389
876396
876482
876502
876522
876532
876645
876771
876966
877060
877148
877151
877204
877221
877242
877260
877311
877346
877489
877630
877977
878107
878148
878218
878310
878326
878327
878451
878562
878633
878807
878846
878853
878877
878992
879002
879004
879106
879329
879353
879404
879482
879519
879744
879791
879842
879850
880013
880045
880063
880192
880206
880246
880272
880283
880340
880351
880532
880563
880587
880600
880727
880741
880910
880950
881381
881442
881509
881565
881643
881761
881799
881927
881968
882004
882065
882241
882434
882456
882667
882730
882780
883082
883249
883353
883495
883693
883888
884005
884071
884152
884271
884382
884405
884552
884800
884973
885028
885091
885167
885176
885414
885663
885674
885721
885753
885933
886003
886140
886270
886565
886578
886700
886803
886836
887011
887019
887096
887318
887333
887445
887462
887504
887808
887944
888060
888066
888116
888288
888389
888481
888522
888602
888640
888751
888752
888775
888879
889154
889184
889396
889443
889492
889774
889886
889968
890032
890262
890285
890464
890466
890514
890534
890718
890761
890768
890804
890856
891052
891085
891143
891183
891421
891428
891446
891567
891688
891803
891916
891944
891999
892008
892338
892339
892366
892380
892476
892585
892664
892697
892745
892896
893119
893212
893235
893255
893278
893532
893671
894050
894074
894136
894182
894223
894256
894706
894718
894733
894952
894953
895203
895623
895690
895831
895855
895890
896004
896037
896045
896070
896085
896133
896238
896284
896393
896426
896554
896560
896622
896689
896726
897114
897265
897294
897366
897433
897509
897633
897691
897736
898136
898241
898449
899042
899140
899287
899428
899442
899443
899505
899603
899690
899706
899878
900206
900395
900571
900586
900695
900804
900822
900954
900969
900995
901090
901139
901200
901540
901605
901723
901762
901781
901888
901940
901959
902198
902205
902339
902363
902376
902399
902629
902974
903069
903345
903352
903392
903532
903611
903687
903730
903741
903756
904012
904364
904365
904447
904509
904565
904598
905005
905107
905362
905373
905402
905447
905562
905636
905640
905656
905712
905831
905850
905960
906030
906038
906085
906120
906191
906229
906310
906320
906465
906615
906646
906736
906769
906770
906807
906840
906866
906876
906881
906883
907099
907135
907413
907836
907854
908047
908093
908337
908533
908545
908737
908792
908942
908962
909175
909203
909372
909403
909466
909479
909506
909540
909913
910151
910323
910725
911119
911157
911250
911397
911554
911619
911732
911929
911995
912310
912326
912342
912410
912421
912554
912697
912851
912946
913201
913399
913513
913793
913806
914376
914418
914472
914530
914686
914739
914780
914950
914954
915155
915178
915194
915232
915252
915269
915319
915476
915478
915546
915589
915756
915808
915962
916101
916249
916409
916520
916591
916685
916685
916925
916986
917031
917118
917345
917366
917850
917875
917951
918350
918500
918645
918733
918842
919053
919171
919179
919226
919254
919328
919518
919590
919653
919988
920180
920380
920429
920468
920631
920677
920700
920718
920828
920873
921421
921494
921544
921634
921685
921906
921936
921996
921997
922004
922158
922350
922425
922453
922559
922602
922644
922765
922837
923008
923094
923214
923267
923294
923426
923457
923537
923571
923674
923717
923718
923847
923996
924059
924086
924152
924166
924247
924358
924380
924385
924420
924503
924570
924620
924718
924751
924789
924845
924884
924977
925060
925109
925125
925188
925206
925224
925284
925286
925351
925437
925510
925513
925519
925598
925612
925617
925744
925858
925861
925872
925941
926066
926260
926297
926336
926478
926778
926995
927007
927042
927224
927247
927266
927416
927571
927777
928209
928298
928353
928374
928408
928589
928838
928868
928878
928887
928910
928937
929009
929101
929348
929351
929365
929453
929473
929506
929527
929578
929674
929676
929717
929725
929835
929873
929949
929986
930066
930410
930438
930591
930639
930960
931024
931515
931520
931671
931787
931796
931797
931897
932097
932150
932171
932197
932261
932296
932379
932460
932497
932500
932937
932969
933177
933195
933200
933254
933456
933544
933597
933731
933833
934052
934059
934175
934214
934263
934353
934585
934603
934718
934837
935036
935071
935203
935346
935363
935416
935658
935670
935717
935855
936030
936100
936196
936410
937031
937099
937308
937583
937864
938070
938201
938233
938290
938399
938430
938530
938611
938676
938677
938744
938832
938884
938953
938959
939027
939083
939134
939192
939376
939545
939737
939970
940112
940186
940304
940304
940368
940463
940528
940609
940622
940636
940733
940738
940767
940789
940795
941187
941264
941304
941454
941476
941491
941830
942011
942096
942258
942402
942435
942447
942480
942750
942782
942836
942966
943114
943219
943538
943542
943693
943715
943817
943990
944083
944269
944455
944478
944614
944810
944818
944859
944866
945048
945066
945214
945335
945770
945888
945893
945924
945959
946004
946237
946261
946304
946335
946391
946428
946451
946468
946471
946614
946765
946777
946886
946892
947302
947360
947368
947604
947614
947642
947644
947844
948145
948425
948589
948617
948631
948637
948699
948940
949133
949136
949244
949244
949267
949291
949415
949450
949569
949588
949661
949894
949895
949985
950039
950391
950429
950482
950542
950589
950717
950766
950861
950900
950979
951023
951029
951208
951241
951266
951383
951415
951438
951478
951628
951661
951971
952095
952126
952241
952310
952527
952689
952712
952825
952913
953091
953220
953278
953329
953454
953476
953490
953713
953724
953744
953778
953841
954049
954067
954093
954231
954314
954369
954468
954499
954552
954798
954865
954974
955003
955117
955130
955225
955264
955272
955445
955480
955492
955844
955949
956022
956080
956225
956405
956412
956488
956508
956511
956641
956694
956761
956848
956954
957035
957085
957107
957120
957322
957430
957455
957488
957786
957921
957939
957967
958030
958136
958160
958166
958299
958370
958668
958854
958997
959014
959026
959147
959174
959491
960032
960081
960308
960316
960525
960663
960933
961034
961231
961334
961453
961495
961782
961785
961842
961885
961994
962143
962183
962241
962242
962280
962355
962480
962706
962948
962992
963093
963269
963533
963538
963553
963591
963660
963671
963871
964168
964172
964183
964229
964278
964512
964566
964590
964591
964702
964704
964760
964870
964965
964986
965029
965036
965038
965272
965338
965373
965408
965414
965508
965531
965688
965741
965802
965834
966170
966199
966273
966382
966404
966461
966548
966728
966851
967006
967132
967218
967285
967286
967293
967739
967907
967917
968000
968090
968182
968219
968327
968639
968652
968784
968788
969050
969154
969280
969309
969309
969352
969447
969603
969864
969876
969878
969945
970006
970182
970321
970376
970427
970458
970500
970512
970516
970550
970659
970662
970684
970773
970780
970790
970825
970919
970941
971383
971391
971455
971783
971893
972294
972376
972382
972587
972750
972777
972914
973133
973242
973265
973328
973357
973461
973503
973669
973721
973727
973798
973801
973888
973931
973977
974062
974064
974065
974092
974215
974665
974912
975067
975170
975171
975198
975393
975423
975581
975697
975759
975888
975921
975939
975940
975997
976272
976305
976439
976763
976820
976919
976942
976964
977003
977424
977730
977791
977866
977975
977993
978043
978057
978080
978149
978176
978190
978233
978288
978429
978501
978661
978978
979019
979094
979221
979257
979257
979393
979509
979544
979581
979724
979726
979994
980075
980080
980309
980434
980552
980639
980764
980784
980906
980914
980945
980950
981004
981100
981386
981782
981998
982024
982045
982046
982079
982257
982314
982499
982850
982964
982964
982982
983457
983524
983526
983615
983632
983894
983898
983916
984223
984233
984253
984259
984444
984482
984487
984525
984730
984738
984771
984953
985057
985138
985212
985342
985391
985405
985530
985660
985685
986020
986197
986397
986422
986435
986447
986578
986711
986725
986992
987308
987366
987367
987652
987723
987759
987995
988093
988096
988259
988259
988303
988306
988414
988449
988505
988519
988816
988819
988893
988974
988981
989033
989087
989229
989235
989249
989387
989945
990016
990029
990074
990139
990187
990269
990367
990401
990436
990919
990930
990962
990987
991037
991066
991145
991206
991234
991236
991378
991415
991570
991582
991897
992190
992212
992365
992613
992785
992793
992834
993090
993098
993125
993218
993283
993295
993360
993366
993398
993421
993426
993556
993662
993964
993997
994044
994118
994161
994162
994225
994254
994603
994675
994789
995024
995141
995148
995150
995270
995382
995385
995414
995450
995575
995578
995696
995842
995953
996013
996168
996248
996291
996507
996532
996564
996600
996607
996691
996699
996904
997186
997417
997460
997613
997624
997625
997693
997704
997759
997772
997835
997843
997844
997933
998576
998578
998832
999049
999083
999102
999113
999114
999227
999401
999413
999431
999562
999563
999584
999594
