1000
648428
57006
359451
373851
411547
110372
159173
8203
885941
733231
161455
733511
518698
526406
996570
163516
273910
538129
174074
536455
417298
922140
911407
803661
195012
16461
683327
206778
266111
978403
532456
924510
497189
228378
937581
490589
242254
684849
457518
197812
283592
292626
868081
938708
404105
314084
11603
935815
13381
129121
458711
82343
780884
297998
940558
747725
119631
40097
804792
789204
216579
84593
378417
116936
100436
232537
603168
90622
272457
851328
881916
654694
537005
875741
768819
958229
671683
685023
824085
894960
892494
516774
248927
589616
573471
273055
194408
510664
991992
548134
362392
840792
405358
634456
137301
396543
610261
615294
434868
288932
698469
664620
938836
182289
944905
494693
803820
499156
994497
451388
232501
315838
860456
49522
452880
643897
711857
614924
61737
534184
975172
402154
937884
177510
282906
762931
833494
273189
538628
763730
841186
808405
919834
611743
93180
684653
311618
419755
975859
151295
960179
510027
449128
647793
691299
248810
880404
281881
459326
534397
87715
52440
36533
722288
218309
114104
303414
425863
660206
303050
205327
331409
466057
735685
295458
339575
158127
270884
66930
283335
930275
559784
750513
136323
651896
901448
634058
927812
229136
433391
416862
230392
351900
473770
521771
740002
339678
139747
197547
810773
242078
43073
245326
332393
789296
900317
573785
862912
141469
177846
833745
908306
795428
758007
647410
57746
593415
904246
477562
277217
383990
765798
250996
415639
883503
340085
722297
132376
528014
85035
711870
429340
149884
732456
977513
893961
173023
759286
629864
921109
715837
402679
426888
779370
375248
808321
274780
394269
184346
398184
491575
151339
993264
308862
392249
895481
527975
132028
772811
498909
655758
150423
853380
905791
102673
189273
291432
269399
949955
382585
936766
212681
861226
288668
533639
695390
931016
659239
831430
206738
788766
723589
305070
577544
850464
146837
318493
657372
490105
921408
866277
141703
43583
246087
505759
725669
414461
457762
381351
842517
725459
56221
132088
223718
689734
453653
422941
53910
117932
243865
339178
24477
796227
710993
202277
378434
58336
523737
839990
159191
491595
537029
586668
863639
203850
393036
16551
697402
737594
60624
661288
787406
138581
847727
231671
225035
741968
184818
632138
965139
247522
711933
508658
356584
596665
589807
634303
418187
922160
935999
916930
483025
474946
5
139349
349893
473457
392898
350309
510567
199822
76000
870577
399649
890785
317276
727388
138343
665377
858726
295531
311869
29547
57894
47239
259206
631709
844234
470314
165606
575885
983249
612748
74617
433524
436811
939567
372226
844989
280909
772510
619032
515021
799552
503660
354682
357002
609323
795611
729520
365764
760135
705508
638673
89861
974377
329173
202527
15679
340209
11545
316365
661487
657899
156596
410543
793414
752121
816106
486162
77476
471856
29534
936732
939656
185116
675312
860226
255386
176062
484273
832034
839556
811174
872561
49363
66428
205820
262934
473410
326880
350778
925642
535450
606321
274891
10859
512565
519539
156930
238809
877089
223490
595087
223984
858675
65676
555889
846668
920767
944261
39379
710328
909367
841044
307631
591676
259879
651933
491789
966418
44798
940808
972073
35923
889118
688272
475558
917443
673451
292056
520301
640367
63503
282892
239756
986532
333394
253885
561814
884621
208145
930347
830237
344975
872789
746330
704432
804556
222830
119675
465360
423821
197021
43468
228442
464762
12430
205159
69839
890444
350396
662539
948629
804067
56604
72989
474911
931217
738050
365896
491704
15934
398543
525744
368048
122256
279644
16489
100330
251117
199457
822873
277135
817796
129176
588440
421057
929355
756344
833389
188212
444044
580382
879967
154855
942579
577091
507247
76761
280195
522224
147425
322395
750967
573124
61762
745442
264158
639575
910334
883301
863041
853607
701520
927358
404103
241149
741223
593136
546357
89565
399977
127351
757772
453673
637355
133073
93466
687522
160898
714640
199391
871905
175065
707544
544158
450839
767986
335725
194928
497575
268455
46589
454259
232145
590621
257820
147728
513723
133388
849473
399866
178174
846315
499513
12446
29479
950196
81447
795019
76786
601064
997516
552117
56898
687754
376278
519995
416297
507158
61467
292869
367360
889564
803698
213813
340857
342560
289610
724488
202506
246831
476242
342314
408715
775002
681918
432443
760951
817086
672841
555088
397080
265052
740243
228687
367107
11709
567223
522882
211258
853565
985011
333821
192422
683311
293354
24902
805024
399352
665565
65858
414021
21665
251008
745365
36103
839980
165350
520404
290610
160480
640787
452627
823616
192823
378860
639219
731487
739212
398083
722327
485788
432249
177235
190323
64958
575560
379144
826166
693405
35440
990778
544682
19698
761932
471767
241788
837702
969243
88899
530685
245597
137452
317226
434149
4279
488098
652574
189852
976001
841660
371467
791412
927758
553036
996731
162032
206274
938803
398679
278390
189207
427861
275762
155053
937990
927300
267010
378872
870877
280366
14087
418655
850284
301209
120959
467004
169502
837116
702307
987734
449052
967136
240342
956520
698343
183576
646247
734234
801040
75630
297374
970870
813240
95346
263388
696142
136216
218936
58371
827833
626687
440007
57069
862469
173337
226802
223940
15420
420822
92743
533941
306291
896010
784695
951827
117582
734840
601207
526483
136833
700170
848549
306172
713980
723802
666232
413511
331584
476370
936605
530160
967035
758927
977733
795042
923936
933036
922411
696316
153288
599649
84832
701395
470154
897019
274392
448826
386766
501719
887437
229375
973601
211482
900724
214823
576783
740179
926068
621959
629975
301884
379324
654521
419160
222914
413600
250466
956205
636977
690240
186869
64550
85400
772655
657475
522449
535474
507407
975700
996295
501206
704039
308460
737462
393122
173329
886508
457377
183251
857922
455411
669837
260776
921992
395658
492283
918022
732291
622454
118749
802887
288245
561895
772937
746118
992825
320774
386526
244356
471168
750724
368570
957507
535496
981972
637950
406296
488204
689829
856233
523886
588152
252336
938987
694474
821001
732533
95612
993253
149876
301598
162407
159100
305045
860160
149575
854868
816921
395215
258721
901731
977162
637079
824992
466390
635012
556139
195790
827368
681433
855092
956110
237118
132203
123263
955887
393138
736665
252434
877515
633293
591055
393165
182695
263720
136184
420671
299839
976197
647759
364021
107786
149008
33190
255394
877167
547639
145436
949543
907139
499920
52766
979877
306342
123528
94834
409274
61683
900783
319387
479470
779300
188862
319390
275476
944738
780831
587221
2259
949045
844887
712996
778417
537640
811459
111951
253793
248801
650302
730541
813471
768242
523949
104593
821823
304069
399673
381798
716178
759809
316989
897772
141170
290429
473357
150148
802595
825408
798542
544461
555130
41262
16348
805892
757065
425920
869722
462887
652400
121677
920984
554968
293890
393875
864905
929696
891178
