10000
673046
475557
157547
656811
338947
595325
300633
608974
235371
228371
103105
247857
616287
342803
561790
360899
568388
914074
279069
375465
51522
458856
450088
636357
507184
843741
284472
283231
998361
426220
507623
754906
432851
160415
709655
802990
605255
964454
275484
237781
430186
887189
27909
303771
766438
142887
713984
434152
567406
371497
726329
585413
221774
140623
111720
463304
404037
104513
627636
921735
289150
748348
145452
125793
761322
774203
651929
82121
295921
429201
455504
115785
80652
391467
287680
270683
206086
883179
518028
42295
958389
161702
820708
291804
928558
777034
11498
293053
459327
457421
509833
891830
798999
375317
184730
985570
361203
688468
960091
847841
807792
829499
619159
586736
541254
447863
302588
275051
754441
924170
800292
484431
408043
947976
399690
74448
362792
204102
775510
370669
373056
30145
935320
252575
51360
3059
499004
312949
695292
285048
568494
162854
43680
291776
264003
890835
120165
358890
614109
13842
951382
870368
563592
525230
566251
382016
275303
773064
267838
378497
736437
623011
821153
975715
36572
331955
345642
73004
435425
497211
851265
181742
175514
162001
917350
35677
638282
197763
745562
86294
946813
102580
246043
447376
13178
204791
829295
172290
886393
176892
625931
12705
592924
985913
687390
852011
636555
461663
495695
586904
998634
552395
172973
710578
587242
357708
53381
769296
717474
781652
944573
825567
197401
137887
210816
90761
828154
899310
534552
240729
110147
965198
182587
518297
273304
586906
569456
296232
25180
652007
741553
432406
753446
157703
408508
215553
962561
525064
240753
370092
1294
177517
972480
973644
674641
61593
41043
515430
824676
929616
427883
798817
782047
150362
214157
39282
79958
608485
999069
356589
729174
919922
668613
431210
457679
412006
471705
150856
833491
301510
121449
620289
287706
542495
865452
215555
983744
552476
426668
728249
346873
543094
697273
444579
748327
804823
423247
245327
767245
133744
211031
420385
534695
291230
143628
710949
71249
935428
650054
600977
42293
488730
402192
803458
355033
831604
762073
949414
717991
668726
18483
873397
785867
865943
264343
396622
615812
752063
596489
51764
775878
537342
523330
617872
74971
192311
876942
744749
903481
397742
855575
78043
964489
368844
68587
537795
664988
186018
835734
905330
686710
580252
773775
279434
528660
697634
255536
981330
669951
136624
205480
930533
863068
8789
578163
915766
953613
482900
438696
529768
859986
507630
389568
551167
400082
472902
262419
467421
493836
271396
383660
978303
421313
779867
795031
719937
572566
159142
949508
710806
477728
279921
848859
709273
328794
712541
522760
815177
442961
359663
330181
621774
341015
457207
983451
614337
817999
864667
295912
857095
167974
581533
355959
378915
906515
992179
46129
787277
961382
572987
71805
885017
92095
375372
688092
456886
281949
179005
181125
481632
337163
858408
967524
523908
848226
72278
481523
121132
89287
399013
851905
493634
780257
193653
837969
417272
818393
110055
516479
618287
341913
739124
254039
133799
205447
922182
236213
708443
66761
614142
924677
960301
600785
589605
219582
501515
715979
502515
260675
5372
218325
879488
51108
543943
183031
244364
299737
275144
113338
375821
426106
43265
177229
126234
397946
476725
307129
305579
318482
483428
363709
535476
815052
375033
664528
785815
185208
235413
355681
737681
920000
380030
627781
182394
192445
840696
562303
907703
166410
484465
679206
536532
20264
623186
756213
703632
589950
392617
765085
221279
691151
518300
144150
160916
548478
55797
84311
172808
638706
995366
328456
871182
60759
334708
635152
697023
853726
126988
474833
923808
192860
732684
874066
544279
558430
335313
377315
394875
895245
188825
705950
511434
309762
509076
811425
226872
739451
628712
850457
538221
871241
307699
633320
764407
127518
172394
321322
549074
961649
671393
636589
928471
598371
581606
149476
5371
818737
40224
565690
183916
449083
309791
947703
980356
830090
535893
794341
816738
180710
74143
894136
448937
183648
412113
684102
1700
796340
484077
943013
556373
740231
875428
822493
688721
201712
127995
685806
470044
358522
762122
603378
753846
713561
616894
772260
669414
265827
381114
628730
524403
833097
591554
830977
233949
950663
414940
420880
26716
347219
36802
347563
401627
153391
548435
600940
864590
28760
487347
394747
669606
353311
274629
719721
61743
719262
148404
938958
131470
829677
72947
368902
59892
467844
920071
284375
142628
838364
344093
701734
647414
928393
468864
80661
466124
892116
706233
869772
66623
409908
383626
914263
946739
157341
799225
590607
481169
368300
962258
189852
850674
437764
517108
599419
759129
868916
715432
427088
305080
649277
301482
76538
859908
14327
240267
285494
744512
689250
554948
113620
991771
991604
70537
381084
392889
320421
536441
274213
265324
742323
554024
759749
633763
911751
182705
745456
399174
22366
286923
453284
128325
598041
744789
252820
289599
257555
900225
257705
663165
654801
305544
211694
283428
185134
763797
772299
728075
737112
209450
694171
44356
335923
809039
218697
505441
274777
119891
657365
642672
736455
726253
345478
56609
580856
589872
300537
946718
680625
737025
142297
475077
497146
244148
831219
369514
921893
468184
62139
19268
134621
583894
610597
982502
738797
585254
403956
814283
712104
445056
836571
955786
570546
166776
316102
23466
74657
333134
403650
7278
295500
719359
177693
429368
523315
673712
923426
646750
340887
254826
458383
530629
754068
97748
454038
488885
842339
800286
635321
886899
850967
144267
654723
642526
342387
302554
81846
490269
514140
404752
657691
279643
287283
854788
161072
348588
597243
105520
132471
317634
987935
407237
962828
800921
980859
752960
873966
211865
518025
31776
59366
956159
886773
9671
963117
356017
41491
338447
683759
706615
170187
669917
893110
404832
808274
595381
500026
743872
611327
239501
884760
873238
349564
60725
354669
814114
910624
516800
178832
399765
232481
749954
746544
360098
693745
623828
61948
242824
652197
574860
838979
953039
803215
196264
636165
505851
628990
961322
800555
248413
646520
29276
509612
561086
522335
202823
508906
521788
438451
478154
668641
664488
785200
491830
155393
473895
519353
906125
853028
807219
633641
675797
253877
477833
362095
194047
373590
863504
149524
150994
50347
840851
175336
371010
302431
914355
743119
147005
615250
435623
489315
7743
589957
739756
894345
557847
705601
305531
110232
113473
138047
22605
901080
803214
232498
604004
900610
161505
337789
514650
382276
484839
518140
575724
854163
694954
928981
292474
950655
107673
744482
820859
442835
641035
120142
435500
267586
417362
544889
575423
298446
333480
666599
446698
113498
292549
30722
641344
238900
455487
770737
117079
527559
628525
184768
787614
129982
286659
126684
948851
566257
120462
905119
279107
174783
808429
324426
993327
501634
876439
452255
505381
537713
926752
319690
643201
694974
980107
449038
945506
102705
203410
68476
65813
412433
341965
967776
793966
505462
229536
710548
271595
638567
976602
790102
672770
386009
448848
9358
155787
925478
298193
448384
880040
787619
168554
336865
553164
933091
413303
146559
934569
377179
735062
887386
43805
356481
650360
412020
226904
746237
666426
980367
405702
20107
806460
20080
279503
62006
229587
166787
48684
622977
826664
827239
513681
102020
503222
466124
44417
845506
862563
303776
219509
786757
330836
610242
630544
859361
69882
109286
777041
683084
791590
657242
449550
826774
905183
220082
879817
990057
569454
148880
241259
576856
858157
854436
812297
57914
629765
923398
427242
913964
723267
840979
917374
722766
190086
124321
672854
909462
836615
554171
892130
915804
754350
706851
580437
310232
357482
54859
769856
667167
202688
331659
956508
836977
195431
544085
712815
291069
672711
949517
121013
320179
78530
289464
39989
493379
983729
375240
913368
67098
52920
863653
525044
360053
126228
409474
398108
284701
501978
219875
936886
494575
52370
616144
750087
661690
582107
251676
236469
777018
533682
499393
371067
343806
866026
439420
496706
40559
927825
75730
172209
450938
314994
750154
967749
341582
902727
808770
378827
663324
1463
439249
867577
772744
307658
691857
891966
359778
962365
566738
808677
329092
330343
849458
79449
461389
114395
39588
582225
951234
162163
421198
451348
379456
12709
671169
576548
673490
448034
971687
971834
26932
1692
171344
452697
224656
184577
980589
922679
424234
785056
272780
40265
59455
263795
10001
760411
928393
461656
258136
802079
999254
437362
263362
843370
869685
648460
849783
210522
618409
452424
617743
884273
673911
762942
990982
738095
225523
150862
561412
658313
416158
875745
836129
928053
743648
242845
891160
613588
85896
986986
299130
721415
708607
88271
622737
94858
861234
989116
967162
987536
103871
357041
854777
657408
110340
655217
464114
509050
4545
366769
245682
341970
779771
754486
717940
83801
572111
805611
691192
720841
169909
192919
587770
466026
720996
328903
330357
214800
442076
308547
339076
133714
913473
589198
480371
839479
592021
824022
282493
1528
560378
209519
594551
230991
604395
174759
270887
553454
781756
792471
513689
891644
897874
238243
34900
199039
667053
450891
135574
917877
216147
637561
662936
567971
750986
793598
977460
295893
150397
433548
691732
110205
36664
15557
77663
891557
857183
629378
20684
618365
367273
88948
446850
325303
272184
317724
253261
407515
403029
390145
597295
629485
479278
722421
336034
651942
499616
724717
295293
913647
464160
484371
840751
919649
392032
412614
256693
841554
812527
66243
84322
59503
790800
776685
126876
811745
572052
648515
233332
443300
630868
490500
474189
285987
163319
990903
39033
632435
92280
401781
42493
880937
958067
830128
18104
37432
469627
158495
697670
337846
36048
477392
606486
597939
77810
415947
817586
571283
612697
827747
889587
493769
334002
559548
785784
492452
407082
725260
820546
903652
631256
183653
586859
612675
2532
619835
310189
946482
215831
508276
162749
86382
265722
955102
640585
70468
93354
588098
451147
135093
657728
407725
883358
792470
753545
24930
247786
848913
456322
294373
646460
949145
949962
83867
513513
209181
844857
202710
515414
103249
426068
953382
933789
794240
720379
547515
764252
75715
344597
923142
268023
558474
628073
292190
154471
576787
705909
537818
739467
892236
679206
989623
737824
957988
705163
679261
300653
930650
440331
937373
773862
343361
363741
483221
794925
314656
721972
907936
185127
385155
260454
918450
10102
599018
217650
783294
962681
599976
321857
495216
731647
984889
302282
17168
9637
642873
904345
822281
476833
932647
365426
470968
143054
88018
731473
110503
340653
496050
99688
319748
59210
997277
942236
122438
860959
380353
474932
943520
666683
106863
424468
583360
492714
910253
570555
889607
562347
497489
685422
887467
902079
247072
20859
527794
624907
381661
935567
167635
159397
485719
25313
415592
998077
379911
1503
984410
832188
457544
169038
551595
519220
393809
195386
92078
354685
805891
473717
137769
445286
300647
740872
552968
668450
834621
476654
836088
657228
71595
491975
31303
943776
860069
378461
32348
316856
588463
382391
36045
104067
332909
13501
259861
390572
919792
385322
2959
962139
326279
7018
904388
428733
190487
165542
711474
173705
785330
154564
712315
945255
112745
883629
315929
665840
119085
605388
429668
988895
886878
391857
302624
481815
702013
611605
280650
953600
678316
157576
640638
892632
844801
258725
683459
756531
396376
756225
337619
925167
685289
510184
788835
897810
294097
537982
246254
635884
748085
704115
60111
761278
642320
721884
790214
323003
377270
724835
237400
464727
675729
287413
652006
62549
161959
520007
330859
565233
273839
835670
345364
517511
56749
902200
945939
846991
751271
246732
539443
640578
538935
54334
381612
939293
70046
81297
61548
988687
288547
876969
745564
568315
515533
700941
282698
4197
829900
385147
152043
886460
88320
127637
356736
69578
605852
372210
672808
80370
969416
678240
112257
131746
990528
490296
930341
576889
387886
856131
451263
659367
344914
827437
828984
570396
17000
673982
936431
866374
842130
62637
394420
510597
177762
279729
710537
709727
428846
545518
375815
129137
835212
665802
854497
800768
114603
750983
99181
624236
796150
773420
732384
259845
697877
270948
482681
713928
120167
618428
658170
541572
52654
803518
910536
536661
424066
258050
973173
324796
440145
296302
815160
502184
246125
782249
723658
971289
978034
503962
489094
935773
689760
363077
371081
410238
470106
713028
948493
498627
255559
710848
782169
521924
462100
559682
644564
198553
126878
960535
980154
179467
975542
533703
772183
744631
899340
953279
285414
125622
601976
434388
799111
509227
573037
185142
372179
135190
478698
336592
142949
706804
905791
847085
739331
129875
164742
372752
759040
149351
707300
944644
561680
329187
180133
828889
346207
387477
675472
152252
296706
595905
984749
829311
134196
917913
431685
657019
465105
360628
424661
197039
931794
439766
358048
414713
701972
232217
144580
880719
320857
594947
338994
497677
644658
497032
65643
754295
702677
107006
638615
844512
857781
819260
100079
592355
644516
817016
889137
279293
524876
942740
916175
202134
103701
605456
513230
339049
338998
949262
984741
399999
57339
919678
238857
168012
103430
385912
784681
899925
956718
666827
37704
295109
352131
972824
665731
887752
660795
260540
162156
986916
837891
378320
217298
39146
620449
335879
239249
341251
205733
713589
487208
373976
60099
410007
219842
690722
271268
617074
320343
657032
484727
858851
244763
618062
221560
123856
699381
750351
460910
192697
459736
247889
498536
263376
85220
679121
481244
674136
531214
191801
321504
747263
617016
106451
714742
382695
456402
241977
777228
879511
395593
939431
700708
116748
819606
986036
218754
780230
754977
303638
232227
290563
710763
726390
418012
865494
112710
109994
637043
170462
340998
517021
70452
843910
481598
894583
565862
852317
639337
894309
872183
39173
511397
401441
197355
931667
865350
3649
328833
889205
456406
879200
302426
159584
2179
196063
484094
868740
917960
851807
448387
107759
919108
205360
453659
589829
201632
456410
663861
903448
797788
691129
732851
463790
328698
614586
425068
797941
535774
945651
192336
375884
83587
469665
969525
696996
720088
387899
717519
731805
946618
554432
382284
220694
97177
155484
480109
692183
301254
638834
204702
299730
387385
155524
739663
711319
738462
758312
236129
297120
896226
270107
848598
441176
675973
977181
303347
518676
636849
234868
604756
993420
987668
817453
583422
244033
196047
839225
676230
656567
184653
384737
66422
196388
222742
174484
157911
641062
400888
679564
115283
834615
559523
134036
182099
356827
270453
142741
435248
35371
283363
472036
709124
716241
137594
727369
293094
845367
101503
407061
37656
511238
920724
912205
501315
497302
172617
622924
887317
114469
262337
996594
668035
725330
275024
72312
186390
853646
493847
229697
112233
804751
931852
242293
40414
913825
517739
882595
791076
165502
563098
321805
75864
114380
409682
585839
252387
804504
94057
304407
738161
202243
561114
311969
740502
577605
35446
447924
75574
262254
924283
265168
611462
422416
198913
617443
890347
832160
910306
346427
608710
729340
887163
300936
562829
971536
471981
626100
381245
786851
866918
345039
296541
401652
478268
857237
525697
223582
905664
249636
697362
650641
855232
747542
401661
940926
605110
283301
134627
927601
747753
468031
931385
862605
297500
910153
326246
406199
333920
672990
320202
433812
105416
953853
796913
293414
836448
715515
695120
240334
954393
8956
265991
835183
772229
758156
875810
597895
489707
194266
329132
395781
274374
364120
164025
572363
954520
606545
473601
941661
642063
522996
610663
881797
300872
329722
51269
873487
669157
605980
635949
838822
362092
58983
85877
778969
686776
110241
367046
929589
992759
50061
165932
515951
325959
526876
592961
655857
87062
460532
425795
18593
740701
239173
525343
251465
302626
170802
363089
542487
340161
140010
625908
674043
537396
540761
586018
562177
695189
141550
214248
131788
455787
854426
880591
717468
941301
900480
539364
238713
786664
594975
356954
56237
165685
361862
281486
4570
353756
767495
498563
413138
24277
182966
682756
729367
394105
571583
200505
737494
57096
713732
998724
492662
523761
992531
272360
856992
521039
69975
701237
240585
16840
278571
289885
16729
922407
526024
830387
4802
433500
439292
368627
970566
6614
244230
958833
554634
968133
317004
690510
504912
68118
375116
821950
983554
349600
38973
377335
669783
931328
875413
246130
654493
751903
416900
633702
62889
259423
994246
897115
791556
301408
437196
142090
961615
150162
573075
550752
492116
91188
641144
663493
211285
588907
417275
115647
23500
793375
214203
828660
752416
704920
821877
166896
610835
967954
168928
119082
950965
77839
382414
820914
328018
200144
901265
443272
118164
452528
780815
382122
430090
775824
560659
177314
995162
579093
838749
611896
741715
429359
111528
23068
750849
345483
565753
218133
985000
256474
77507
883213
799675
77980
818559
751483
774588
979031
484736
91544
848936
280547
956431
101274
499460
144706
891804
968184
776715
644176
1933
357168
416318
295824
321416
808194
586635
129017
168742
833063
266743
650015
912188
270559
32829
401184
896213
367504
325058
21243
225326
625626
425227
819986
470838
193227
28275
871246
713230
194093
223181
177426
860378
972459
792870
378989
419266
771058
244106
632170
9810
894865
403806
410401
67476
460310
776341
863561
698589
629517
923287
865802
954944
260720
87574
967610
500977
263428
905680
554518
957739
433306
195005
507358
185176
353025
223559
179450
760302
196857
284596
944917
652004
99145
727018
734661
128969
299545
730686
410730
225095
321351
350066
153437
229642
633602
288718
485283
662888
318692
737866
959994
359066
405565
953740
27416
826244
366696
709288
972521
393149
199462
285167
420319
682181
764257
399352
7680
949368
263229
599813
976381
519740
923676
974025
20471
34728
120936
964373
371346
135434
404439
71909
930056
606485
775857
837795
578761
496659
264248
822802
625650
209580
389597
344885
203249
167610
321291
536884
618292
129004
715668
487171
11359
251188
774361
361556
549903
226234
516240
553975
666404
709221
303271
508014
464656
779980
658214
903999
634897
446262
186425
500120
226761
911635
730254
251998
48661
372403
742356
444224
188750
678398
546433
24452
139431
80707
849085
947602
373903
2943
112326
245839
649365
491249
345847
755251
28830
362251
948087
928561
550263
391817
127366
490808
532369
216072
771605
302720
248055
756156
192482
974141
706430
317010
923804
57072
546835
92779
49162
408790
105696
215224
799397
799934
374527
995740
839211
997580
391881
525779
602939
326242
999297
659436
617906
292791
33823
534906
22053
647698
554954
978465
801145
567850
612219
523996
468908
380214
316482
582361
728866
71512
490220
258122
268134
222981
739361
840240
675986
999176
194741
535801
651345
692956
425779
572193
685826
202272
564955
575863
391834
79838
194056
93838
714179
313275
269690
65576
368594
923093
288671
702106
63276
404234
330759
938551
940752
545443
108271
748706
556145
897072
274890
660698
659907
407177
190103
597609
49551
604558
75504
106995
236861
999445
321749
296240
977437
318503
923971
424910
667910
427182
599907
270681
252056
938463
143436
151944
731732
858429
409439
123267
301322
828174
95871
918988
508509
873817
544670
680128
697679
268083
423012
784195
160759
599531
755444
318358
839730
227573
130364
170287
419467
44701
549977
92836
868175
897698
280523
572603
230796
191123
92065
609042
105477
704336
801761
53431
638235
18004
292927
708406
850905
987261
218786
209008
207723
873176
554186
442204
924474
268462
223210
277523
930379
122882
753035
257778
923397
758590
777607
438538
57911
486647
842297
913541
310132
322846
540719
914725
287280
565053
158003
72789
613289
607575
892199
822063
176651
227512
627603
650236
517384
146617
137899
498301
985841
619006
426972
525246
279214
736875
491774
713513
460173
769904
924966
634833
601221
11810
275717
229632
303927
296303
646122
196188
653075
595965
107924
909545
699840
543048
295024
930463
25627
6912
188841
460150
235600
813943
835686
938359
152320
776164
978539
8178
717389
544886
191916
232046
90744
766796
920649
175831
557456
357848
812804
313666
616907
411710
569593
315857
593991
112062
107733
635216
243191
508333
998353
778541
448108
216529
609723
331269
907660
298039
476883
432260
390498
486915
774378
911223
278164
86985
615082
960293
87126
832365
175740
475858
421016
235893
636587
78319
575031
645675
236071
196482
894749
926781
399610
458655
690766
628820
687283
262799
975879
58814
506754
424444
940137
911624
420565
390764
367072
639873
41149
447554
53968
828730
499165
973302
692200
621839
650116
268396
475915
190213
642299
372883
683351
795994
355126
453183
888786
765192
240089
978513
87184
169683
98456
551191
365994
775486
658859
282937
670783
559022
798996
768835
675559
339920
845926
308777
21066
871753
471063
324808
883173
775495
133766
635459
440625
456234
854244
63731
399916
889556
402150
494748
592466
382950
932781
882708
28098
217496
676155
580727
106931
303822
688257
11152
400303
100031
212804
329535
907282
942769
830995
30390
793954
745001
29231
249236
884963
796933
594894
399315
720318
572175
969386
65203
334087
802278
824945
23714
743387
201729
963749
373825
663406
513196
378499
149312
440964
313289
447038
259361
386101
852756
719248
906320
447107
465668
795612
599687
359830
970271
752852
564444
111517
599867
329997
671164
85064
243025
243676
137731
949915
250072
168733
767236
502825
71051
33345
385592
840375
963734
131872
663976
337281
939400
272583
91836
259560
853081
546717
559914
194319
526913
694167
696748
571385
169208
752116
556680
651273
107563
648835
342590
486307
46681
768824
284250
114170
156162
673087
702061
59592
790759
960683
42138
668389
239014
883384
605663
439855
46970
609606
641163
327988
547413
948917
515620
326034
463320
631569
483690
79586
148279
960922
508431
525032
804647
406179
829883
439693
539251
218002
524735
309901
245014
639761
965193
104804
717951
711405
595417
814741
625774
632926
854321
860867
892685
548056
13207
2303
4248
590600
907505
408318
979595
559985
305391
541677
516712
238629
585234
25214
945001
399097
5691
892411
346213
258140
603629
749914
528394
306416
953281
833161
374555
443965
245072
278615
577256
565195
293051
986494
632885
383785
640066
561905
613166
488611
289186
560583
784393
158876
878351
329981
869731
563790
754863
838972
623182
112259
819980
86645
193518
580390
424584
184777
528335
901990
254350
93603
168080
906453
398654
881340
120940
776641
12084
811995
270340
517945
432548
358989
620610
413531
972841
974287
816258
209515
577057
760890
876647
306676
351616
34366
698887
803905
678783
701441
918209
150254
83122
194575
205998
451977
376462
541155
729746
643787
596151
185622
618233
916806
790233
846457
255634
235742
522725
228250
21959
121626
80496
163502
354662
835481
387670
517173
279795
660947
905560
648882
590048
928134
450720
113185
407199
732953
536231
904796
338118
864550
404018
153174
249574
362066
911797
96161
367366
23441
793050
6993
106717
69390
677660
259932
710216
352276
87602
282092
683901
991443
689406
342537
899679
888388
902799
661426
192918
102102
773106
950396
155640
328725
497074
189006
732950
62170
171746
717260
326758
599145
119328
608091
257866
352189
946964
523560
54183
880892
695373
815676
865602
166746
637554
307450
853223
382628
106963
167618
931123
638455
395730
320247
36515
94459
513119
222818
10768
797735
90977
881533
433260
378833
520028
704621
228558
52120
343735
40479
76678
126735
85046
497315
248389
866009
648938
327833
671540
135145
919706
939420
206728
311214
727834
883929
223001
991657
25261
373324
164964
913050
996483
467787
155341
440222
909186
75158
734835
348078
804271
867605
189118
681018
967235
950264
854709
563832
624347
885309
548944
806854
108891
714321
688400
360783
815572
430247
834754
229199
796070
552959
31003
914005
668949
877955
568205
273686
725099
74081
919000
447718
333771
523591
870639
877239
944293
653692
532301
21790
190968
321782
421904
731627
747517
665666
1805
272867
551853
950115
413027
514017
398268
953269
317067
316826
60063
479869
525351
770311
150984
134196
611008
445011
568098
770511
892932
727271
964388
323926
588359
493285
714814
777735
658085
479520
159507
35114
368161
801761
231427
168576
572320
324791
464252
700157
748278
482110
1121
241819
906051
140002
511945
296024
961721
855879
613230
967498
394638
561218
916626
130756
640622
967145
112501
247025
260123
522044
512181
891146
831667
311115
543851
395515
848069
756708
194743
793242
617859
325843
246164
7262
587290
607547
995208
821930
784600
150533
299873
730195
763366
646498
103891
570161
718061
226943
180280
502227
213185
682100
441454
875050
766598
243896
419977
670870
312200
505973
873256
614325
978730
985422
489188
54990
736151
297728
757977
669599
231031
597235
370808
757358
826070
190978
913769
897972
590165
5688
551171
203570
87862
383912
300616
806656
929360
819280
74744
86495
817349
283776
449055
449399
140025
222126
39517
948064
993459
841141
132843
559529
923492
541961
340315
337611
436856
984342
353289
105010
773222
796023
729989
804155
406867
520980
711414
649610
804104
670531
189510
156387
29421
590420
746132
388543
694377
851956
607704
46149
596237
810924
792819
566491
36496
692853
350525
948352
395955
17115
373868
38472
740431
33276
173273
576619
175818
600987
191707
357944
20713
133833
854459
192148
55368
195885
378073
9974
449893
114682
304639
767832
667974
818165
603987
626747
250168
752588
817200
167659
759108
92309
785542
488775
905796
549404
325356
767131
740733
975198
147833
837423
396683
199296
686960
753848
292486
240854
199377
889625
682662
58923
349250
188681
273167
537423
112121
887979
383520
563830
70787
768447
152179
359812
823477
226313
184897
577230
181122
727882
359956
539866
610805
448290
530156
790553
700785
406025
694534
371185
5723
180145
667371
71234
491572
238859
276543
602756
676579
308401
588775
131542
84887
833827
198744
124122
308557
737146
342993
317578
123266
937845
396773
557355
246139
709263
999970
706188
32473
719956
21817
619855
255691
455568
118972
255486
387592
864593
866348
509325
257972
342810
60653
620525
589495
454306
249279
667030
540213
457623
217248
904122
932008
196285
99549
462737
430102
759368
248682
804166
117278
235785
138737
508840
987623
301424
739429
87353
265565
202805
500991
394246
704746
415893
957272
751884
375439
211712
610400
197725
247322
80466
869146
118947
326982
500453
739878
580917
111959
683358
30292
733958
7450
907913
16157
329992
714730
459530
182295
612796
281871
472430
241017
36882
47444
899508
550129
755160
209791
841623
701266
925381
302286
625003
973633
588601
330680
905590
475654
34111
932004
527113
972667
532637
410661
146094
752762
27015
405127
204925
389336
382536
881697
871541
722033
988720
696568
272692
271360
977160
435984
514404
851903
950257
935122
337451
328993
520742
717975
551962
953562
985727
944411
817176
427731
508261
385964
812043
224361
803983
281545
283158
782930
441903
727828
760299
273309
851032
638360
177937
268170
951526
60278
98511
852854
945961
82358
155977
172097
299305
687718
773868
773564
910538
449300
466207
262547
78844
915595
727586
904450
623045
249267
907050
770302
569706
959022
539343
223276
414702
540755
605200
643405
173120
227007
445520
861301
608895
550527
674216
280455
341586
404717
756433
551081
846571
315900
882193
700737
153540
181571
584410
990738
381872
114767
274381
963964
89366
3782
680072
585204
976381
139708
835853
28616
440048
746511
336277
85254
314093
510566
689049
132735
124459
723319
144912
723632
294070
324502
972877
788158
555801
63473
220231
848301
420451
232870
773945
844866
465018
754561
908579
68700
906202
260995
738424
767304
642208
312697
884561
443696
583053
780829
258486
377676
251004
169424
567111
662250
811106
248824
492391
333611
915288
647220
787072
488609
611542
102800
71405
908086
838459
910032
750186
539775
677917
364795
544685
971442
578320
169749
816710
333334
669001
186417
942311
521721
262279
876743
41391
240460
843543
253566
293814
468721
196669
666691
147558
809036
480898
144329
264153
323041
362424
577890
252811
385712
300031
983899
541771
784751
743354
585642
585487
541923
325096
88881
533929
59947
904005
939638
923025
626740
77116
709189
490341
475841
161030
459947
311184
641145
66560
699797
619442
838998
747452
489541
393893
419613
48898
228794
926884
748042
520147
585513
286027
825199
604469
542484
784717
908862
704510
979947
464716
366472
547029
68942
978279
548512
674448
686789
843493
968852
863144
607455
590639
789574
234387
327694
910269
881022
980284
377567
292018
243577
22948
347985
872948
341702
563456
399911
117861
912939
350791
162277
233093
666989
695745
395411
836966
265592
527440
672476
538907
342900
432935
497074
968432
401688
369277
825257
846675
746827
372081
436409
229650
679322
407654
554622
575734
964999
414846
237629
993334
197536
677977
938889
357026
369752
323568
690739
719723
562958
473699
656465
461623
999165
604767
350049
394566
34750
894278
17293
2001
590236
37446
182446
474430
948920
181243
881623
707625
937170
374567
415953
823818
565809
818055
578423
500095
290544
144493
715328
683672
306504
10299
743550
225244
831147
810261
401473
998584
65800
285098
24592
882841
964258
855547
326871
425898
83906
825686
96938
419441
958854
465552
399629
45268
411241
888006
417017
960727
856920
983308
512162
463055
301849
146444
485093
60992
475904
438267
170953
971130
400870
704333
614835
302556
467594
492910
712298
724256
79709
90887
787972
229965
377079
35995
350248
85705
675165
114317
352503
155972
691406
382948
196580
769651
128471
15666
593332
208724
761534
16371
556376
564691
945928
114520
949038
934162
554412
763211
309952
994199
973890
917257
367250
799243
816093
609090
360110
507641
937910
685930
579228
494931
710626
230437
887588
10688
862434
623073
534607
104903
324434
981489
876887
661383
248447
28161
428471
663364
585979
955441
389433
601585
662475
909560
346811
207258
710013
142225
786961
491000
570162
188433
751207
798226
206827
423898
674982
863683
177991
995171
454002
790230
80811
359275
432643
611792
892399
747794
957274
199750
622970
943003
863928
223673
564531
288667
8367
506228
789404
542474
782986
324601
31976
286063
140749
483782
717343
430511
562583
828886
799584
197915
955591
767651
988482
893501
702305
70506
971594
765532
954667
683444
287174
874255
58450
766731
723963
496977
174796
326922
675182
543939
893795
215995
636696
864177
512733
868482
390502
69872
204365
278151
947599
436096
944622
750246
919188
756453
767023
355739
155280
925046
976921
203695
533578
646847
105592
736725
947561
155030
318275
297853
965987
777921
81093
32170
194376
197443
768171
467939
33851
389149
27622
943456
544019
206302
700270
432447
778333
364059
186068
867370
925031
277220
284053
247166
507004
456909
632539
777854
245226
49567
525748
915579
643299
193334
268619
450097
232725
708469
723536
261711
201781
570480
192513
135856
717717
20768
732400
195491
936316
460744
997649
432452
974810
155392
757264
228923
430453
265281
284493
720537
502005
342372
318279
446283
66833
418123
238267
924006
34325
463220
690087
637605
724444
257412
350667
844828
273016
349548
291607
264647
20651
969003
972401
502531
11689
889702
361565
376349
538540
195078
187271
667695
546432
969063
485843
787337
874147
130785
339737
100917
273253
278610
539714
294101
233528
370899
964247
293623
913987
12918
756417
880641
408312
785833
507095
982345
705555
581938
988955
834064
727672
309538
309931
15188
843596
156452
695199
323739
90911
782865
805373
110442
497688
307962
59256
170557
320770
326895
815590
940372
887557
170413
938717
375071
363868
180746
167677
338416
396643
431407
567305
246977
512958
997795
197594
19643
265683
363205
134345
477332
324920
160937
712287
88609
684832
649883
853460
805577
651680
458020
678991
89256
493614
417406
863199
680071
562495
19423
727706
144392
125034
174758
719149
869460
396856
711916
659750
879538
81108
29891
657860
591014
834199
431753
528908
364298
4613
158115
386215
9845
791713
967340
814644
862234
987339
21832
728558
859425
129899
221990
652774
313932
647538
939337
634895
808000
669928
470231
446102
994498
637443
254541
500044
181576
822130
333953
608747
473017
518016
442149
652911
324947
226729
813411
49547
656385
877600
453487
840366
995336
849620
775110
113968
86417
49331
260279
126357
648442
923623
875718
636619
115534
393152
992318
351891
5589
720360
857522
494341
721476
332432
752350
46603
516183
263061
339170
598793
390445
121460
291173
45534
307101
546887
637908
649976
923160
838832
854011
843325
571204
106298
402061
204135
584418
512114
697422
362396
541472
147597
365111
29927
429958
859873
467380
394018
545913
617047
748795
457062
999135
255075
151729
260335
185910
279952
798037
988233
523563
715369
653643
248547
657723
268215
694794
332601
534677
524247
281831
652008
174000
103222
248147
216860
708454
35152
952317
629192
358807
860993
876261
457335
28438
948022
822088
773967
11795
975047
924620
166369
780473
653830
814860
37170
223601
512626
468380
995286
554327
817914
914687
217705
764010
824331
395169
96763
113895
764027
198009
649166
82591
562615
821146
601293
139063
417268
331855
932796
594251
971626
233804
479866
741217
208214
433627
577716
835981
24477
530785
743768
227318
846532
868726
992091
694737
649382
439238
335768
771650
494355
45139
917562
727071
50298
696416
204392
920016
482013
697635
299241
771199
149448
726659
843947
724817
32740
62724
225578
683294
833644
767932
34727
148921
979955
609156
639536
227927
387688
316358
534971
592775
500549
707205
542735
836225
860279
731330
602815
108777
623523
598399
224637
616543
284557
982205
335016
889822
743243
341385
341800
546382
926563
764177
933693
740258
59456
494008
521449
359348
459268
22150
900202
792084
845626
244687
825565
53014
892409
202547
736612
515584
349320
206390
880158
333493
722524
522853
800766
11182
707230
380494
481757
248503
850276
822618
790237
380012
223055
654963
957416
629826
153027
432897
863078
334089
307934
67729
828465
781364
27128
388631
259469
938997
149458
388188
495046
692747
172466
270596
45410
999191
327150
2931
490397
363027
804859
847222
435618
387398
932163
636550
495053
153409
878147
975275
809737
508045
94355
638476
159609
390331
100820
852610
143236
625178
745212
455543
350424
882766
457524
595040
868734
555076
8601
35606
742171
142223
871663
645896
293282
544220
71660
304820
631225
359900
714426
314623
588409
650005
51148
552620
508256
233623
830978
961347
217055
603187
834977
240021
63600
146116
845806
732710
476762
890679
305220
371962
249636
638949
981736
679522
106006
321970
746657
785017
338478
945984
92431
121212
461709
800328
46481
356632
846791
161244
533061
351481
51557
998201
497786
887782
488774
514879
436353
728817
993670
735023
384752
762231
720879
197190
825943
390647
482377
972556
548499
292714
591486
683873
92198
427914
50403
288615
39286
96826
556532
989368
634494
870859
890419
583398
643653
176021
347970
838486
467653
154739
420024
570818
279907
811081
155407
554056
765381
499978
238932
304093
978164
475685
34200
874627
913403
452663
31497
876493
962663
653323
339646
346393
485707
770066
587032
102144
25151
544934
163253
269077
644849
808243
169776
562035
254665
38528
555222
292773
118226
569927
579637
576482
330901
594719
510779
937674
361344
729164
418000
266833
495029
464231
865213
139556
984127
688162
408947
170004
706424
292084
746
210314
372487
716495
873053
260399
924947
618799
213998
983136
842328
743336
129346
310613
534145
926088
966537
984485
313192
360734
646704
543662
20455
787517
383872
141207
819409
832105
832702
716758
554060
61287
918292
7247
291612
690206
504575
460673
389270
638862
786292
775089
301848
417229
192790
231713
406726
829389
796685
183326
894259
679506
16339
867012
249855
631574
41489
725633
119186
811154
150836
623815
304604
888885
831837
633376
209364
442500
761825
233067
866864
234316
66667
992142
435345
568866
762124
290976
245583
424144
623312
759141
352418
362792
558728
426459
862474
802402
886191
319237
367443
696865
466243
989899
53658
23625
985640
461958
340136
28886
905920
144484
122360
719380
305114
949700
956308
811803
760269
408504
229926
251002
776760
762303
611428
501513
581328
46017
434932
954639
770855
555655
333940
447432
305242
342577
949281
976133
225022
600044
24044
591235
554660
25120
558142
160097
945815
987397
399099
51694
690460
448256
45806
388936
225144
96678
627733
307490
621824
500426
449158
542496
402384
581902
97931
789242
924422
123909
304027
825462
449793
364240
418591
838628
715082
7600
414275
414997
766323
712929
689828
579016
846998
372323
197560
849720
846027
758836
970101
91526
567416
473056
788885
972918
831272
235532
6384
42262
893429
843958
837284
11443
112301
721352
575184
61392
643731
22102
26146
59327
760181
457220
45502
664376
533719
596289
936969
280335
166410
204658
64365
919081
353277
918678
599877
441664
595562
822302
407480
615670
519861
395635
361635
895670
525059
546398
512603
20827
880326
336477
941100
230840
669520
838323
729713
292829
491903
93405
705322
299208
82963
890394
253702
965070
282949
803345
657080
865209
975398
378449
221492
626376
707739
922146
777066
762684
969594
862543
341798
410488
504402
809782
791928
355319
20208
238987
291652
631303
814704
377467
603229
781806
287761
38243
186922
985188
651387
181162
263022
74173
163307
760385
366611
149084
193149
281052
431741
545318
311555
60500
66819
942234
70863
597854
993573
626889
405637
528952
427692
206358
91423
835907
344620
715834
113078
383813
723805
229726
403991
34512
488607
396932
501184
269556
360383
259140
807049
328062
958643
362599
492922
734073
816782
945900
851907
422867
708106
944561
228180
97084
471099
891975
715439
874065
371840
800197
990890
323420
537410
184378
946127
465969
555433
220528
407215
19066
733335
493569
61137
32758
270621
690649
38430
333108
848711
225460
966113
997967
589769
795906
625379
149000
377299
354457
185294
206764
92540
813149
786490
427417
396856
604002
447774
752945
828022
746238
237898
205127
616780
7989
732556
212114
286312
707935
534318
156868
599482
730274
947162
939166
935887
945854
278941
859796
511411
383073
140326
521275
721657
650276
449514
254586
250426
62532
542737
226736
144474
880062
615748
636226
468140
197332
821980
905430
169986
548312
657049
967472
366153
922377
899136
995834
576860
572527
869297
438376
490206
612566
862235
693669
959960
45191
309679
629005
213096
676281
201886
545158
187309
563378
135906
763284
701696
243630
759821
464156
726329
739960
545455
138062
338269
634959
75349
520305
929058
634327
786878
26340
842846
884471
984351
424680
283572
700236
886071
199459
905166
105321
150533
568137
953262
285267
365399
513540
83394
699102
821513
475732
6301
384379
963059
690546
579001
443292
49857
621816
587836
248948
939825
426691
599015
824687
304482
443856
981642
16766
48580
934705
632614
643738
35050
437236
62969
251549
864944
136025
12291
663510
936003
729502
547877
809657
666772
686868
823320
418448
348284
888762
826844
784270
203043
384823
629973
393062
402022
558706
794774
655326
375835
761365
53686
962717
479991
342496
574900
131751
670924
813043
949450
147403
826202
128058
502442
988824
253721
241000
793997
587166
356016
788238
927904
851097
55321
711316
272567
720997
575037
485717
320892
939924
768726
180013
839485
749815
634048
262491
260997
471254
236037
723680
411313
509852
364721
969322
972646
291249
728106
531647
707214
341128
369379
223230
700297
16008
376058
257530
18931
71914
477439
218392
754502
675774
765624
997249
514281
765579
225228
992027
154441
929636
536609
559487
208607
443387
192966
854110
916509
731322
109943
487590
791296
332854
403706
486180
927578
417170
909970
49968
513248
310494
198646
54074
203808
751416
491429
978288
780550
524350
203878
564554
532453
219337
884544
670720
837506
278882
505578
50161
978349
500905
812510
499265
756355
533334
702058
426474
189551
593338
94767
676992
934195
224839
786624
318300
610248
324276
36163
244319
96239
403573
807504
416439
296859
162990
594018
895352
278129
278140
680782
749562
623384
567363
616793
806635
393446
798014
291536
414521
567170
370152
261951
7602
870827
938113
344982
410680
457148
781921
434161
331787
419482
892091
144486
70453
967571
291750
472
129134
502359
56955
104706
9109
10059
878226
252056
367167
526222
232897
55261
924253
590542
605464
136334
936669
621172
622773
152356
83204
173848
530026
722790
296218
788443
294922
254591
814588
121131
678748
967151
60114
137074
141885
607740
214953
491431
452491
4595
625062
600438
986251
355768
144904
87918
630440
816516
689083
989483
985146
416313
852119
955172
809346
808958
264844
42338
985513
473950
86753
375894
532553
914642
191571
854917
42817
16442
96904
919449
658451
943096
809884
733570
418106
34793
7750
775748
974362
762315
299531
956395
137416
389050
420399
390912
981475
471656
30548
260894
779028
131484
753721
382929
203237
826020
509810
109381
876419
495793
948094
375697
543620
97936
913544
774242
224679
646238
178186
690194
418512
446899
453882
393709
384964
653888
193859
898854
428477
334081
426531
547711
633552
472407
497416
566619
845218
485020
929675
532611
64840
408248
368654
10993
880384
359518
24279
791928
488313
314722
257238
342148
201126
248375
840331
218374
856344
223413
589706
167442
136258
580815
526659
580761
894228
693524
806485
889385
17326
385081
180391
695678
147073
926907
512978
448228
249320
931201
261747
253858
5537
423293
542007
538589
510025
915004
598144
963502
79585
958601
886495
3921
627664
385482
426294
444815
450840
55198
862324
321323
712614
759025
423823
998086
796438
751742
494828
657626
114728
777649
45946
795500
273311
170014
205455
708764
164
368397
891847
688922
521969
489196
428402
234519
222400
720966
472827
963036
667247
270626
580879
396726
912593
647734
752100
209977
651592
616870
167144
730786
174387
240610
135771
243757
693488
96502
785731
36112
753913
879736
883716
543224
116549
430264
519640
251059
462289
606453
601840
145155
837117
466974
921283
897570
203652
774764
944643
246165
528817
394141
489426
941731
727603
458377
223697
133032
388363
590200
760168
244204
364319
926574
971657
171952
62147
734038
818162
947790
970270
244792
736838
161084
457421
297812
53446
21753
814098
9942
614248
310752
799203
336555
780260
458574
172151
494998
6514
866686
547106
679266
333444
609524
902546
180040
301404
227521
255537
824120
642092
68831
566736
709828
14724
629578
974895
245535
391270
618014
421819
292663
498603
806119
161679
903170
515637
496947
78027
463437
36422
789354
545983
229510
786554
837430
690279
111629
769337
832471
241984
112048
318969
712706
985399
911055
858052
276609
419819
284568
820862
730187
630157
195381
326310
228646
946281
626865
913243
451017
131105
469305
157093
494112
35091
825114
327241
243066
263397
999268
467278
782123
108417
798393
184893
769496
254022
833328
297405
732479
376692
16676
328357
163896
320208
773324
98387
774909
302958
834562
4592
145758
374268
254218
905327
445869
625636
15836
704484
222228
134788
361729
246876
863378
339628
753997
837465
994537
78922
157131
387622
997644
942907
236615
873827
541188
93996
883092
110110
317819
399071
103492
383218
324330
69929
227663
863201
986325
932460
27887
981198
994984
246738
809487
819479
840278
313560
847057
992704
130562
929996
102250
313568
752391
835819
345069
755729
811590
340774
37602
875628
764464
713766
890142
512064
711924
828783
272638
75072
933438
494472
932614
978152
124088
179235
44506
736415
879008
881604
881099
625992
675671
7843
350215
574245
10258
120993
426933
943011
735555
650384
559811
409593
114763
404806
348450
110618
263430
547513
190016
119113
902725
661503
197163
831813
504160
227392
909067
452935
107135
853523
930375
972294
436994
579737
213093
527670
502007
17112
14488
330864
25531
637404
589216
387150
923106
483982
539775
113106
637757
128635
62112
817133
789809
59772
824137
253115
873948
977361
422083
830036
54710
118275
554365
852066
876058
303178
724841
3895
183508
450255
149946
724515
845054
732780
666018
319110
877884
829222
668476
554551
882270
181371
449637
63214
607557
191243
944792
541236
383087
633232
437209
868430
304303
527008
660334
314494
722798
709099
504013
498515
658843
241570
829005
990014
140507
722740
237619
509572
670002
809736
909540
270006
488228
365192
599578
94201
641086
662534
481218
787718
891545
590247
433419
430503
814180
655339
433032
862911
580712
517746
750267
972677
949940
107630
798903
703920
863409
960050
407128
308573
147328
775540
524652
780571
891928
440048
840573
403285
449172
391139
681856
99696
230124
851672
789506
540847
549705
37336
478925
732393
39430
494051
121540
173063
745872
416855
832112
575785
179843
813411
629347
167696
317506
519142
544830
214851
96214
708327
525259
809659
133508
731241
967467
716075
163754
581220
999874
586248
766504
568497
56632
989661
289722
966253
617289
677453
986233
109385
549637
753057
172126
215180
992973
857915
464524
405568
19959
192276
268574
632398
230255
61944
851604
91640
923771
291463
753271
578021
380086
82180
897794
409006
539423
478075
685941
736841
883186
738210
109990
351976
560156
693671
496478
721104
330691
604300
692349
881546
337480
409126
481369
60060
607289
896626
827395
949159
385909
813702
211354
796716
730981
526399
787120
213849
717854
740346
203337
419314
825845
663605
654100
520174
404029
589956
74676
390728
791458
226221
294091
422091
996277
646505
290321
670473
863473
387238
278685
143828
330201
873356
14343
798973
705181
710494
464604
608580
607849
172715
703516
888229
550208
723347
317244
130830
83387
686515
181293
754114
662749
783033
334022
704070
231264
554277
174546
408289
284578
727076
58440
552007
200654
310018
734075
937436
138958
123098
997911
579194
796443
237500
903375
357790
838696
719851
264638
562516
401884
805235
833802
949759
174529
122299
897883
669450
514985
723244
309101
90087
820199
804059
784270
334821
901758
334794
800887
513062
668854
835813
905141
885126
219492
386375
871040
925029
544940
236804
561515
664751
250829
34439
674626
670975
202894
724659
377320
997039
558785
394314
481483
342754
244504
210054
798650
948756
390636
131445
581573
840082
711317
670980
880031
975776
942343
13474
363636
703610
510956
627474
267517
628525
300958
836439
987705
801441
349183
611774
110162
452237
565642
312490
332642
696749
126312
733931
239229
618467
312122
383094
985781
198476
9754
310717
248130
183623
656496
196619
913096
426572
170982
162696
851260
179998
560547
113480
116174
214915
900891
655466
792831
618657
718550
64598
225700
97449
485083
988716
138958
811515
149509
549078
794595
233366
592267
491048
428458
816101
92543
758583
172909
544830
708824
466105
124219
995855
56568
695615
616974
801383
149144
465069
522986
970778
103643
853422
764526
833415
641588
653187
233031
146431
782522
955763
637808
550548
774785
203116
206546
392827
907067
386494
912347
608552
35184
259229
161259
884827
361985
71729
613751
520087
90273
121604
679403
36583
795034
314054
202301
374378
229432
84714
967810
399752
262858
154827
40762
352092
966274
822088
451592
132663
403170
561985
434748
426199
505468
525461
166460
696285
915223
861163
920877
823055
220220
891447
310528
99173
190266
173556
98835
173595
153693
781134
442727
991962
985655
72508
113481
989650
276261
619528
133368
983758
945096
171313
548625
329010
336573
123491
433977
888317
501021
715514
877084
240138
492814
93693
734939
78478
28193
758023
222225
775109
561683
463926
103007
381700
364728
341148
680225
86727
476094
830184
536576
824402
302124
345945
442617
566696
143385
152766
339470
844518
646585
188077
538770
886830
194855
749494
526970
534175
543463
212496
646357
416686
752904
287836
216380
774580
838634
209477
595711
947399
957064
584770
836169
133259
23260
89007
721378
913473
391167
980337
780637
181951
220153
688358
777278
494288
249158
937105
113221
718088
562910
477794
861428
566635
212987
833130
341492
596177
484745
865363
13057
275030
79612
778662
555618
629422
244184
473817
643230
971448
698647
936601
611057
314014
825657
334641
456686
749012
347413
615351
377508
476803
151244
340186
690192
186194
693233
95831
145969
970481
835829
726487
345851
862155
333484
674858
611343
242752
667517
847040
582104
974639
488901
210162
804779
842029
347682
458570
953037
917397
760772
630258
449252
246235
180298
334270
492511
323990
991884
404437
561154
346301
642372
614150
313916
27914
573715
476584
206878
657670
976979
785526
747945
125969
55242
440682
364825
391901
81222
56253
913617
948761
524798
472554
150594
16357
539320
692961
305146
905446
532470
645397
473561
69641
194682
93874
31896
352171
37930
672748
702338
262724
511399
619146
186012
330546
589325
74806
688593
635190
115938
676848
738191
846934
804235
159245
825724
671612
812875
698470
400672
569362
393370
899178
827641
52066
342598
922568
411920
945153
471073
335269
613989
699977
323954
742580
571027
991719
485913
248207
338133
484991
159821
754059
389533
844517
890535
998323
245412
425448
444799
755364
216257
380292
843606
340942
826927
180618
342588
775584
199869
924877
136034
201002
688163
905061
366109
319150
813784
331472
700608
623726
489577
996444
915947
963623
922621
827781
842532
764686
977705
774201
403688
94109
490847
423703
705883
799925
877269
511339
538192
403438
291750
126408
215303
689411
565767
894062
363359
19051
805751
858973
263840
301674
321365
938476
95914
868266
132666
844328
172064
92005
697686
538069
716581
530312
769757
195030
655246
612905
853450
912107
66917
715485
690676
113300
232637
606155
313673
338932
140874
729631
582627
263026
745300
592594
849174
124122
149968
667190
572625
45651
580016
437965
941329
119461
266033
951687
809527
891500
484733
594517
683388
260514
806481
403082
292283
139964
428550
968061
621329
139562
746945
138045
861069
402128
841603
461367
101417
689611
508686
290330
138741
607742
562897
847490
639949
823138
50680
650083
265677
758487
79334
293874
159695
954672
801473
367488
306964
578046
828673
395793
943207
542748
807245
393009
947259
598219
644604
136293
637589
616437
402353
668622
94201
216314
710080
706957
464087
703580
429926
438955
535061
751784
8676
157033
625605
74241
35459
362658
629363
224060
634585
779294
46484
516958
892427
474069
27096
660140
456272
307079
456373
991505
824574
886017
822466
474240
787760
467725
330959
277658
428890
337172
884607
507571
586506
108440
927580
538002
554004
849948
231976
764766
140821
175743
927897
322116
549586
586735
488190
376712
305725
747313
340211
936419
171936
671806
771763
450378
186632
972204
198764
352642
456521
189721
5893
882064
35495
285413
882607
724517
22802
730811
297766
945782
786906
40140
601601
188942
36733
290521
448617
249495
739874
253954
244680
93400
482152
629131
258235
932448
537346
744453
457290
429299
937689
723304
227142
563726
127233
794038
487965
872432
514361
838787
614662
596144
460829
58099
207217
241514
408181
418160
893366
170777
281756
935053
40052
514716
966615
207604
54528
391777
100653
340522
567396
267994
464082
753062
557964
404683
135866
760251
263382
953197
893819
692791
68197
490985
426282
14840
64493
885822
740246
738275
347217
46503
127315
892825
972626
645679
837956
700066
421010
128990
491722
161733
353273
233652
530675
88489
844688
767501
378092
495214
188637
378794
815839
820327
987532
732174
236860
880247
100266
338422
659049
48524
254003
862902
406184
954819
796592
322946
351131
784613
574848
790330
17095
258782
812535
746764
961133
351651
196672
537542
206362
481515
635662
701655
40705
692264
550729
305348
420499
571130
327458
229197
551779
739744
260700
651708
513728
848220
107369
818566
145507
986470
84807
196049
121647
622152
160056
629247
61416
183917
494780
706933
418172
312162
966960
937249
863799
521436
524677
613155
45389
732959
67240
562015
51688
51326
628195
190866
862036
546517
758681
358924
634882
312251
104784
511908
816978
560896
40055
50767
353999
391338
376125
43124
517926
322863
567221
483547
920381
982121
266468
623541
537497
692101
333256
217804
465672
845041
213959
844437
7235
944701
14318
859153
290454
443273
330345
60844
738279
219567
273051
387302
49235
352415
713215
311826
788294
968336
67508
821035
368193
309973
349801
650185
440639
92572
746831
116256
546540
492218
847409
15524
572475
315910
74690
806450
177072
591436
735851
40887
252002
853538
240535
28933
330213
709070
60871
273526
599585
562699
874401
21506
212670
701961
933996
464390
622573
408088
767639
953402
550368
485491
918235
55406
637473
323744
369226
79677
923945
326888
580135
990438
169985
466939
270362
55410
644580
407539
6141
251488
608012
550082
753220
883312
364606
513102
12912
368229
316911
762254
70356
122360
206118
201938
821501
513012
622089
858627
879502
19109
706250
489234
950901
677478
882352
405114
343585
736469
671769
218335
754601
386552
167225
114307
991535
644699
375413
592936
376717
402009
71459
721730
61726
427356
631764
377048
602886
871429
891612
161389
220064
353409
803632
756455
629141
809592
773808
739548
116024
637927
943131
14800
819742
646556
377503
71779
530582
500016
494862
957592
574109
179431
44014
303890
812640
220159
211536
28185
810891
315520
497450
207081
554691
562528
839274
987778
691784
818471
32216
338178
420208
443747
518923
691805
178171
421746
864768
361764
667312
966641
265059
884612
684295
621035
828655
370919
962397
926457
970353
169949
820298
910419
356798
231699
135116
975350
532851
532099
676403
392893
993709
462003
994719
839013
864637
982407
668100
848826
452707
361122
43779
240716
191495
661732
182144
973195
745940
457259
740539
730086
58139
534244
894086
611555
61329
117875
106917
419443
280198
982780
853497
351610
315921
896424
398749
936106
827887
699691
832082
566233
763270
565894
138291
722698
663396
306908
304374
48827
732864
138584
563727
65728
562208
584650
309255
506870
329539
923975
798362
662642
617961
100653
277718
540024
435814
707972
387613
92745
601921
963945
961326
30237
884577
172183
430276
837224
820852
582999
141303
744638
757754
533845
471284
469545
946111
600796
404747
32916
370276
363595
770385
340591
362458
883608
968846
474652
583974
373689
532482
773326
274916
766878
716793
939360
604325
103424
979923
157058
633051
858585
94471
617435
451534
232670
246210
877036
295211
513621
241750
52459
802125
101250
240246
177792
169255
414688
950699
775300
471173
137989
365469
653662
84606
936210
521844
306431
151122
833248
830094
821951
510619
418918
306849
109011
741346
719474
816807
303310
238565
82845
766484
608216
75958
178577
695565
644797
802610
191519
955753
803008
323479
760066
535238
263072
417845
793769
540400
104552
414415
628263
123216
582981
610852
794683
241955
12950
149614
804680
115165
161508
65960
173782
687110
673106
678433
237136
670008
763713
86139
826294
405040
918826
68247
343994
594746
696823
124390
281886
935993
297130
332560
927139
444700
488837
54913
976765
272473
515730
157398
142608
208181
468833
29562
987885
916851
411393
789182
389655
531634
995193
4577
990833
443620
886479
698220
330731
995364
919649
729482
806802
855222
925998
366532
242175
374423
875798
87833
843439
25198
345568
491999
190558
336799
923814
892258
730815
716712
539674
254728
686640
387508
752125
840405
602354
352839
261318
675614
611197
595337
268410
688979
84561
457958
666091
51289
328341
541126
391298
941830
979242
383298
312839
941751
735786
227569
326238
290306
888936
702081
431506
318368
393223
265110
896573
30709
666147
166544
853412
577513
776124
877686
528419
230049
101062
911272
439154
838840
668198
312738
238447
73520
122486
966960
885068
930675
546078
814456
197805
138967
387807
29763
505878
92627
675582
90184
22934
771203
859519
255341
83998
943066
596537
935753
24922
302737
497112
174143
775556
464091
143194
826799
120214
869677
721501
421680
633388
702262
161233
664165
981600
166543
727464
846447
786445
743842
725827
731558
549421
530579
97675
563693
898020
129899
568481
194102
968168
49181
640364
473648
554809
335611
194887
437807
479282
685984
816000
830037
884637
942859
959921
399169
642511
223320
898061
36572
23829
678034
998881
696737
268926
569101
999688
718135
317973
547861
438032
414033
100494
112401
433274
962671
267044
544708
133237
914769
246045
31688
642614
80353
507958
807687
876627
633741
571783
393596
524731
406640
555541
84205
29893
605003
596446
930584
301945
390068
690383
432814
237662
295956
808623
512799
290083
993956
394482
277665
277631
77504
216059
724873
534215
940025
440584
967324
936291
862918
81315
687316
413626
977689
138514
17867
168909
543276
626009
265477
987310
627370
829552
383591
30698
372629
131204
251234
668681
845177
644608
677851
921356
644978
821523
566734
990374
898974
105315
598462
81012
109073
652896
171175
507049
365836
444693
660969
868740
851114
976312
344967
943929
898128
880662
872735
537843
49705
432394
521775
681533
673423
396964
221451
393780
783864
495556
491101
805237
490118
29398
796702
952761
858132
184848
310651
251290
306820
8456
930870
665051
740918
250337
351411
97186
972693
840400
631081
520046
506818
399310
338566
125045
3741
433571
371608
84779
529284
394555
974146
769943
61196
201514
131362
554026
155189
184611
763453
910067
769797
328274
261659
837336
978626
763978
624771
151594
493241
3847
736086
827067
691832
747319
365730
988108
322087
727888
440199
473858
494863
719438
127874
533396
894246
512953
710228
134480
3540
512012
541398
839528
800884
592326
366607
76649
597010
95024
477992
843941
645135
995941
424504
472643
86508
832633
242806
111540
752840
334634
941185
76908
345569
8309
528845
656090
592203
233178
379138
421984
339237
438905
20975
500099
505889
398096
792130
932943
252808
930344
659105
246524
867162
445212
899460
653033
15982
18783
996118
381667
248900
47931
498718
36409
455775
551614
229555
405778
102753
762234
511829
234654
105502
330248
720616
796895
864914
254042
728202
935128
847886
455031
181587
257465
217654
510293
204230
282568
191723
479866
152045
362843
17323
19376
800657
353301
848098
990
345506
299865
622768
237416
127348
521161
113379
704502
423754
527350
586273
369038
490616
159101
593613
755339
390871
151417
824403
868029
73154
933760
302278
843201
160231
343366
502988
469980
556401
666877
411048
967521
813609
821060
750377
854777
866153
368248
164951
140506
758155
313557
96401
291875
804769
265213
380655
694120
539767
408232
981496
607785
398549
784089
909009
419031
168285
850115
131836
908657
375722
570568
123424
346901
974141
265689
355716
387067
141599
750831
264848
15779
115381
154299
628342
393979
87699
161333
786534
657853
635940
99583
457649
210510
354272
235636
253739
423719
698071
37969
183720
809727
608061
294485
713190
933593
613976
141129
799036
144237
355689
879864
688353
557317
270371
741817
294909
51590
522886
607309
46150
74645
228054
225122
369487
549807
729932
481790
894325
77279
438743
229815
769604
788774
850911
780834
61250
638936
319336
322591
953599
945810
620936
800526
482769
869325
846640
863985
217691
980013
720601
911580
49921
938253
580277
426388
610545
12917
203902
27128
929988
417597
496643
644717
803600
106715
409437
799032
265191
259852
893783
328548
966174
118249
278011
152556
161926
409125
687571
77368
690851
484349
880014
869451
669754
338730
815445
227346
263165
776222
780930
29709
868521
828711
521297
516553
893033
30830
712229
949013
671035
628040
812970
68902
537863
673406
510222
978213
317062
582141
706549
187239
395199
445408
566122
848550
22434
322489
531667
10234
480274
545001
334110
576493
842194
685934
2466
100149
433401
884324
407032
504877
562531
814718
662109
809250
438648
927922
686932
371213
280269
445972
919508
215676
781666
361433
850267
360960
495691
786876
935652
369950
761166
18110
414820
395519
395745
303434
848816
94175
632458
791573
157805
709577
623389
662374
346930
447186
830686
581559
397283
830538
513849
389760
327856
849048
926956
700253
873317
591130
195540
195675
477475
695399
331918
177649
789777
693936
647714
464042
10419
654090
654423
806226
275214
622636
381147
242453
788892
757507
185713
283235
583769
398624
690415
627803
576796
279469
810627
313899
37116
636436
661665
772731
718714
513253
723647
819216
812069
864546
220776
704996
4486
43787
934132
468700
629111
725929
767582
463337
158732
529470
958175
278789
712390
595908
934771
805928
19487
264186
705803
592888
211344
35375
438588
799439
303800
248215
683605
828012
121890
320851
254913
102258
170255
620115
303898
642541
292867
585324
565285
366589
925965
823348
599687
909940
62104
26302
913231
963630
952622
898663
996796
876068
933392
844477
987418
97501
491841
632467
872404
388429
433484
398029
502057
882062
765620
905804
526804
556469
938182
706044
47361
800618
411156
469537
866454
260447
737676
754286
251397
506185
962151
728009
164444
740049
149730
755783
717708
106015
528481
871002
380597
363924
919188
20584
828697
271558
251826
262082
312608
944592
629315
102351
458926
345333
617444
338039
426106
536992
598783
115162
748561
574049
136672
234837
174256
667430
27246
145593
801380
665735
728852
534949
455384
658240
179051
939396
551730
80827
559098
230802
946519
731438
984913
457077
952969
742497
990342
458113
159498
202406
95664
769385
571339
856718
573352
955435
389181
648463
955852
689921
88851
351542
336363
459465
546950
456014
553738
62157
298650
42015
181904
107404
166017
4795
59200
410946
749714
888873
300129
953705
773931
817901
20699
249007
516947
327245
517034
571526
81267
49001
43208
844393
669294
44528
953145
87752
686847
511516
952132
367153
528920
374839
672513
574571
51409
514351
312976
789865
773775
982100
303472
143521
632080
751548
768583
913851
59375
285160
358884
209407
313106
111228
67868
26921
910222
292305
392284
560234
822743
809896
441412
731210
256237
255076
214994
184282
86251
808570
688896
752504
374876
649885
42075
85464
935603
784814
234046
224713
850522
164878
859974
330797
782204
76246
605587
353612
934128
963929
706982
148036
512541
407574
787642
183975
197597
351872
47006
242537
529436
565984
516137
446701
388953
451418
530205
706471
642741
87463
561323
561402
684489
711077
140618
483455
816140
447842
819786
235342
472476
128213
727396
46242
573135
528125
708104
860595
14324
495929
238188
797677
604752
305390
676632
133463
825725
433666
54825
871725
304367
661415
653677
656767
886302
204880
204298
286770
305637
261455
602009
737853
739190
726308
277151
67475
917451
187928
998672
979850
689597
363785
244242
887007
670342
214736
792508
844919
735752
768928
425797
626526
412102
232828
154753
926149
234613
525537
372855
466712
320746
202834
231742
391361
695014
949081
328826
626091
837255
986861
419851
519600
847901
617154
713827
795445
82807
580300
939168
935305
397043
996243
891045
651750
896115
252308
64353
91343
1909
155694
494758
686209
113187
660791
756340
961428
805788
641716
421446
482223
971891
756183
161243
427627
817203
169851
842026
888611
827690
709645
31179
582681
458708
415384
196849
31329
23065
616281
298530
749578
965005
634273
790674
675198
174977
701981
232012
325474
187952
377689
635935
752954
731509
94534
858833
6016
93500
665532
870610
379469
357332
935999
361825
787446
882416
572929
2571
910307
721077
268558
361025
565590
431813
980445
274191
116213
602559
405272
571042
679679
596479
514145
943923
881724
12588
55119
207892
683725
659026
465450
731078
864418
818375
249662
393448
483996
297243
105749
425658
277277
239377
562625
731934
665363
313923
398916
47998
13875
900118
675292
290503
237687
263669
657967
667558
202493
791222
405124
91897
110276
884058
979645
472478
146803
806474
976242
611054
937519
198253
143867
189346
455557
117754
739203
319555
870768
553295
548396
983738
604674
674014
425754
160840
807897
365903
472193
746066
435563
372108
636998
265318
966282
540782
742034
802135
246916
469032
492767
165439
337764
798969
823766
270267
192041
240817
856752
965824
721371
990981
209828
128583
912010
27346
222612
72510
656103
947832
725987
691429
147069
445956
742829
170127
8125
208476
695509
621763
419734
83335
574761
869983
658263
381003
887258
590308
907901
608883
791636
696829
267838
882044
33375
109470
923902
90653
316691
441728
10283
939399
490398
617690
148092
190394
661918
537405
421623
26832
882425
840496
24028
377478
407058
384372
460052
28311
617649
147710
138568
604421
426572
103190
531113
698473
722870
686370
526798
285900
140804
693899
439119
90004
443735
697453
954194
12284
380709
911890
641780
145839
968421
586631
226222
950263
974404
101956
436225
918924
882119
647960
850875
667325
539620
254963
606055
377336
792721
375513
233777
311749
818835
520189
899911
391002
477843
312470
140850
483279
153184
598384
981832
417304
591360
908423
155120
889578
698637
123143
316887
62593
753774
857658
458318
983271
233029
397616
324261
682339
826323
616945
397701
283261
334368
540043
132205
368922
602043
734100
566947
747750
665223
615037
809871
71038
976536
582221
636908
708025
100199
247410
323098
543837
871453
338217
56461
89755
315730
994347
323699
384008
546734
524529
363942
620695
370347
745470
865626
146206
851436
843651
940302
996846
913867
305221
859622
332808
796341
546639
200499
342734
57867
463805
569219
649059
926751
643892
348808
999711
541407
310636
79374
668866
450710
449569
360587
95583
593525
548127
164788
718065
907968
793065
868104
267333
917806
365492
679563
673251
658430
205355
896052
756133
260956
557654
178180
307493
193156
134193
197711
732858
2070
631981
57029
369998
881752
373562
96403
517636
910296
42812
633887
297133
551660
5716
741307
474884
262979
479915
147196
833385
835284
765084
119106
946428
497104
157567
686377
420309
982505
859122
548851
245761
236815
521631
650600
165692
937726
918813
429605
497403
963290
854265
104899
410929
488525
432084
165898
855101
189214
666010
109362
273613
790112
319741
642700
575887
278891
524450
513640
467505
500850
851293
376834
751862
956061
226777
114203
101683
102790
202198
555190
400349
892636
615031
660386
782913
42279
218887
334231
651588
421749
832736
257138
868892
976565
825151
246945
629127
43023
52007
420610
577024
760139
482969
892332
267660
20290
380475
641297
994905
884065
487742
92134
17058
84328
878596
843781
21986
644681
191962
910539
818538
971136
244756
149266
344968
534447
939316
512334
326907
269119
629025
256151
955835
971699
592019
804863
193431
557302
593466
767559
300730
934781
709513
342543
77131
110999
596397
28275
202295
783577
913637
134341
675801
635250
985787
833749
522725
274425
261377
898676
756927
694304
695670
424741
591969
516705
447007
574205
870627
356354
690643
123297
914698
855091
108043
47221
805312
136650
354190
420834
659455
308893
123061
293853
593860
146165
947347
499067
315563
608447
422492
441205
470028
555989
286635
235572
580749
706888
843436
246541
566554
258445
911443
588622
318378
23241
345307
696327
995749
838924
367909
412681
815681
457549
721218
327377
565418
785159
254194
318188
156879
235595
425798
684441
863197
942005
5351
701449
855955
903046
519608
229574
261894
318763
795822
12661
562025
874843
389486
2052
552207
214831
385032
663059
755409
691697
643867
847593
272392
379233
107469
212723
386551
285135
600747
763731
504544
821105
138605
249984
776075
847925
517899
973258
74614
166682
974063
967969
997711
711147
376798
80121
927098
78854
70500
425179
397500
461314
349543
285075
888581
536158
31194
61918
283119
607231
584195
626467
394208
818654
102011
314355
578660
265993
583638
565227
350392
625954
81680
179578
45627
872974
308853
693990
825095
577944
569964
422996
18005
771638
999310
209536
135145
980119
163712
630243
255778
823094
697391
969963
795827
555547
910356
202883
701250
356994
682643
680860
934519
765413
564773
757762
763698
394281
110045
170694
58285
926728
427449
474379
472537
360939
454554
916236
951048
642765
62604
818344
646326
738847
290854
832461
170250
441909
934887
29474
897991
67785
85472
402673
515049
553222
380695
885469
302726
512522
574141
541783
211380
892103
680966
59359
236780
296603
549481
247614
630357
768817
53992
894183
57659
822343
319067
269508
932247
595893
157370
977596
113643
230896
758795
174093
137846
81228
732250
493055
413960
36172
762783
832645
125266
908333
428547
334637
822342
321174
8410
994263
121361
889244
562290
35837
281104
674341
764921
945256
566003
19195
506342
966980
859112
670460
484160
61617
160071
330433
800761
60272
871860
279851
298371
987707
185587
713659
445573
927197
189112
677417
167422
332371
540568
84990
954806
661483
130819
883426
272875
865120
406104
770984
251661
57956
55760
925324
13457
709640
289978
580595
334076
666966
221728
643808
691296
855602
71948
220690
300023
397693
149645
164313
879910
52665
717883
267417
396848
795629
607000
200756
928412
789269
623914
948464
452720
744554
941204
289503
21794
520334
925616
741280
702005
288043
749035
300810
134677
993563
681998
722209
700223
602512
498171
644769
66242
357500
382539
366126
106462
792926
34061
52022
123996
969988
330493
561211
708024
679654
314176
304101
639950
27390
250742
161771
571158
659412
836816
340798
774558
960200
1480
323296
669312
156994
552688
31639
512360
191058
739612
678937
603704
924273
58989
105600
748318
617687
861590
742365
361941
116714
412035
139250
591918
348040
562619
295981
937535
817566
186831
812081
2291
237119
62977
601820
236484
289609
5352
636390
619172
450778
491222
696490
366147
810188
820994
384669
32139
717376
127089
650445
638945
7558
823923
379179
906247
217375
901206
778661
939284
504711
334403
981713
142835
649910
600712
784285
731951
645428
247551
40194
344725
282351
779478
503217
145727
938619
914170
193376
145889
541467
339601
451608
242161
855865
378421
873916
303895
20839
975200
633496
287702
558480
174407
248019
265657
975150
709105
201599
276134
468338
505925
708059
