100
204612
624970
176199
413854
87548
749499
952811
449228
328595
437148
413
21078
443930
396711
834815
230796
232559
892288
188435
821397
605605
347267
252621
963783
625218
713489
111602
50353
45922
155008
100442
631383
728827
723839
201804
740670
182500
819317
815943
671954
152618
584697
889229
885704
351460
413482
35868
20534
876376
481070
649407
674977
773384
289917
821107
701996
813093
320298
44231
470810
792113
31659
849370
239206
500371
561902
415837
94836
735040
624031
533690
252930
824976
749171
831848
182794
47251
978893
818976
395342
50197
24348
230510
58862
505923
776678
272753
111509
761331
910093
326126
706704
499540
298327
680934
174141
94790
821643
923704
553088
