10000
668490
133848
159672
360783
618961
86814
131373
941267
909492
229383
430003
76662
732052
511854
101735
741086
824133
770280
46107
797543
882306
919960
93410
666895
663042
172277
976871
757876
762259
818797
704081
729507
524059
112486
643752
329415
886526
275444
797412
794814
908485
122531
845382
100761
779434
525848
968262
898720
520135
555513
805655
242554
299958
61067
629403
518167
480123
82800
19774
182498
119800
727247
969825
925770
235805
518137
396221
598857
126620
701116
417720
633543
724779
982722
798758
968916
956951
581915
766716
392530
375222
968229
261306
693706
662233
565903
484727
714970
770768
939165
535727
584621
841634
863826
560168
760084
861314
931161
164256
413433
552958
690779
270362
152466
232897
100935
860518
514134
645556
623858
365476
44541
932752
750553
42832
424018
889356
511334
92638
58225
337776
865002
666596
901278
17197
564142
86105
594500
588829
505973
260658
52612
575721
154342
117120
491241
410088
931458
396206
591956
264879
538935
683015
330349
976928
536932
327347
378094
20618
167646
882530
215333
64597
595246
618673
726876
299795
478840
914427
912673
24135
84903
440736
947148
921989
586743
667580
431412
106326
533300
421682
688113
32281
770494
553805
683086
960681
835057
757334
482325
66432
130360
78644
519881
91871
898166
909800
363264
199875
289834
11393
557412
281392
429754
208880
234974
22818
142946
933907
580964
401426
804557
760789
84385
398158
293192
799748
55810
259608
423862
728394
667711
373172
491907
955849
411570
11274
978378
949096
732717
94755
943288
392324
424963
724392
406184
597851
90301
912865
749030
915697
68047
463680
563833
67832
705914
760789
310248
386686
167489
692026
215168
206390
691858
329244
879366
768229
365910
408595
644006
932519
274726
668855
913497
418946
820751
105863
14799
80895
450454
189086
840659
8450
772383
804987
793280
832992
133348
139854
412419
573345
212174
316663
953333
242228
179354
31032
440145
489483
59760
174642
83437
616518
13699
622293
301826
798095
58822
611178
285779
204653
425023
12336
332475
300806
545033
187715
805119
722218
856764
63431
122070
280171
778096
658272
754844
141021
599799
568257
695295
384304
921126
474647
337984
224712
201154
798943
51727
749702
480167
325222
45198
52308
51737
220570
192273
71085
882280
700035
51194
899669
741065
948424
7570
599454
565784
175315
917924
302017
885820
358502
621854
521040
626492
775503
797459
426480
504894
123536
548468
513406
982147
362944
546544
467086
539022
399600
506400
95173
816897
698415
565156
420790
693554
285865
933694
922929
904883
508628
170709
333774
681440
496795
193718
6109
124682
638421
2546
795312
222747
657108
236240
369907
341152
270866
200524
143172
843667
309668
263401
529475
253344
911457
21604
251242
696128
286134
596055
658233
19245
957535
185957
13060
613296
102971
8027
316097
346289
846145
520520
122771
212950
93387
9054
411984
180304
61011
683182
729631
536087
96350
474789
299356
769253
978595
786881
427823
475660
301891
60103
314731
345839
174174
755829
597039
457851
103865
79487
130722
768874
866912
22935
763016
150971
645178
243873
46803
766350
230358
110440
357877
867542
487993
949950
622201
891964
471296
517660
347048
412754
950979
871972
83194
250627
109468
500766
737587
756031
871029
270243
72462
310716
952759
567927
985958
97705
266890
128838
441764
384172
529828
672085
458812
42314
318800
743793
954843
767418
794974
419500
837033
597814
170379
304970
656841
999750
936139
283524
926308
98362
254356
183151
837850
487940
490726
490776
550838
436731
85237
538698
68983
421443
59744
147001
200872
425512
133580
783396
712899
782871
992075
252296
529410
772409
994215
673444
701026
400437
545892
359879
567863
83070
664949
210230
204945
30691
225570
567068
566690
321898
310664
938320
877416
892325
612002
217505
839730
574581
859968
880328
922087
870022
907621
987735
734063
452571
141764
640388
353741
439484
141618
685647
826056
882192
827635
967695
852160
479469
480995
153782
298575
253213
46945
601214
990312
880597
642656
931606
882602
142903
230431
208133
105780
316811
616077
518
886665
125572
788883
366373
116275
538517
813770
177408
802909
443021
973025
613407
892597
769101
950028
795533
154028
787992
474121
298237
720085
325619
912504
828122
552568
498490
291839
308795
47149
319722
991797
589162
224652
41668
631600
506327
833510
654783
519283
822566
829192
767050
857775
988708
63710
876998
239641
980704
448299
795824
657914
576422
687814
842757
416029
375744
367375
238856
254267
953978
221510
234300
427653
198878
985339
14933
139030
93147
871345
771964
887128
125955
387687
377807
776661
738435
260773
608949
17416
618151
186404
128831
726597
188687
234657
732051
987066
790158
727372
53379
431393
248846
436541
378310
199613
892091
194888
417723
687398
868507
364893
994449
317656
896681
843155
854251
193779
79278
581853
784669
946675
861088
766405
131706
101170
611216
156285
969804
79855
973837
977333
656582
983351
802195
263972
60534
872325
386941
832461
961042
894851
376806
685273
221796
114117
141403
69227
309333
650487
796695
304115
944294
688417
415932
662623
670741
576633
653631
799063
771961
727382
277730
158936
603211
82441
486264
577077
407490
882805
945509
987917
377738
138999
406156
941941
772830
626412
744266
986921
276409
851811
765507
968475
90349
318541
109265
122010
249805
616853
266299
57129
302881
776273
19794
961805
343745
174204
923306
544772
92526
675112
981498
251562
682406
679138
798575
431115
383475
178037
244809
109489
109079
670578
1554
537691
712137
629425
26206
995229
891635
209434
812887
237459
860741
877674
988788
406326
802271
285543
976010
1815
572570
99385
745691
101064
724885
676332
884097
349104
260955
68334
647362
562542
361291
58929
906663
991865
836980
777015
723477
201213
905692
916267
790747
538422
585383
124290
552886
967736
10717
317063
594390
363097
685767
595889
44250
398299
632090
331322
128277
944251
403149
155753
846612
682399
525041
804017
71528
198173
25684
788455
667413
960818
520769
343422
775207
652272
811417
321289
716772
11950
558508
776964
980497
498228
8791
331495
560824
728452
219415
223573
12065
772366
113874
139854
27399
460611
417499
705830
853028
361088
864327
843570
797445
42132
639446
273725
411398
811905
99393
681991
946999
10885
97885
99984
684953
169225
467721
923241
999477
960125
696254
163139
37787
620450
355821
54680
294536
394240
837273
261304
982569
698941
332628
827795
253287
976288
783118
308158
564953
439715
731776
327628
869666
718554
41258
32369
289194
958294
987221
798605
795089
940746
678120
966720
513180
83597
876546
683910
821626
416433
120163
32847
964462
487631
360978
613755
29364
549573
545820
17970
378015
370387
608220
274512
995601
531722
788249
814545
408887
150687
593229
229405
200867
905700
175826
135704
839296
410742
263879
475409
372460
419695
41318
518708
728311
691973
754565
137616
997613
325412
643702
21472
384581
336642
598693
537532
541145
416543
648430
135464
380432
941634
780564
324481
275524
38000
381995
360880
71975
102185
478047
772060
541790
334257
751564
254281
653353
44319
286975
520027
957491
776319
492186
422610
707821
68341
294422
531229
680998
351820
732960
443379
355145
902376
569801
516855
236479
199247
982700
437746
98370
136485
124548
284802
404869
697216
164068
852710
821415
768594
685295
892309
337326
333855
799537
795214
555306
536476
614066
35856
601511
222753
425370
987353
141887
525300
58936
503518
521633
179746
645054
433698
158264
389399
305643
536419
201577
645527
742812
553545
224341
775781
53294
101525
8284
369642
976809
215763
447137
510315
612759
930314
883928
686234
654541
490068
405136
742469
907578
855160
194557
348951
995334
528676
597344
337449
656557
870714
89353
95219
681793
155499
331567
315519
715706
422169
166524
343811
844894
530060
330176
5645
364031
484356
538856
217602
894467
863818
225443
557503
85438
956789
667962
440750
435733
116062
823453
425749
979545
649181
792685
577682
772190
233407
902726
198001
376051
561329
228041
285040
146126
710599
584481
634757
901692
762657
518235
4921
98293
751525
944385
176429
373635
41751
55869
131397
29562
627098
617901
150220
486082
718725
691173
210350
23182
770990
148444
25761
192942
461406
527323
473766
44286
352332
332078
533203
22765
809183
841766
855688
537321
115763
825319
618186
780426
30881
927872
872318
519821
335030
215553
858987
134224
49215
334870
851877
684164
795254
910514
987290
13267
680876
84053
365020
899749
308073
548318
486755
827866
715382
478263
883367
861756
269112
42266
5313
726473
449399
164139
534019
618588
132412
589737
985718
106798
863492
58138
233587
280699
660456
484223
537516
737417
325196
261003
280138
701185
490284
806812
454255
579183
970538
301501
866231
100421
84446
389031
802611
955166
454944
446290
677708
539294
111724
630414
678820
280441
932395
344180
578786
736810
116811
962085
132443
924884
150057
117942
626631
437513
208411
84644
521690
403
590094
587760
196632
22133
794955
249107
878277
32775
297933
845094
286193
680415
53636
393383
686994
214836
265169
595253
193671
324221
121641
943948
962489
331597
236350
582140
488007
888898
931116
992818
208681
756400
651851
91677
294385
318889
514969
74810
581779
455155
83394
941382
860937
857002
351565
853922
30684
214460
656626
131776
603072
617572
230440
157501
964819
78238
353146
633173
426147
492098
81850
406195
587970
758967
33565
716100
546113
551173
60672
630820
332063
598001
704915
668702
950712
690652
107011
43137
252023
590011
824878
916408
406223
87082
310508
11943
103217
302482
774963
686438
776781
778439
64974
308011
343799
599215
885763
513665
990252
982596
17049
556944
543215
407554
152250
735947
283245
79801
457128
951060
767570
462706
973799
412658
802031
528520
876835
606329
163350
439364
335366
133640
816592
450515
498236
838243
35898
853199
486988
264964
697554
543677
842140
580247
430533
158696
827544
919630
882815
409200
650411
58586
766763
695862
791361
587282
704744
473223
875276
12756
512043
789594
883359
885651
638736
856810
667866
433421
310959
970522
765547
102046
719672
98481
977896
600873
769287
449953
625847
923120
5519
122489
486310
650349
836179
238329
318613
767213
755879
112834
738119
2795
958299
758211
813114
161403
917282
620307
960694
218771
537812
314886
772887
260230
633147
932404
256801
263609
567175
384769
879805
420580
687584
944924
693641
691976
274936
910569
406822
777901
375066
565798
973218
857755
471080
875773
147886
488634
542447
665046
538069
415661
48319
512146
181454
556093
451405
61048
595613
21236
431294
375094
321839
893799
725871
516558
61481
847973
641533
310635
655368
38390
13310
466504
366621
654061
135973
78024
348029
413620
259811
13142
517440
566816
790325
563566
971526
665397
638056
301888
980862
34815
782460
377395
424367
626668
710168
941731
370527
385145
40765
817763
12445
57183
709206
579208
933107
428782
424427
566029
278558
466107
792727
975193
631699
348876
346597
193270
244714
90008
321480
705286
559335
139093
565458
811651
907102
540978
374730
968462
391150
441641
747979
202196
485637
905216
228883
465391
613806
980709
901344
776373
536061
817597
149694
771802
697406
157085
732208
336449
153951
377391
546185
824754
742725
908953
964290
229019
627247
168186
796620
505199
628499
463167
30099
549321
892558
811346
663634
967066
66782
759970
829013
104609
767128
559777
551072
971094
714613
502990
481798
497985
804228
23600
377612
844185
861210
795716
722206
753860
568975
351779
934134
570622
150735
212697
150753
690812
879415
451109
308055
999324
662740
629845
164936
712347
895439
451008
894248
719416
754374
259892
511373
176007
533473
692684
818227
74449
351552
736534
433432
382928
460772
902923
608873
237247
346299
716567
724932
938961
611959
138674
743942
840398
368942
7385
236388
851120
527481
431616
685110
697874
387879
753009
391681
301021
709839
110011
197851
193210
236836
529659
186494
326473
577279
132640
76509
386045
333145
637745
733908
811002
414941
49050
633330
681552
439801
667092
302032
280062
179484
402841
256969
996613
954353
665075
480118
386152
674645
760484
231709
420092
588458
169114
453334
29694
237991
325059
169445
686870
255943
779040
152141
838229
729710
171450
442771
494842
731606
561415
264414
496315
473574
817137
260035
310370
885597
732805
539955
357928
564042
96687
921165
422221
340402
477657
707341
590307
17158
406942
199905
386599
950663
472543
59232
627868
729677
715515
738556
623049
479142
437248
433400
161159
879190
692537
963762
220764
223086
69982
864700
11699
712082
335122
278363
936494
416011
577512
145339
447417
292268
960862
257545
763509
576994
23349
840077
438253
455414
100420
552560
368876
673950
535789
722282
837445
850174
219011
642797
746306
159457
389739
705851
690378
134461
916115
111983
920361
323993
207433
655030
209694
903492
747226
153670
352898
329676
604925
128608
203528
262398
433114
398573
350882
131668
863072
622152
950765
938172
606548
730175
870767
31631
581233
929309
4352
341627
26327
979611
225714
39004
237263
354583
170213
474337
192446
331317
821017
506667
411800
705465
575985
479753
92538
86394
145194
920607
820072
391947
402521
909467
502624
223381
109075
271862
36882
329009
607001
700494
794293
791216
378685
771747
936760
866692
16532
56985
510636
59372
469234
138746
713124
177722
207496
998100
130962
890461
905555
643067
657936
787289
388450
970731
473572
950095
45837
370875
471140
261242
652719
264795
956667
25573
256063
554631
947829
54636
201778
870059
924037
589700
475776
339038
505101
555022
429328
329298
503839
278693
615175
955134
619645
294135
491525
225717
751391
579993
518472
764143
422395
837563
966206
482656
94574
860666
736045
954180
405231
609075
428535
674041
269553
744383
143891
691568
33630
36674
234168
63569
81130
96030
397534
521583
548727
170513
942717
946608
715538
183603
109084
68589
450919
446495
905940
727467
565776
722070
464291
772892
631657
767502
47433
327766
220466
439312
235208
237328
343346
804481
941809
11247
580979
541755
684374
67702
564424
30822
979550
952511
442079
269931
397420
883236
474088
945869
862775
794347
352462
639691
175960
346103
60422
216840
27368
172924
947146
404990
811308
71238
402471
743858
709579
899771
479982
859833
879472
453931
607610
482375
612789
352704
27769
152667
210680
130724
169502
605634
811735
41058
139896
503213
578193
766118
769102
723372
594842
948976
853731
625601
822777
601689
24772
344544
744285
32252
406387
423873
596929
61121
995625
631559
900245
634484
685387
49058
103381
868334
500402
989256
37856
202205
657698
705327
822355
489436
908091
396473
377780
961788
712594
645914
947637
407130
902556
28859
379053
80942
241922
125954
554664
722701
251373
232447
767262
523671
873503
587830
548678
187504
306815
44312
325592
656993
734922
606391
276640
234286
969787
484715
103310
565566
743720
668733
467601
942033
126775
472306
739474
811265
509164
340728
840214
414396
679398
392863
402073
94776
415849
430298
355355
442358
325335
207964
700752
108431
932410
625475
812808
318662
855451
46379
569565
690702
513314
743806
399677
760005
134551
652469
66125
462346
849154
278662
477215
904260
115657
721558
617632
576870
214880
449484
663334
892868
289142
681637
897271
658554
64924
870134
883373
114599
66229
801225
459413
666049
501641
479052
462695
390321
897085
258013
632125
589967
457527
814987
292014
938229
119379
885073
166063
442270
920959
257179
331312
615271
651197
397141
668602
90758
625128
229161
681155
114770
284213
242409
378660
374546
526170
437208
766011
658633
551785
612833
71665
203410
890556
632297
218056
483850
771469
878463
938942
825245
301629
817291
639361
433585
140551
646469
778814
290777
196528
550032
536309
225143
478113
929587
850995
162572
64700
82536
497129
560137
526793
540907
727600
297208
591664
686076
920847
247899
934646
466098
248213
646682
331083
579669
884024
960694
822780
161350
822564
979851
586531
67794
313097
970948
24836
738277
830659
628645
174343
597159
364867
329101
108722
441620
685043
667838
229189
393185
351516
6448
367551
771858
348304
999931
533969
607538
559821
669610
661070
840060
777597
835090
285636
117809
575666
216569
901205
227177
363880
307398
323858
23364
690271
306001
264812
962348
37759
847638
133129
74614
379989
391081
661214
710972
142476
399178
510573
842342
621518
15111
204112
912733
823157
681492
76851
779402
758063
262316
35926
178846
170966
493810
776475
144327
818780
301706
563146
937556
163592
958635
313342
247620
474600
542324
651040
245462
21377
112509
148323
327184
239443
203536
593168
934002
218300
957242
736937
935454
236379
26412
314269
241892
978180
781830
866302
443548
976847
637465
540066
347317
48563
830554
448241
485883
981595
815273
300665
415841
98402
830076
100120
853667
169951
12423
755348
324068
390561
105542
498582
962318
878512
308183
312111
54430
82160
866216
203470
659905
47506
300661
887179
149504
423056
610804
71079
933978
985983
709338
138485
640978
627085
905719
531673
646689
746414
279565
797564
413625
161975
950523
343104
14758
665482
152397
830083
302566
415808
954779
135624
139627
320316
357095
367628
328846
69995
435556
217150
138479
344731
607143
266893
607470
91152
449947
145327
985486
125288
732566
731060
616988
974852
346047
990425
277240
130477
918266
367317
116797
105637
127967
866356
884273
752187
861425
540863
937034
963249
878862
135759
893126
306190
922037
64237
727563
907748
800698
10225
102918
606078
403774
220982
858314
991347
597836
814655
425886
649467
796077
731343
76190
527579
463505
685543
215977
991280
739550
617850
262840
380333
677017
985459
921411
605229
438956
818916
606696
403607
884475
435705
601378
673357
546145
623722
851013
252115
962093
320427
814299
514822
830925
727882
118037
936953
799921
454350
919063
291245
985638
872324
885536
7426
300627
54351
312300
781293
824041
242497
813148
165262
206060
749655
885262
803510
286596
959507
469244
612128
84766
812261
623535
764627
60400
419843
243508
34033
297335
854008
843472
212729
503034
897255
998055
768708
266810
821119
963373
884351
171811
318752
46071
187273
952377
869007
296823
626037
991930
384791
490732
929352
618700
696428
575550
789210
72109
419765
686486
542615
358296
242965
364308
991130
433400
67878
42160
393957
639310
74101
398092
250829
592777
192391
5233
714449
50497
755149
327891
924648
438673
533053
56806
469146
73790
96682
755671
580051
366485
896235
133204
254002
959458
939172
91584
803959
859799
59905
778409
476756
767471
254882
72699
542935
224718
968383
26871
544167
391610
145147
533750
96727
388583
551486
937396
470356
875019
556298
71614
509264
877724
373896
902285
459845
506449
161097
555019
606671
430288
707875
463345
194729
630482
30890
960212
8182
454555
878840
965000
665814
561897
382268
58301
688608
995968
930536
170822
817510
379404
452760
544450
644430
232479
377810
141892
94445
637089
394879
284051
943408
798285
913293
210037
641011
214956
980649
932556
429330
347374
690403
154471
488626
467887
325435
592541
533955
756289
827468
775626
36050
418056
572632
703048
358645
689939
336029
712191
687764
904351
946618
436603
923227
370851
878775
391526
660741
891958
190677
962448
328240
684222
430328
181217
484714
131901
777684
931520
841306
399292
373090
956445
703189
482745
929088
375376
269582
530641
504415
204764
626354
466409
667638
419091
810683
135447
474328
783779
170276
640916
68422
661577
228191
820389
431345
357731
35493
377399
655793
150200
10545
629884
327539
816433
166871
70721
368599
256531
128499
206877
294391
618737
756142
775173
301249
496846
940818
834866
497274
378697
893746
5919
719252
665577
959831
137537
67767
153825
705232
2869
237967
311176
305036
809828
689576
436997
679226
596134
179584
586197
361284
488640
66948
894462
661674
689059
666431
751364
565435
312744
952247
618018
94671
716556
316833
252903
891665
721144
47426
574608
65847
929568
727283
708595
85883
91755
513754
714567
661380
760046
767066
501856
370527
669218
566408
733328
489164
438295
344223
519267
65048
870709
823850
763775
446058
847596
731862
724431
921921
951748
63900
950747
63474
643798
833244
661995
291069
333732
744155
249164
85548
361528
6486
271436
114951
162089
686367
418611
665041
983967
315504
374241
403652
551841
535699
980665
699801
236865
26135
911994
398298
77609
912142
307928
273926
314546
560309
896470
925990
734982
799713
314531
773054
268440
284814
965664
588062
371610
238628
383648
862596
261077
59322
555911
612765
844226
831296
587919
606365
372890
484263
581452
810519
293754
543474
84275
875292
166662
707039
554026
362944
591379
12596
311650
206528
334451
770593
958615
185940
310682
127327
448027
141010
275789
978066
737031
410204
754877
2974
568629
219504
118746
56948
413629
746883
545174
761686
506815
296754
948719
615375
756581
631176
197109
826294
294493
935299
870815
127952
245978
871387
75053
609141
824487
674741
502677
6146
371647
286440
944
753637
658067
309057
853901
966420
489862
146687
522737
278286
740824
605072
505033
288283
72818
29116
637900
728736
424799
376746
842235
177312
857210
611041
3458
882336
247256
140625
796609
38067
608105
538102
106842
93805
983902
814654
240374
75473
593686
199461
396189
594755
676428
673620
258834
276182
102623
78861
894396
405436
918004
476828
6851
425038
265817
670333
867447
593451
14572
93788
281197
280719
395379
840399
551655
721090
935259
844492
590784
893282
142914
846944
970670
761118
339975
325704
79392
359684
99343
835699
391755
386134
180468
309549
791748
271914
782687
847696
459700
666212
890968
636383
725454
882606
166864
13402
329235
814275
933260
806782
379942
702805
757240
311828
131542
730797
341885
651325
90072
560837
542559
415844
525727
143534
386948
56901
823764
186296
333285
946419
22140
992016
939238
896694
868177
678907
196182
286280
316526
96408
683716
55935
557890
698402
158053
79002
468013
486647
562936
335950
190092
284400
883297
320757
681894
459485
381173
112472
991226
842546
783149
283436
832563
628535
561312
500516
968933
959685
271088
743142
478368
385442
930031
554652
486539
99798
569162
290359
652417
947279
532880
214562
529091
258243
136076
404525
715970
457
70940
633154
259098
965908
884671
146167
84137
665178
749151
124862
580445
368186
189877
809873
771914
774073
92511
145452
90129
944550
544602
763627
118771
825236
724598
555666
237653
961980
147232
421202
1296
463788
366859
324080
438157
814070
167758
313641
506121
933349
744660
941634
868949
177826
449784
779041
25068
504410
131483
880305
6224
717500
9430
866714
958120
352583
516265
763610
230607
238858
383485
742661
357979
301764
631518
692981
725379
944852
981730
852885
43272
16653
264469
177970
228109
560103
319415
599061
532953
478935
943802
782481
400550
11820
718628
806366
745627
684324
129696
474481
588852
575291
729403
374806
101160
748378
587678
712823
786942
218863
696450
250089
412705
368896
812223
681822
53663
513307
428567
559102
774074
311817
239469
450037
438851
289763
427969
38419
450470
525969
877317
884670
942064
898234
542108
614235
525819
45971
231385
72928
252113
281413
298412
291755
420477
38543
200764
590282
912935
659069
357863
535021
961944
483044
66288
828907
638181
801726
844731
921906
844461
727795
947171
72516
163543
397414
999848
421965
678402
94413
130726
548387
292105
686256
486013
197489
180912
677861
642607
861512
970953
649629
96413
318226
624226
35565
448152
974299
701373
232941
936808
760188
614246
153834
424548
9155
776949
542168
639849
432811
649459
167843
538248
421554
456512
185264
541944
889585
780239
956294
466235
504906
355417
553778
976887
329372
702758
62800
66726
948573
540972
564557
846395
786678
625362
498274
852396
148242
547632
199808
254227
638464
29024
430952
842074
464636
192827
461675
113210
156187
483049
299329
670175
635768
936700
716214
555823
954796
158593
710338
229803
414660
886582
544843
425223
115224
295323
907571
127791
951950
777354
424498
31090
516526
53494
505218
284454
376274
939481
13695
21916
61852
367232
369124
344030
757347
89793
63314
626058
192761
207833
122277
833580
824294
404078
826355
227440
109179
997682
75113
299857
817776
383584
173272
269478
99371
602431
604317
516705
66024
286362
208242
460525
496743
825518
775566
242429
425488
934757
564309
613453
238563
467715
862868
786999
311721
169192
687707
97391
25688
402916
659264
310224
440706
911140
719917
560121
530874
666946
132838
125042
256942
918972
905692
493150
687123
157063
201689
166191
925350
963425
359017
553114
984847
134171
180009
395786
525350
71881
926002
866448
78541
659033
764625
380037
473516
777807
11550
5355
657261
442868
653852
258503
126989
481662
778311
947635
5676
869636
106397
526918
874984
445054
779651
120454
47053
640711
593126
520761
6399
943189
976048
438634
972840
583489
844402
840089
916822
211676
702261
453118
265921
5390
726259
127949
595618
138543
816417
855764
598542
588624
66949
675718
504485
702634
581991
590334
511397
55044
258519
163743
872372
551985
48238
173942
988541
1994
883142
933295
342430
785423
334470
930517
694241
461523
169798
928715
38172
720339
624607
387736
624394
299089
915990
513847
918001
797461
43208
405309
53032
151850
851309
352998
189131
423934
665551
217994
272384
826513
137278
824043
26967
76461
465809
653234
576888
187390
361081
84213
633403
485324
179832
607418
832329
970403
376973
890957
44415
834494
364279
22270
700168
340791
252989
994660
588477
454279
913746
509626
811289
429332
684148
264115
435044
666191
612175
98255
335577
850951
507430
896547
760557
340531
729207
534230
142532
662138
202887
924751
950168
397814
801041
520795
501998
538908
916714
782091
184215
943355
617408
906311
896429
240297
795819
742560
335072
74676
762411
267789
564255
144521
111246
158471
666662
962136
991724
18284
499644
483732
25202
110879
777651
726203
139268
376079
61298
167694
990812
950811
135424
366397
956216
910252
879580
166662
471162
569653
418577
771597
990216
996425
863262
384264
834874
632705
680374
669770
738508
259473
730330
452415
58349
132211
770448
362852
668769
300385
213139
568598
876177
44962
780595
664277
232513
130821
692074
444558
883396
554894
493881
217209
504441
10325
141903
15114
583653
686775
712269
799770
742259
286195
458110
776914
392332
552938
41986
377471
734495
461148
179145
661978
150629
131173
919162
870734
300086
752324
795613
206027
670193
73759
281872
854691
995920
940293
196421
571060
311189
794133
107591
119964
784295
524864
848481
969422
772187
930901
745536
757498
266144
985926
502701
727559
878716
162401
684929
80454
109593
393338
934626
453607
627517
240735
7016
896321
231640
33507
465117
904001
726656
254894
121145
369123
444192
101010
763110
992996
63758
308185
121117
392137
346539
642977
852679
685384
665415
486767
352586
929330
459538
169457
505252
972879
451898
412255
960090
253206
970045
667969
350437
657776
641154
649148
407434
217579
811176
458995
758187
883361
204943
532883
689603
560318
530458
905894
691223
592426
785667
49168
429442
527838
167467
851441
283130
339057
802126
535348
587568
68862
878893
274370
86013
239791
842988
895640
870669
312807
304919
974557
30899
391999
342692
86228
919170
130782
728851
57636
445496
694951
659203
741301
886080
572934
508103
979318
408154
805165
918806
157977
317765
180643
204138
999315
572258
162391
508349
480783
367950
572023
402906
963700
940591
759578
443763
500869
11039
267098
890442
771586
601291
102299
22547
444340
503759
55521
867556
980366
162052
942740
445956
723126
75683
934705
456686
760653
808874
334986
180215
132534
843449
235942
215717
448116
509656
131228
532676
824910
518163
644274
465059
986097
8572
306504
509804
635108
956172
647334
595296
657246
154284
137268
528396
95936
638087
460758
902240
94536
590134
98928
697404
236116
627429
228429
48563
235736
76403
136526
308828
890731
662421
822972
164835
595248
703900
899807
993770
485884
939193
389583
836384
422465
727840
385409
488924
294293
915400
169446
644490
11315
202938
238157
4244
219029
265470
603445
497249
680532
76024
354733
224147
67577
446641
716670
316488
864238
243892
74437
407362
164978
625874
252845
674027
147479
175906
678721
30279
148457
498560
474415
719159
43488
364363
636673
901760
40893
41230
409498
706743
845319
443395
292984
781054
843875
724790
795056
348275
519597
616372
394402
262260
584336
669233
582961
495640
53070
613461
970932
719874
379213
564485
539503
821701
885189
649862
88551
207981
920652
43255
852547
248895
317312
427838
271424
515918
818712
356281
118414
579920
300898
910889
832927
378470
80077
639120
270400
792449
486680
558391
426437
381895
943336
973503
22056
837480
589132
204513
959962
127387
690761
126089
464289
792795
825449
827347
790124
473550
960424
477705
762485
658867
784210
599180
760489
288970
150703
458814
310314
10528
406092
785290
796929
496599
368088
881686
166345
37662
685089
939274
422011
735778
516538
770131
439968
932235
770566
700513
19987
270732
305413
700115
439517
997481
267325
358485
298732
943498
12712
422687
947511
806647
749266
623028
651918
134833
718668
598585
46709
413648
120884
966341
629769
756818
379405
12902
21342
101862
463271
533024
184887
481031
248042
310209
478449
139288
640569
160806
283347
286684
942648
833388
871269
603156
922182
636842
214818
705121
112696
636903
395296
759942
141333
879437
526730
77809
839328
912055
381204
574439
33433
821195
149329
146635
371961
515852
749301
616849
462092
436412
44084
636975
198449
509596
906130
492766
384514
603989
790067
711825
635352
361134
268799
223628
692493
535476
127118
373923
520336
279683
546698
841041
155223
428940
606951
125996
410591
326536
747154
13842
696614
420806
893136
451219
870858
605149
960095
451302
736436
567330
659223
276551
291072
238487
181165
125837
438021
534725
403381
805193
360448
417434
246991
858591
940001
64080
634034
503068
78350
715128
282665
120698
434871
973659
861144
366427
55405
463520
286695
693524
87278
126142
208850
248960
886512
759291
36216
640937
395145
491752
896000
752758
490742
557767
119484
965629
406831
959690
326855
336674
728656
869266
270802
652264
759506
683496
614234
745464
756402
13526
340237
893978
183693
573171
855851
910165
579343
785419
493102
717489
972799
437948
652532
25507
296343
164573
230962
175169
557395
535781
9094
16197
409608
730250
26693
427689
192694
942751
465051
836315
983283
181658
734380
726524
778724
203639
877364
435919
851947
606546
919901
841773
747049
315721
597364
23199
191610
638176
593465
83601
541385
991926
23354
546096
989387
449104
850902
868072
317744
354103
450727
296606
554574
561380
997756
870735
628398
567687
162540
376410
314296
222592
66877
221104
149097
194610
600295
822632
95156
641742
410307
105365
87033
657002
868588
849515
784145
250215
19504
26003
318973
609997
507576
600448
868262
601917
201750
426969
622124
245830
456435
342727
127435
184589
433493
341877
518397
46271
403735
496857
351257
477481
401773
965871
720154
322754
126332
293617
174100
656169
93206
970105
564796
630739
855321
145463
932054
763965
588370
11700
560723
971392
147001
120062
898605
744095
297331
291698
687306
966802
551095
748806
554005
639515
735847
494222
129109
19171
575469
681413
620413
358236
893976
490459
520816
164613
227251
147143
503800
821594
429100
219342
989898
564379
94626
326928
650629
261793
797101
227310
254857
924690
171083
747860
124561
916733
674193
809126
719331
556786
748826
715832
636104
432089
516553
487223
257143
684443
912552
552902
708051
890416
846228
10667
939003
283258
684344
95457
854509
580865
337721
482665
303871
358299
697185
265039
252165
116571
807881
295979
289757
997573
843905
96823
403671
44427
815969
796062
812228
23748
956681
729640
555800
312057
557425
664576
815482
340845
130377
953770
905428
468124
739128
602540
438331
745412
370918
745396
292377
139299
692844
128291
842669
572669
4622
734785
778980
876239
661789
445943
179952
613417
317145
889461
526064
249207
750759
72468
649001
464696
600949
528095
403780
768566
474965
692085
501122
970245
637140
840294
9995
811814
947810
118923
163487
45557
530468
869402
140591
469625
694525
745817
887610
41399
276380
822962
326972
225250
447540
484013
515817
826984
428358
469231
792570
716744
521161
713836
303407
287261
166092
29082
676007
992671
590419
258112
51333
715519
991334
317915
682311
629538
295897
112160
961743
934641
903348
590960
556919
834997
123648
766867
1572
568948
253392
150554
793565
565450
712135
502928
449697
97337
845056
300323
821311
350773
4458
907792
426080
278422
627966
952940
370910
979051
968978
775952
895587
960836
676399
12568
12968
688288
826483
507895
285794
916482
962738
495934
93209
484756
706598
700765
499544
297607
488269
340770
51528
143687
479407
770644
278520
982702
990399
698671
605301
513812
817900
292302
522550
598991
674097
316752
978384
446355
295849
985811
592168
94989
137405
728199
94824
321553
444676
141873
375870
210484
405687
250445
463676
697383
506833
800088
254027
911170
616514
488944
702118
658267
752041
122618
250526
219075
545287
92542
263168
102477
28554
280633
944336
725977
85209
879304
590023
916136
201983
329638
494891
803361
190978
359335
492616
962917
142964
704683
310747
55451
601472
48170
654094
323187
709741
412830
109495
873343
484293
240923
516520
547784
656504
40381
299532
435408
627762
429554
6279
708802
339704
693990
793095
850421
868128
97222
516546
750024
963552
88180
305018
861226
285970
218645
391225
126032
465002
495353
755404
904890
361690
961058
293895
230658
358654
373979
866632
308211
486615
146213
997938
510097
374346
37575
879808
980475
967654
782944
954475
833437
214092
608483
408385
239803
194820
861386
640556
251118
766719
90254
749067
850639
72420
853149
128627
882075
599367
911539
983328
836954
491702
424118
346891
935246
930176
554135
521837
423289
240513
897995
388219
994901
92115
835775
957879
63173
297228
54353
518962
662972
804348
742010
671573
224045
509937
378799
667395
797091
886591
383152
477594
624105
22786
514334
639807
929942
378163
340325
670658
311533
381264
41757
58696
92556
21736
560805
724596
735513
27524
949165
711481
594986
949339
734435
661247
262002
596836
999319
372688
636091
733509
245168
616081
78842
461981
717362
391554
417591
659811
287937
422335
20926
974947
607210
667857
221957
42483
862842
640983
824168
266249
807576
134205
141689
790933
400302
296578
949839
626791
480833
240924
211978
325925
26914
969039
424773
150240
121031
54441
283755
127747
243405
749742
487897
535247
561422
108922
198117
55293
937418
856844
632698
518054
146936
671656
837085
9084
41102
721777
127446
595341
869768
458004
584530
896396
954350
849032
236142
357724
769305
124019
37741
334469
283379
965816
867001
274584
29385
498945
26295
158704
50614
123702
494697
944896
541781
336999
627419
938552
19352
708199
176820
369017
579091
414905
567425
555520
587749
928975
403134
659466
998735
354568
280792
967096
916924
636347
118882
871916
495426
689260
500371
38621
598503
820276
971998
642172
805590
864521
293905
936020
58336
760672
844827
211110
660767
120600
867000
519445
931440
927617
972053
706031
653320
426389
661700
701729
928521
858577
768008
180585
248427
544779
638343
221909
429537
294438
781851
296943
619560
61357
757089
411730
624046
806761
480441
936165
303041
78419
898084
789064
188236
722319
263886
237527
780355
663552
242941
19203
61863
138123
545165
761069
278414
58944
510060
300962
269143
644332
354560
88011
341284
406013
467460
55002
703264
148876
787984
986193
78904
419928
127657
639425
668479
452954
697999
339622
211868
228327
398227
686505
190143
79077
336656
576026
103044
899836
655870
349361
328874
256592
745980
330607
77210
114273
293698
340773
680005
653245
380930
401396
789120
220706
877661
527109
671084
329098
688940
931780
229201
667699
383116
909016
473880
907517
677241
546194
674605
285128
670197
867218
248181
856017
461131
303800
339263
604046
136721
260015
575732
889861
772769
205935
896548
339924
25167
921595
43830
886901
270470
904507
76040
433796
494610
150032
767895
829387
934942
490909
344848
401380
622012
905190
928758
99886
798
798679
265559
809602
141779
28804
856879
664155
832610
185762
65585
629669
451962
357114
179314
472468
105425
521553
193775
562622
546390
977423
281164
949776
879316
904231
373913
524837
687063
568275
736544
113198
13681
495866
10406
616391
350945
942558
912961
935971
934535
359722
895137
771353
560863
852241
41195
48530
904222
441752
28184
501389
645783
859645
873190
946047
117644
618963
496908
385797
412473
40858
438906
455324
671287
443157
82577
61460
260262
164177
689337
582669
215656
930185
275734
643800
113285
503856
634138
392918
375147
61024
621708
703987
441624
953276
746771
296311
355996
626871
775044
254214
762761
208304
761617
191117
116908
832689
319661
848205
571628
376195
875746
631385
264823
358117
900901
345678
926546
954109
604531
170949
567758
733056
797414
294541
586586
956718
114016
96300
823067
704080
710814
778223
705395
283382
654461
175592
224596
857449
181701
460836
77132
434853
76969
739407
415184
819611
523904
338863
362876
957249
715205
713122
620762
801412
833865
902812
299794
13428
995800
408705
641471
297161
682539
639197
732825
24563
898433
865612
474273
807268
695783
217954
426660
198935
201222
216707
429770
887614
925566
881019
997510
758058
643195
978304
833784
203170
563927
246625
245848
571714
732649
164249
774187
642291
810500
834778
776092
562633
850164
352269
965680
739425
139390
606705
930730
917073
523719
315472
636100
925060
560452
665337
616974
228706
494951
964563
997854
617167
561562
163083
778650
656958
961380
603293
516329
395444
339513
530790
984530
885498
451073
642409
469209
469546
311517
232232
824877
642687
264907
93351
929745
808722
441674
389090
406532
842754
368733
673729
337613
919968
72413
76790
899687
964165
283911
865121
519532
983730
921043
5297
805934
902679
161659
569665
661654
103324
489070
862578
988979
892676
636174
906516
599235
939179
75066
590534
200393
274365
36920
275252
71707
280628
187108
400538
904426
857123
591291
370858
839250
750062
815834
365294
140702
599561
117538
810134
89951
290601
283023
467568
813448
218016
322357
169655
984400
457644
464730
397896
756061
584961
385132
967053
830181
151895
95556
395624
600813
917929
143047
849713
474365
18892
861065
980463
376761
740160
269525
660235
966675
385346
887646
696705
436574
152035
656574
199389
870863
437318
87988
581587
625224
952041
44579
194614
613615
383976
313292
767211
22177
767396
908437
860390
834206
16996
602666
538536
893946
91587
577389
756107
282067
182852
505654
78889
698631
957094
556869
390200
923373
17688
884819
774881
66996
505599
504380
980982
202645
704461
898586
847485
735607
3637
619397
958397
60493
641641
426780
40180
227135
146691
524614
70726
214109
321537
495564
78763
668699
666065
323795
219745
846092
583937
904705
537855
995687
538735
428150
470733
906973
529592
843785
445342
991050
335190
134451
327966
106582
591490
188974
224132
708577
896161
24004
887746
908338
682647
442503
797251
581216
442946
151667
763528
413074
836429
712197
932990
922356
442849
453690
298663
97467
615570
440448
535821
34906
733326
950576
344712
648444
101412
84224
823304
690424
288539
663861
22314
771718
785225
746397
814894
223184
417429
766259
878146
448672
995162
76538
449626
363860
765457
911683
185850
73731
65105
507751
554629
285570
613313
93372
645513
574144
907814
195996
150566
249118
461385
254819
286179
294817
660365
812876
621131
446564
733697
996006
712957
671319
866804
698207
986025
402544
566785
766111
227885
593126
447869
334386
396912
39266
636991
473620
388233
19032
711508
724973
791561
342832
307730
602776
276089
828012
695195
509426
654760
145358
976440
920241
180050
863509
591343
896565
91308
9123
630690
882061
339180
305024
274591
423413
732652
541421
316604
852471
295497
227059
72401
181176
916733
64685
900624
707332
315562
546174
324636
636093
101324
30210
620016
357117
101316
83939
433465
912676
789879
596050
443852
515429
466248
931626
112070
77620
779683
252047
237682
227006
833749
950254
115310
47728
7250
97883
779303
22069
851325
794758
41714
849006
128968
681677
577609
909784
197496
447835
32948
427127
14721
296478
983855
661347
613997
72512
399877
563962
88242
184907
202876
69772
196666
712690
3616
188137
646373
78715
174870
623426
993884
762217
512291
82177
178877
823341
769087
916775
917008
953779
996982
961382
903424
24699
207584
520700
920152
994211
875398
330426
117709
392856
795145
563288
691728
653550
646105
494989
341667
764626
311711
394973
62563
145718
337318
335222
565992
545507
875795
2956
981360
259674
534278
288756
42277
571588
667200
725070
557181
761788
509551
6447
54628
49985
303919
263354
50000
541501
545311
176967
707606
31683
708209
122598
29644
100604
340880
540704
584630
690310
195038
916793
281652
276268
277287
226129
92641
110674
776949
47742
915041
73362
451845
930993
504188
671717
36726
401291
395484
892414
312760
446160
19934
130241
531758
585019
828851
962948
121917
391375
216035
160016
372444
832577
175131
834102
767478
750713
383648
436500
444322
985985
687798
603374
917047
115963
366376
601605
798475
747284
595408
511401
577793
397998
114127
967958
158957
970245
905051
662492
356963
614574
19493
836506
50523
43159
78703
843009
937241
113703
31709
882020
553698
217538
632283
475355
36647
4065
35147
586855
625777
513426
936803
319611
419228
487136
926412
453283
679459
810833
376735
140862
942296
175662
341289
899345
587598
531503
157632
747520
38642
411777
488050
932389
899693
146302
664547
517682
783218
519258
639820
282710
798979
725491
674308
142544
960495
336733
416200
18094
804194
627173
650603
273355
896466
496260
804981
108258
871880
689794
468125
979169
873161
200899
129939
406918
360087
546892
190933
811832
813910
689689
551030
270993
364387
378350
774665
691390
153203
951590
652013
643957
356407
409574
170243
405189
929008
766961
115563
14432
478142
340435
637348
125091
179166
738415
149657
944992
924529
568372
927769
754744
955393
484313
491511
964632
529567
198072
771786
819363
510682
632529
283150
384228
771733
94314
479109
607303
737547
682286
970181
618313
356066
716378
122389
914082
509487
467352
140018
877307
373072
555759
872492
16265
787887
434138
400689
654155
50813
926749
705998
462734
535120
715880
181915
680807
264953
183984
419188
52526
606005
221162
555870
48860
657682
537301
421103
614563
360926
30677
51303
461098
812368
239551
117403
729769
919691
101742
537127
156970
666542
955058
535517
573034
80588
35285
199116
1198
515062
822701
66633
530629
18437
522209
192090
246405
815551
349968
685994
190293
21626
105972
446640
662515
972571
631678
127679
240625
152684
476305
936936
360321
240218
553634
747121
13633
6681
298994
689802
494631
803993
998901
975224
152953
359645
311343
133482
495613
480471
569325
411142
698004
358671
853264
257712
360767
492906
239495
45491
371561
224916
792323
852844
466991
899657
963333
980133
182375
575491
118117
568597
672314
789186
538060
979522
228888
979141
928977
627479
703662
139135
242064
818471
560177
406730
262031
564017
820899
139201
708192
107837
799061
70551
639083
386228
118563
586949
223456
295271
387469
636417
251700
587735
647143
442580
158974
301694
729526
465657
909756
616543
960349
294473
172741
185074
345943
362213
517290
842922
508153
853640
870870
526347
617016
262410
483095
713391
507410
199193
541095
285218
438227
192635
96309
121513
696070
899415
379922
986261
250558
753547
852734
238486
351688
76853
139175
489016
62802
587381
540346
360240
840705
203670
596207
406960
817748
15844
854358
730135
624640
74101
590214
326781
221559
116940
123241
25653
538184
256895
195226
743061
708122
589812
638828
349801
849238
746014
395869
500175
886713
226320
468051
189547
414756
884613
833597
788912
669701
695592
500064
326791
330172
105046
401692
580801
253485
930897
920367
349077
472907
126451
935409
580674
584315
80166
587222
817402
223736
337146
208225
681477
354080
203047
139953
119800
10673
796691
855754
291689
514734
855378
298112
843473
142384
989924
752033
935909
192605
446249
548285
241940
170198
552354
631677
213251
993910
303023
870724
156589
269292
777403
995136
600476
99977
307218
220365
718145
502416
917350
546755
813909
257950
65416
302163
844921
823181
949393
578538
133451
437345
621794
820298
486380
684365
866120
666418
531597
407016
510887
769349
21009
757045
842724
378781
212659
420890
591947
234674
979652
300032
390393
688648
124697
348636
200092
974190
680048
760478
762222
627539
496008
611504
911816
169765
224032
887176
78878
328852
311789
525453
25036
675057
312789
510237
76515
706060
454266
855497
530298
753094
610019
202841
715780
274855
627602
538277
609556
12626
15950
976294
689926
350237
928386
88476
416546
450438
284926
134489
531866
20569
131144
901410
736596
96048
499739
667768
757502
590178
100964
644937
882378
515084
787357
328501
761605
777035
692033
92869
361213
345727
577253
866390
510237
742688
508469
513598
640951
386779
475224
917676
891223
89279
524789
538457
381999
312094
442317
368248
593734
154087
242238
504522
870647
442316
312725
158333
297497
836952
554412
612042
171847
546981
116451
395317
855485
762729
179418
56395
412797
883366
619590
216943
439731
462829
642255
795284
738047
131557
993309
967494
708787
109130
749910
290034
321647
708505
456433
871675
735956
257844
189401
117668
79158
798750
138966
894620
508603
438574
416550
396771
674662
753682
370606
388554
237397
95183
110633
955256
828192
5398
642006
453372
708712
904880
38553
603794
693412
447988
278865
408851
787740
180735
791029
604017
670910
754454
473484
711896
275309
274808
321626
812376
119344
682097
515153
74594
804814
330823
104401
93864
579016
668135
92381
598830
682310
531859
534959
574309
123239
195217
955419
948965
523265
425611
771174
665083
569020
655105
659003
218171
885858
228890
79190
468135
981224
478648
586561
425684
692285
373488
226893
29916
18289
282450
830925
307087
375887
370814
795633
598714
574621
917842
691457
989449
552098
283016
576215
606814
869053
848020
978886
736973
797519
464061
404344
328796
410477
567059
611541
635981
50990
519182
609848
924859
901243
576025
81586
897206
932176
570634
96898
803614
246205
261861
824160
625379
835767
712450
922749
152455
829906
851672
407687
969491
410922
771240
716180
673626
774246
529586
86814
427968
920824
127635
330843
643421
429436
803042
664920
544932
636025
830790
154535
866848
889421
354211
989767
450140
290949
211644
436984
218728
912985
515108
459086
303836
191677
998174
647816
643272
815868
300152
219826
284443
142743
426596
908904
404107
977877
531323
938777
871004
394366
570973
897391
139351
818652
669751
92321
261755
427926
40386
205873
393947
434716
125513
88233
676002
611821
453759
188095
600915
860964
196766
452453
896180
972048
993654
292839
108569
283664
725346
748029
179713
855663
874804
723262
983432
361897
369643
20115
47336
864116
56410
438574
669711
190570
782140
213068
370207
478914
567687
340800
495187
734540
49437
511825
676292
422479
2617
29070
748629
743736
7023
759738
559419
297828
292904
403571
788168
538997
35558
803731
350443
994501
822118
699111
441887
527719
375951
863643
970227
119443
156710
610621
458459
813380
152760
248037
7349
387671
73137
159650
336938
640872
502708
650536
811858
992590
832851
28663
655849
94241
249806
459694
422445
159898
336452
657239
768769
93911
218679
637038
427158
363240
238498
9621
337167
817086
484457
63051
99993
594696
588703
747687
913414
736239
82572
541093
509362
281505
261095
898137
577663
492961
763622
801694
35146
45538
782984
608493
489789
7132
963455
731130
530851
258701
690463
49207
73823
383242
928996
509181
82455
845808
346972
721768
198327
752416
196365
111533
398786
62353
878718
164658
967216
422241
669333
235522
167248
437006
515230
743632
106314
346509
691281
644368
711564
940019
8654
658920
825325
478745
816125
817363
641554
831306
443219
705978
25323
714115
264781
817578
729203
367108
814156
373160
336174
998753
208817
654776
508191
53666
832958
544202
43178
827228
538815
733210
632492
566797
259634
983991
612552
656469
797488
422582
261105
350275
542568
837862
563800
467413
460575
470346
461056
575987
827594
154232
257372
526638
512595
196991
468665
395556
283198
545169
487985
119847
758448
125096
604392
967448
429974
573912
603185
25328
504207
122721
312626
918862
749063
505553
783764
113395
779698
35632
840202
225402
398394
596966
520672
538876
703454
811109
335407
801029
312114
672261
814487
239427
961887
131150
825593
683126
839821
59766
931496
95481
682816
924409
814193
67840
367550
748946
808263
292198
653694
408814
974963
482745
118863
191719
487562
962884
109314
435936
532354
239266
112179
684457
588463
860831
126184
550272
892018
396558
536178
172945
158630
516331
849652
294119
159818
71080
392614
377245
952970
79856
932141
831750
44844
916254
159797
28023
135565
650593
26519
811294
435147
362205
29065
258685
151220
512765
480550
687170
362445
619630
907891
926454
751489
386264
543445
423216
584794
440032
990832
75920
908155
691915
671744
484780
763133
259705
866734
416136
1964
674420
636664
899729
893589
877086
552652
516106
85047
559179
776615
10284
254357
720355
307335
528764
187516
184044
961882
402434
492449
250771
183525
350342
195533
528218
953890
737902
307187
736123
82412
55849
978199
450405
875807
225562
658876
401614
598438
833399
129534
776283
851798
431320
955611
160408
668882
549612
872533
60436
604586
429043
439503
388981
57105
445606
741779
840990
322349
851646
153975
976688
738292
636266
206766
752117
385036
442252
957009
50765
595054
686840
658909
918818
376305
559306
918617
930799
171458
918005
267860
541568
654257
693157
208451
285431
162563
839984
598716
109690
923825
76763
495607
7671
305700
695938
602787
92833
464668
342390
711755
276629
868701
273800
975586
377674
258944
251026
34033
678394
999597
717006
845000
955740
421815
472419
522814
429836
358765
826980
116767
194705
111789
587628
961285
508520
510748
509475
398499
972210
124752
538969
866345
796301
492722
169049
547938
559454
152669
9872
556339
630575
754194
42616
232105
589176
554071
149508
978301
831247
214410
708639
570777
434221
109515
803899
620292
268182
495360
369566
847306
152413
935290
657301
81987
558669
431833
677047
577923
753178
323932
667037
127190
670220
346185
345278
657508
756901
550994
73624
851267
869023
344714
66104
40584
186981
119431
514743
368541
918077
96975
216936
924101
395487
120991
396098
967290
566275
555445
615480
453135
799721
802001
250602
616521
370043
891029
328714
291375
989567
122456
614012
151377
338877
125597
557490
51884
349917
14420
652859
498957
600872
7106
490961
618228
411997
183745
866188
642765
682559
957341
641383
184445
76567
309395
490032
820893
590090
420524
797156
985143
522552
589445
701083
107525
931418
872084
138682
175507
543191
779245
624504
832542
28820
229930
707625
437923
812498
867197
851032
339624
137950
519991
641972
598790
54967
288850
231123
343639
741800
121543
781189
990528
848089
34596
173025
924679
576071
135358
249506
10429
827113
779502
451999
763726
128855
383788
694156
533655
434260
650182
253253
107198
751055
418978
245699
227780
461513
375999
952421
520437
608754
41030
149599
89447
619444
300593
96893
687756
601644
446310
652650
464922
378056
895878
651843
791458
151486
712761
57044
32468
214446
992886
167938
117049
177702
370252
685451
28932
398016
579230
129433
862527
955322
899271
964163
130776
414124
61350
170428
77580
634176
515602
166087
433983
715961
53307
243952
754542
577450
326992
591627
462810
446870
951778
524703
124602
479363
31397
771580
63307
5419
808471
799897
323258
273280
910076
979531
250934
983240
258288
716611
709997
19740
539598
616449
210192
559476
914226
11255
978887
258823
378006
765127
766918
571105
183704
318338
721816
472369
498871
297361
231966
276069
189757
585060
921653
406086
804207
160900
369499
875395
461454
167554
245829
727893
326091
256680
11082
484823
816338
466441
689698
881773
351140
130318
344852
10430
665809
414134
559607
395517
826023
427476
190275
741579
419714
448756
577124
450327
589584
694473
817805
633339
616486
894764
825422
669967
941160
451219
804691
501468
956413
584950
673692
108324
93381
324245
773146
649581
952189
595372
501214
246764
473975
698080
368438
948094
998409
923130
211061
156576
493583
953887
749630
532510
415048
67968
23581
856931
137387
622763
373230
858348
445196
536064
564671
525374
473675
595992
51226
978928
214426
997340
211284
995479
600540
297787
88633
974496
891985
887273
939148
126947
755134
1660
202444
657212
757095
244299
4969
633526
95133
769143
713167
251735
833144
242030
593683
389413
91350
146749
16132
878672
923339
165606
598812
870957
822949
649159
514041
723973
911013
531561
116923
81375
12831
182553
898643
247482
460755
179983
376601
789952
469369
447658
886957
431192
438930
446662
416395
459157
151229
461700
330437
649174
208487
956766
787689
684979
842328
209555
724666
65955
338334
285614
969463
827670
939329
513310
56957
97812
446666
272240
25051
822293
7136
638883
273537
696892
636069
994747
294661
357311
535605
278256
271806
551363
637518
667191
99724
600955
573243
538403
808869
145962
778749
982689
957555
668308
211356
710212
171317
625334
720041
926688
639548
430201
122719
562959
139523
803482
526027
675596
895443
635231
544035
154090
95862
699567
347570
78486
972376
67837
502391
139725
825131
104236
376680
107872
783908
987375
753883
720194
233625
649805
969829
939527
338871
503165
983503
537182
683236
684030
449732
719040
398481
159135
479296
662299
55454
917797
547275
380166
532670
971786
858163
4880
71302
440584
921383
400723
180228
30936
889794
988029
978807
811049
910224
247647
814382
172233
683902
756154
350562
892773
541776
216986
533924
268067
596284
814136
668932
86470
154112
401962
72570
232159
590790
913765
864934
289352
509070
853450
169048
294733
102948
577363
765986
760912
126270
27496
575233
781912
835497
689790
950595
960956
278017
909775
531078
877697
888451
218231
214388
925974
394133
625282
846475
618686
795503
7055
681343
593734
171695
841774
695325
689176
411486
38745
243445
640487
288552
827301
16214
491287
620287
879568
392753
649600
556219
496965
608638
542805
981237
738540
839825
123182
573218
752199
248414
350159
996989
238111
604133
437472
75984
603952
946698
115370
507607
971449
379327
743383
88667
316967
269476
915970
625657
702310
180419
198214
743224
692882
344543
351188
388262
63197
994466
904301
582813
714863
762808
35483
497044
30860
542742
244801
562949
96831
416306
748373
293639
619335
817189
685489
75720
200653
155107
350347
160661
875360
577249
468586
127322
780379
759045
631126
642712
253912
406556
275240
52422
275781
488787
406328
712316
736687
432499
960487
286108
727803
796171
812236
315891
774287
650995
37278
202568
134080
437459
970809
244108
478179
813721
778626
38147
502921
4672
900155
813989
787267
195726
320401
924030
318498
571069
739603
410898
603193
648370
903405
410939
265663
640666
881285
87997
459096
106534
386311
883270
49313
87158
182509
411158
606285
795857
207667
786853
313277
255774
680916
513662
338834
803867
955869
474562
298071
728484
839418
923651
664727
665836
393712
554412
100101
826366
855342
786521
619396
832601
288650
791570
313729
471273
870324
746549
627925
709021
770875
426055
664828
342326
804862
446458
985752
577670
424932
992033
283431
235180
855222
112525
489886
936146
894464
79482
218822
686057
455255
801213
810243
589824
768521
281377
827518
688951
864306
586845
608271
17706
790594
610870
394677
447000
166483
821352
648058
722799
392698
499363
658882
759575
925358
19939
672596
111752
371788
863464
30648
755007
322881
926263
363965
797432
893161
987835
789892
554694
767586
592326
505175
106641
423353
567493
540912
869612
136570
949682
140501
87032
845670
465299
437461
95985
926157
871198
565188
949696
538674
789388
691567
831933
559900
851354
950782
64356
994208
194750
667333
519059
349812
353980
51921
552742
886545
804001
829582
632127
697256
146349
862484
128498
342952
521896
692245
584765
14811
667984
890122
569026
355002
469213
29913
155181
443598
740941
880108
555632
659083
88633
507074
200974
357106
243728
596517
58819
491819
340985
409449
700546
328029
599873
11600
697631
76649
827951
750603
254609
160310
532045
360855
640701
120890
330941
43883
884190
427686
515848
271554
430119
399956
517765
572981
766892
655855
127355
551503
352183
576207
237564
126378
846466
119106
550606
438262
801887
585435
397110
461963
499168
724057
508568
58774
131228
465452
341812
482890
461866
546009
433331
609793
201891
163080
662930
198051
142604
846732
850130
578176
222850
243959
978719
214454
236430
33812
817799
774377
621643
89719
711442
599429
425178
605643
761848
219534
227835
176113
338178
850255
215549
148639
897181
609408
158169
799695
306757
855411
197977
609592
32112
184917
525097
322372
300278
939505
589958
934970
151428
610636
132548
920642
49566
824384
9268
871041
723782
152094
129312
646905
213836
119898
794814
809794
995209
754962
591649
970648
399872
617751
900804
527054
871807
564206
324619
914006
369019
837984
355004
71550
707914
743977
432160
334740
323019
280084
235989
87989
526012
325378
70731
744536
392607
499949
265598
764841
227475
974231
213198
724971
966006
457643
801220
722622
784133
593158
121131
21391
582401
256363
722263
369747
111376
65319
515899
639084
985085
65840
312330
898202
35321
503795
851401
847350
633132
691409
57418
17080
584485
728501
54322
200717
586920
476223
316517
845936
731217
304859
119498
412564
57808
717567
578061
986219
269126
199389
82382
865990
915234
821637
184034
137881
828600
888231
481230
626850
649961
453306
457798
869306
683551
719662
505768
78207
426100
17850
353398
849159
996394
586718
881312
934056
629770
976977
373713
516193
510440
572289
700433
241895
608171
644205
46785
756557
162051
487864
239379
82828
944778
152037
934675
354276
506759
843585
810578
815211
782839
376296
606759
208394
657818
569732
233856
208181
524458
731763
954272
681282
624021
446526
876671
159517
114075
466904
419845
740303
252656
717440
966091
957425
884808
940706
423553
504698
940198
705778
104797
303728
650867
82546
45680
304750
595496
700211
738468
388420
187914
597803
637386
528251
229163
236704
44788
89460
516722
573858
770296
713049
849963
793426
132790
571618
587657
118238
641094
315929
638726
702304
533577
924183
758265
953299
725179
240975
615014
948070
539817
364377
72847
235087
483344
599554
311289
608436
4794
982256
563259
843189
454668
777906
918495
774005
474423
31265
766802
652838
571944
222605
606458
278968
381008
349602
602072
179805
882454
933205
275369
306106
760036
56389
173642
553715
690197
998820
539559
363549
349734
463497
815463
323819
606067
879694
742878
106302
311233
978677
537822
997989
341170
454532
500285
826520
973825
454809
205002
223945
86707
310029
233926
46921
680194
727883
276196
122348
170628
316392
227666
155991
7265
737935
964472
517089
652965
463088
396554
959715
373147
234597
248184
65388
264418
382161
609860
181821
572971
257904
690189
728793
625623
411447
705068
87544
587734
596643
534090
464587
507905
683484
764802
32625
405791
732302
719194
34671
174949
596249
233530
582730
576482
665722
855055
825892
442476
190778
757544
782538
785118
127151
469979
148149
172660
858255
615558
999483
41223
989784
505034
753892
116903
994369
816346
261474
981653
469991
857715
144127
273236
744468
268188
893802
647744
840266
100044
599212
228530
690190
565707
370368
600248
886539
358015
578896
173586
509558
418636
121865
32639
821851
552769
769665
638700
262765
459965
441129
390852
460354
554548
825469
556097
586664
84943
66738
602865
121713
369855
12009
454431
343828
43398
795307
334689
851594
671651
826580
232344
495813
375042
900483
907063
874475
667454
410586
854823
553376
86720
529175
970103
694338
387573
662124
560838
123314
645726
996968
445194
27253
456593
760172
607893
8192
973408
696362
656866
72187
352292
364680
841731
202654
688758
326062
250689
371705
299259
664320
26173
590060
681474
724163
861436
249581
528520
398766
538356
331915
886397
651542
245393
987935
806345
290748
750998
103681
175736
787965
891597
709827
511272
980333
601788
697236
841971
535726
244727
825827
99238
653531
924909
961590
883463
285289
615746
85046
814287
577369
278718
287948
950049
969296
128284
65706
454875
745075
854155
892874
410311
979623
252617
85318
776407
38435
188660
304293
42775
782967
82474
168289
315735
821460
158276
741299
544513
724279
768722
577224
651476
61
303619
704872
370909
679795
608187
667125
714774
337028
672451
874888
518714
564196
597653
331020
1772
363102
422646
514748
871735
106155
145636
1514
569703
13388
215882
768080
722558
393091
129460
973951
18807
574593
671335
785199
35920
720426
669273
805424
587073
377893
561107
407308
937689
3022
414520
493684
797902
639777
704522
112503
305668
21669
281145
432736
789273
743737
23074
553892
465668
361419
886807
755897
254660
747197
335828
483430
960167
315997
340174
796603
535332
430891
107025
491165
356924
255201
413914
279519
714731
309513
285911
393010
995799
853697
562265
202432
872495
136005
572770
95710
516161
868894
358049
895962
113287
835614
128148
34482
178214
294513
178818
911214
579070
897950
658480
298770
84146
397620
249271
534463
10163
247495
51854
446497
123627
393436
896764
445142
306092
885397
870019
336289
435650
195715
799580
833235
321494
597787
932319
30156
807386
105169
511224
779981
954433
925746
758955
412300
176543
921237
244124
409460
652498
885835
353668
632283
296078
649885
937452
510605
481812
560623
248113
163563
81769
835499
946636
182015
417906
894829
116042
23591
161092
819422
339129
368267
55713
386425
793741
937415
12774
385551
9539
533474
130885
515676
448679
499048
135445
88824
638264
541340
256904
273826
217065
399125
479711
58186
961192
717775
487356
870078
957810
94546
516488
565852
823484
332398
542896
94043
923828
446644
886454
557903
775515
157441
440934
344499
599205
511625
772114
882028
539614
85436
946470
619190
914587
822902
404627
749599
936604
191000
668438
5649
630834
338713
81902
712190
905694
3710
44248
502758
186983
788150
636849
723012
18635
204601
396340
662118
767876
767991
55343
615428
183453
950184
24880
351205
609826
468020
205456
810615
21072
514110
262398
121271
369119
428086
562390
266451
678294
471117
540379
531349
947873
324039
299144
519849
610257
625895
974426
767672
319221
179078
333642
869377
925699
302485
944040
6020
867011
739617
801651
85777
169090
165373
971892
11264
768830
803853
601080
207057
34983
226033
901536
98121
752009
830833
960239
344275
868832
261997
328597
712767
364953
713857
662992
259901
804710
73330
986104
354254
153842
935693
527257
296507
143210
120347
33495
121896
495895
563709
828590
925412
284354
599713
704906
256673
247037
227085
158284
484196
824141
573158
750800
247444
273616
495682
560773
341492
900457
778866
258522
986415
698098
105497
838554
604794
253919
838121
940761
946755
744474
776526
437621
503229
777720
693631
260556
495920
933993
510685
377465
463485
141736
511970
773976
750018
500827
70648
898170
833251
6375
729716
148792
144133
905276
263531
920010
337052
41819
89661
659848
453219
281951
258200
200507
19188
446498
878371
7654
151464
978343
391639
469075
321887
713347
97605
312820
237443
939772
994266
149287
28982
282953
68372
518536
470653
726139
948155
667951
94009
594863
773967
816972
401159
412286
191527
336646
62936
80863
348253
349701
279409
951610
683681
35455
53819
204330
381196
562006
205642
556047
962623
1564
682208
42901
920830
475397
926197
707689
323371
162449
729907
635327
624983
591132
686463
489211
427255
317374
286314
610566
739132
929695
124969
891790
978812
938712
806137
695528
815593
843958
81792
397427
937441
231375
801735
251238
81786
77680
513538
85356
302324
86586
536148
230924
293291
1760
819433
561677
829497
393329
998559
705917
793674
802563
231114
224397
620151
722911
851549
638412
956921
922664
761064
419477
812092
78414
337652
969030
40605
538699
184811
963557
595909
367772
746582
92919
3776
188470
627255
990278
141128
269888
561704
97386
26426
391256
364727
952353
687678
513013
528262
361997
807799
787950
74882
486134
619816
201800
215441
628200
774803
543610
247855
839324
268096
78426
901499
183234
916353
206544
39921
467977
875127
110446
89651
262039
536029
538452
751053
895774
257153
523194
634843
924090
765653
448773
542459
549684
131839
160513
923087
73008
893275
602053
651348
129139
53656
774319
594381
273285
993215
160586
870111
748213
131200
900785
866168
715054
119581
607938
344271
875638
619986
186646
782304
423165
676773
183515
12176
481311
685537
909041
928723
248408
5526
57495
111668
139893
310244
714246
350313
103290
360687
532950
922645
966222
140455
107436
275889
565859
414720
428853
552346
186228
661643
874712
533478
493402
763203
656970
759913
623262
686036
317309
714276
386267
147219
292400
89644
354760
47984
104072
872845
240644
989815
909797
789192
781025
637580
572903
546791
156028
255883
937712
458761
961800
921918
37124
761962
107397
334504
574359
961628
861914
862132
18255
957360
390514
191346
340598
269307
103507
934319
400218
663288
488973
721962
512335
320560
2222
32902
929149
267502
363167
479860
482301
495276
337407
524706
33454
320003
445614
629413
795117
152673
123902
867963
485512
866331
140867
243621
96517
340184
942727
959264
932502
842706
417951
168005
83255
942867
153627
211031
168468
783087
355410
890918
407250
914721
857584
507738
559374
304149
979469
457025
955819
522256
229782
810416
462536
815865
68925
619655
973172
787127
415576
404774
774746
552734
709119
883325
29843
337101
551916
797847
297228
630312
114580
710021
399274
352224
822381
585077
290437
789787
404725
436842
367261
566728
165234
178290
557630
69488
758260
517477
838338
782407
468946
223799
113563
838029
335948
81088
175039
447121
152209
651269
181406
748304
393843
163166
833513
244960
504998
318469
804453
677549
817496
451345
89580
318597
118337
457542
705840
939751
397853
12269
121601
246681
840791
703162
957115
524855
373760
630303
339125
625017
683919
61416
762386
841312
974034
284566
581268
9031
974059
53516
762065
958083
873549
75969
63641
656929
273904
762411
334108
16136
553685
997214
565760
59850
365706
759674
445910
825551
180615
775441
427928
275998
67720
36363
878838
54164
120501
925471
461082
294951
523526
853144
616491
898392
500558
18593
739720
812605
195290
510923
428136
89334
928959
78626
733896
869738
66387
736699
816647
190426
89299
236848
794487
759144
665742
812965
220970
663342
302000
104268
798193
55501
427557
994206
236361
984384
741235
79372
721281
202364
518313
62880
827076
104775
555441
296972
361911
152819
834476
46293
999710
375822
177089
522351
477208
224628
410156
688785
253325
16017
830264
974686
281129
544603
761723
273957
232565
855467
799187
610313
171866
529888
10812
883691
229240
393385
277968
737008
557099
16613
31364
8204
749520
586440
629007
34190
612899
527575
238731
380726
633616
667424
636975
899940
411443
370287
95177
502622
893909
894202
169907
2527
612937
48770
686425
487939
59007
295638
277047
57466
626006
198032
774258
928847
534650
489160
382151
431873
61234
6786
553706
632430
829477
688255
381665
845505
809706
769836
556744
506337
144707
985718
798622
670645
429265
648208
649304
915688
820311
743763
433228
793325
219302
71322
997502
872992
807343
776907
553860
244916
301976
983596
944436
49094
371638
377721
40858
158222
573827
803838
62124
159408
5936
702914
797393
446274
284223
71715
809333
79724
612795
419474
233260
722994
383571
743608
697154
308357
78496
52397
177171
271396
468592
487488
911116
234297
514931
708656
511127
77864
269792
574353
285188
884139
448295
521132
820970
517707
928234
767996
620986
883733
189479
168136
937651
430648
332728
806327
65610
719918
721774
27148
293101
710576
644528
492256
204640
806676
633435
436655
282287
961568
274504
759385
805315
325916
975124
978391
373513
927187
479848
210769
590643
584446
172519
581431
898290
270094
105148
79279
109386
474745
254185
662453
103850
874356
274542
617567
52851
258619
153140
910857
134054
75943
124016
330736
899484
808463
724150
63758
358309
371595
723464
248088
699317
159993
928040
232815
419889
768625
615192
47188
384668
623471
554615
235179
263663
801866
763235
863432
553249
156779
427892
884767
612144
248185
430926
708280
230263
398730
979830
177048
25159
684212
590685
920673
310288
358108
745547
56904
63976
33117
566547
548136
523263
84414
339702
948068
767824
914857
767896
47481
743674
230373
941680
783315
915509
781381
586183
176139
913564
352255
663703
598715
228119
599694
22311
527494
919068
203614
936996
636082
576119
341879
922258
57889
593745
389847
39342
801215
199058
722973
147245
420055
980370
393542
574513
77895
257496
629483
606474
789942
625355
285804
125949
201639
571161
804478
2946
371738
628471
177793
666362
859134
627370
30939
561816
832131
58485
949794
198152
832358
672940
594277
545109
72052
136208
265478
561067
923169
557882
158153
627255
302177
406172
169019
651769
249248
587016
122370
950979
705664
409050
829678
190617
968920
715525
860275
15698
79878
390451
989225
705954
492473
66646
225260
743793
724636
355816
452779
690706
829795
840023
413387
578117
74851
875100
722565
622921
706597
470032
857314
236068
839987
26153
204649
873435
141956
915973
717640
303993
22633
210769
503265
185627
474049
395416
199441
500921
2762
727493
57993
656185
422728
613888
604132
432167
776970
383844
492992
159224
868094
392753
307030
451417
597688
925562
699683
663823
178892
584691
114329
705843
638393
617750
932198
853074
792759
617723
691062
933109
558636
206028
281903
895356
785682
644935
63080
124060
695958
23044
760759
152441
447275
73491
727958
887217
816142
765320
687809
721344
919788
361078
942707
116251
6626
825588
243165
228388
163924
156895
627733
865818
772660
783547
