100
293574
979724
338811
140650
506557
343207
303601
490457
782911
788982
468009
364865
80475
730455
298931
897795
971220
912399
389805
165016
421745
407418
69628
460024
924308
809175
845140
614562
138125
309538
810716
632479
353989
991339
443957
180828
441620
823740
567241
14667
746879
737337
97222
575457
992537
586026
296225
264971
711603
690493
622258
986267
875356
956681
689071
162122
55730
670762
81024
467452
729748
780208
950050
390287
346738
552806
574453
811720
301164
704608
644757
589565
620506
815105
914716
928645
588286
80655
898112
102062
244590
424680
331530
251480
54631
131341
968461
832751
297408
962997
921127
883338
922193
434252
590726
989488
32103
140258
646663
163998
