1000
720407
428600
814391
863629
998276
25236
647491
697482
555758
848424
607296
476525
323756
950415
187315
116104
234757
266964
79923
556590
435474
956160
294484
666468
742790
181189
679246
167589
447102
232539
760090
251107
810570
243984
608766
149335
986398
465803
852103
281709
843975
874018
797537
760992
539064
896817
563850
671849
408311
367937
295343
720390
665050
24220
462719
688724
318850
165414
87694
724123
69894
765656
197463
551735
15159
85203
274373
415550
102935
996923
332619
635712
700842
348647
859665
354333
604545
121827
802163
600472
447577
29158
939081
438009
934784
141075
666093
545857
640499
598451
830706
988985
860785
492099
531104
495885
832128
732137
912199
182723
480687
713236
132238
481177
375879
12131
362053
707039
515804
298410
539191
5173
513609
256072
837189
729883
158524
710798
513333
945193
608760
454830
880725
564838
321740
690670
866106
862383
717372
237243
565347
354865
450829
44169
703219
695132
754408
737172
426712
299157
339079
948188
698181
545906
376325
774114
675806
266191
652639
643837
138588
900971
857869
900231
467691
25817
887220
77217
707805
287797
411136
836466
787659
380735
285053
755499
894554
494290
941553
872954
520588
515058
854907
483372
531191
146398
806155
442964
598670
261574
975198
401318
2557
37185
756978
129667
525224
498266
486023
96200
486917
922021
339229
190609
469402
97257
762558
895050
884262
848502
809897
435637
836988
694477
876619
375178
99007
431416
678684
984990
419226
759116
862262
734642
649882
29353
115049
91207
101436
130165
59223
834351
558539
121523
916777
113657
858937
312918
844889
148572
28868
174966
799192
648845
4303
701562
290158
241215
909468
454023
283081
716422
788717
628999
539008
796505
349407
683697
583881
116603
449918
70611
778898
632961
168607
397796
42303
864637
132569
597950
241666
691487
749253
489651
510809
905659
888055
512480
280212
665983
301920
332228
26827
731655
173846
420344
618540
347720
655937
549083
795118
421937
370516
752477
407901
815954
135490
797946
313432
912476
719994
913379
640455
247755
529891
402421
689395
453989
792481
396049
772055
164772
444674
675213
231646
741884
202804
350119
622134
78380
697757
174239
436603
122541
245332
404346
928685
432137
225728
705316
244140
830383
422260
16400
261413
860011
880505
893027
728267
895389
494564
774026
76496
222137
317669
368890
468107
815793
590133
779627
18935
294272
383839
958567
849990
346374
388879
765969
930525
126328
352039
958937
334995
920938
345482
642860
187028
397031
164300
673038
849220
857235
943232
987957
700596
231895
445756
856152
319004
443111
605474
43308
828845
191263
296842
285539
23528
504637
53811
619908
541751
71967
428358
172797
283379
342723
396251
642233
88550
431082
396560
656716
482865
584071
892562
366270
169852
509243
478487
693090
288354
976575
299435
74434
471257
110811
873684
650596
456194
822475
723432
240994
804419
556469
949200
15568
973823
903312
540064
537642
474926
625120
98625
151739
562434
854653
627851
130221
56148
194668
581014
581073
421460
487243
598547
517822
829559
337734
513667
700307
961185
486101
771693
171719
463637
762844
326482
325526
375556
402977
283281
23210
290056
334104
251044
54399
365614
120273
684828
991573
591268
164065
14392
289104
896379
854269
515921
976702
663315
514337
611818
456306
571916
821953
51977
563047
83081
849260
719988
541470
493544
721073
452895
265616
667627
602536
892372
154538
111500
153159
726236
50176
847799
801934
95933
952608
75660
489332
992345
796723
567089
831069
842668
126280
756234
66372
959035
326279
477845
587507
724747
430420
935904
835228
383173
51823
634603
867137
635613
508650
856794
778395
554780
942419
561465
177824
353475
946315
762739
488253
794970
330544
958745
406464
439792
474693
252445
586407
963327
432276
269696
868423
825160
757028
636719
492399
136629
339963
469273
215758
861805
552531
57782
655910
819375
169842
943974
452684
242576
413052
141053
543233
605096
124390
762977
942225
210981
850023
123047
690106
629676
930983
792025
901414
841440
486636
314906
416351
11841
790490
312084
269790
314034
128755
629047
870868
288253
237302
13677
922804
262882
723410
522009
264698
256173
67732
329748
323053
717572
663833
272522
99744
782057
786587
498817
561240
614639
886876
617895
788261
312413
870764
941989
692539
345304
562118
352120
890449
68966
243819
601158
151824
581537
369642
790743
367209
685463
757999
952738
592219
669945
188391
681001
369376
737626
220096
423310
752090
131473
304051
957517
410705
840941
172924
617023
513173
178368
591009
125648
254742
872553
168817
455506
796713
936611
563355
749029
899494
494594
943583
555956
499176
986579
681308
654121
52292
439800
681728
287519
290470
386848
123641
175424
194011
848384
807648
684576
796067
650024
315101
81416
859823
511797
49746
909328
290970
526807
690928
637754
404192
831158
802698
248619
856633
172973
907830
547601
359974
105083
659118
647754
473911
705548
526799
846784
469608
302534
42283
348426
832912
760731
119058
268692
457086
787994
312815
251197
314429
538751
898842
772693
451003
285403
772853
167971
461159
818173
335444
785105
670350
281896
862153
326381
628226
678665
271595
926614
288007
574170
363873
496382
520166
292893
401997
108501
542147
373580
215532
316722
563743
67717
677698
791077
84460
232129
22877
917669
283595
744501
706917
931889
530777
730206
624200
351415
132911
147142
428293
163794
404016
176327
917639
437147
145655
298525
455470
542646
2749
993786
126734
425631
114800
631352
545974
997210
706208
610361
959267
433699
615211
649273
403156
983096
400009
382401
766244
262180
332714
630019
469156
564020
310357
444760
688971
501010
144310
537504
176762
20916
89208
995305
680024
470827
129084
310314
512405
925882
540658
246638
618817
891507
49850
756695
507335
563600
923874
344636
889792
727740
855625
726423
353914
836817
340861
775565
393407
102866
343317
276193
973571
380558
4444
841667
266591
624294
885355
117235
450138
531799
263771
260171
767872
939939
6154
150560
558531
660791
803410
350187
415361
984926
145954
796226
429058
344070
252445
277643
463804
155014
478357
791917
164182
708916
724797
78449
822383
672490
901706
48414
716024
307632
859335
839262
916979
161213
358162
942661
185095
745583
935048
915245
693869
497732
513929
77201
421418
113411
770320
81992
182937
361360
7937
482634
510104
519523
795819
145070
25183
851091
578265
467632
207291
810244
985421
398726
906726
627402
966758
266431
570810
670268
453054
490816
763288
162467
800910
705965
546225
871579
436960
678840
946545
109171
637154
279492
254078
805175
338928
561903
221131
142792
976886
710085
763157
193905
708217
201088
846148
241119
963173
82382
786044
322882
431642
475622
151639
288705
26123
919990
711659
952216
36383
14056
293665
31047
581004
163552
581507
844416
539591
173084
581286
719790
320987
793363
127978
408006
6511
524787
409481
562745
108249
827227
156795
924568
871612
59955
475090
147609
655885
381996
2962
194784
512015
603385
181978
443214
53658
22865
423165
