10000
71
215
405
430
497
646
688
845
1034
1075
1141
1144
1208
1246
1271
1326
1354
1562
1581
1629
1683
1898
1915
1950
2094
2101
2206
2217
2244
2316
2491
2493
2500
2544
2573
2653
2657
2846
2919
2961
3183
3200
3418
3469
3676
3930
3934
3998
4066
4184
4376
4406
4635
4651
4720
5054
5257
5320
5362
5418
5438
5482
5547
5690
5829
5958
5999
6120
6224
6251
6255
6433
6460
6540
6603
6730
6747
6843
6875
7102
7120
7149
7292
7426
7474
7615
7645
7658
7699
7821
8023
8165
8215
8436
8445
8861
8935
9056
9249
9346
9370
9490
9494
9593
9808
9893
9970
10125
10201
10310
10436
10498
10590
10593
10831
10945
11034
11040
11078
11089
11183
11373
11491
11587
11657
11727
11835
12047
12073
12081
12131
12136
12241
12328
12401
12563
12709
12930
13059
13196
13230
13317
13385
13454
13537
13688
13776
13841
13892
13902
13932
14010
14121
14166
14269
14432
14488
14533
14623
14729
14746
14802
14965
15058
15077
15078
15186
15328
15330
15347
15405
15415
15423
15819
16294
16609
16763
16907
17061
17116
17272
17282
17647
17742
18236
18298
18300
18337
18453
18460
18557
18574
18603
18606
18633
18769
19046
19079
19094
19224
19266
19435
19574
19823
19847
19929
20064
20175
20328
20376
20449
20463
20522
20754
20765
20835
20867
20984
21002
21049
21053
21499
21534
21685
22131
22244
22302
22305
22312
22472
22514
22749
22772
22864
23051
23112
23288
23288
23486
23584
23721
23776
23833
23988
24032
24120
24206
24457
24536
24666
24688
24837
24867
24906
25233
25347
25449
25738
26028
26205
26205
26413
26565
26616
26670
26834
26848
26856
26955
27042
27065
27172
27375
27486
27494
27598
27728
27811
27867
28080
28235
28398
28420
28494
28500
28661
28769
28772
29049
29162
29231
29318
29694
29883
29979
29981
29987
30056
30121
30192
30195
30287
30408
30408
30482
30508
30725
30839
30959
30996
31099
31206
31216
31313
31338
31468
31520
31534
31666
31703
31882
31941
31975
32089
32117
32228
32437
32468
32475
32589
32781
32864
33063
33116
33380
33437
33448
33612
33716
33742
33856
33904
33943
34128
34174
34449
34537
34600
34612
34614
34703
34878
35100
35105
35141
35147
35160
35450
35620
35682
35746
35902
35977
36481
36644
36715
36721
36784
36902
37059
37103
37190
37468
37724
37768
37868
37910
38026
38142
38994
38995
39019
39132
39494
39759
39784
39888
39894
39974
40192
40264
40275
40414
40494
40550
40625
40628
40654
40733
40861
40904
41056
41076
41102
41182
41211
41300
41417
41455
41510
41534
41584
41626
41636
41947
42057
42258
42310
42503
42618
42619
42728
42741
42884
42924
43096
43141
43183
43201
43256
43512
43514
43621
44276
44355
44361
44557
44637
44640
44692
45032
45052
45119
45310
45382
45394
45573
45604
45808
45895
46092
46120
46217
46223
46229
46430
46515
46551
46667
46937
47161
47164
47165
47226
47483
47582
47731
47817
47820
47923
48384
48582
48711
48967
49086
49183
49216
49228
49269
49367
49387
49463
49598
49664
49692
49710
50070
50079
50079
50160
50165
50200
50282
50314
50365
50402
50487
50528
50562
50942
50995
51206
51302
51376
51444
51476
51558
51710
51793
51975
52017
52097
52118
52140
52214
52626
52836
52857
52910
52985
53080
53146
53225
53321
53348
53443
53486
53565
53621
53686
53695
53740
54057
54064
54065
54222
54304
54337
54368
54403
54578
54646
54678
54714
54872
54933
55138
55209
55353
55418
55423
55698
55740
55894
56033
56161
56261
56294
56340
56543
56587
56669
56720
56744
56761
56815
56955
57128
57149
57213
57220
57280
57284
57308
57333
57376
57386
57920
58181
58202
58238
58363
58414
58448
58474
58535
58587
58597
58661
58664
58682
58885
58903
59082
59259
59266
59314
59467
59554
59594
59680
59773
59934
59992
60040
60267
60425
60448
60544
60643
60651
60845
61004
61420
61715
61731
61811
61996
62040
62078
62106
62115
62257
62325
62331
62435
62490
62893
62946
62976
63173
63244
63305
63449
63565
63650
63733
63805
63832
63891
63910
63959
64179
64253
64337
64399
64548
64589
64698
64706
64716
64961
64994
65020
65053
65203
65249
65288
65411
65670
65823
65928
65957
65966
66287
66591
66640
66688
66817
66828
66868
67149
67526
67527
67587
67594
67609
67664
67698
67773
67902
67908
67939
67952
68009
68044
68313
68389
68473
68546
68627
68655
68689
68755
68790
68920
68963
68980
69042
69114
69354
69360
69372
69373
69550
69570
69578
69717
69957
70232
70365
70449
70467
70496
70625
70627
70721
70892
71019
71083
71145
71301
71368
71405
71638
71692
71748
71861
71893
71949
71958
71980
72008
72010
72149
72218
72509
72652
72685
72980
72995
73185
73224
73345
73494
73639
73748
73818
73831
74007
74225
74226
74396
74461
74463
74482
74484
74544
74567
74611
74641
74687
74711
74843
74949
74955
74991
75205
75238
75409
75455
75659
75662
75785
75821
76079
76177
76196
76243
76261
76266
76272
76302
76370
76375
76798
76833
76868
76906
77008
77230
77331
77429
77595
77634
77660
77809
77977
78016
78397
78882
78958
79001
79028
79204
79312
79315
79359
79406
79445
79541
79741
80013
80287
80305
80440
80544
80773
80924
80993
81011
81617
81663
81726
81813
81847
81956
81977
82051
82051
82250
82422
82571
82746
82807
82844
82922
82969
83039
83193
83202
83263
83275
83320
83458
83560
83591
83644
83680
83700
83808
83862
84244
84296
84339
84552
84716
84990
84999
85046
85091
85125
85188
85222
85463
85601
85677
85698
85781
86050
86083
86155
86174
86449
86466
86480
86531
86560
86587
86815
86868
87017
87327
87537
87586
87608
87639
87703
87745
87855
88021
88208
88324
88462
88480
88501
88712
88772
89054
89089
89345
89421
89694
89745
89803
89833
90099
90137
90270
90293
90420
90437
90462
90470
90477
90567
90643
90725
91038
91078
91115
91230
91289
91293
91485
91732
91800
91968
92062
92063
92393
92423
92443
92576
92644
92674
92737
92772
93087
93096
93249
93259
93521
93594
93627
93633
93684
93995
94363
94474
94586
94637
94682
94772
94823
94840
94875
95052
95100
95347
95398
95486
95546
95594
95764
95770
95774
95803
95924
95962
96080
96190
96363
96378
96668
96701
96797
96898
97081
97225
97253
97284
97303
97381
97697
97840
97911
98088
98144
98214
98598
98643
98692
98970
98977
98977
98979
99014
99100
99431
99643
99702
99873
99903
100019
100133
100134
100169
100230
100251
100321
100419
100615
100621
100685
100773
100827
100914
100950
101170
101209
101311
101326
101376
101394
101494
101631
101752
101916
101935
102030
102064
102085
102162
102293
102517
102569
102780
102865
102926
102946
102965
102988
102997
103164
103210
103597
103885
103890
104087
104239
104259
104288
104393
104599
104740
104778
104900
105019
105108
105206
105235
105295
105297
105326
105362
105558
105688
105833
105837
105915
105971
106007
106167
106189
106252
106660
106807
107039
107233
107430
107435
107555
107603
107811
107852
107915
107923
108001
108044
108353
108390
108450
108453
108530
108580
108697
108846
108995
109067
109173
109613
109696
109757
109830
109841
109853
109865
110051
110057
110122
110217
110249
110276
110373
110430
110458
110567
110583
110856
110869
110906
110957
111053
111362
111521
111671
111829
111833
111890
111921
111923
112065
112121
112318
112338
112347
112436
112470
112528
112552
112555
112812
112860
112872
113011
113023
113078
113115
113417
113441
113505
113756
113927
114116
114426
114484
114744
114808
114903
114968
115073
115265
115422
115611
115624
115861
116147
116299
116546
116588
116775
116851
117127
117157
117268
117274
117320
117350
117386
117428
117505
117512
118013
118037
118037
118218
118225
118243
118307
118338
118552
118588
118637
118837
118883
119103
119172
119267
119347
119446
119707
119717
120048
120130
120283
120300
120338
120341
120367
120403
120564
120572
120635
120753
120784
120820
120977
121010
121152
121186
121311
121325
121455
121549
121710
121711
121733
121850
122250
122257
122314
122438
122612
122845
122847
122884
122967
123394
123416
123440
123524
123551
123624
123707
123832
123841
124025
124123
124298
124640
124698
125196
125467
125656
125677
125839
125914
125924
125960
125964
126142
126148
126187
126267
126394
126397
126621
127098
127150
127208
127265
127299
127435
127467
127470
127573
127646
127878
127997
128025
128055
128094
128188
128219
128309
128428
128503
128904
128905
129121
129271
129375
129422
129463
129707
129761
129791
130092
130469
130478
130641
130752
130903
131057
131099
131125
131208
131299
131460
131466
131526
131533
131594
131634
131784
131887
131898
131901
132079
132091
132123
132159
132273
132447
132564
132570
132770
133157
133214
133265
133307
133433
133466
133479
133497
133539
133577
133723
133854
133887
134138
134357
134368
134499
134510
134871
134906
135050
135051
135105
135253
135330
135383
135471
135615
135650
135669
135715
135739
135767
135846
135912
135971
135983
136054
136058
136121
136180
136269
136338
136393
136477
136549
136553
136597
136621
136834
136896
137083
137191
137380
137451
137521
137552
137628
137659
137796
138031
138133
138176
138571
138839
138840
138874
138964
139033
139263
139286
139305
139400
139762
139792
139917
139931
139951
140403
140447
140644
140659
140709
141014
141158
141378
141419
141431
141488
141506
141625
141637
141703
141968
142030
142122
142144
142292
142469
142649
142698
142856
142991
143093
143141
143195
143237
143340
143367
143594
143628
143769
144034
144255
144333
144350
144687
144846
145035
145128
145131
145282
145359
145647
145678
146071
146095
146314
146504
146819
146859
146934
147132
147406
147502
147598
147732
147903
147910
148112
148137
148302
148586
148746
148772
148916
149009
149014
149308
149378
149386
149418
149595
149742
149757
149804
149843
149942
150005
150135
150177
150263
150308
150326
150416
150424
150613
150687
151057
151059
151072
151128
151274
151356
151445
151574
151728
151851
152044
152101
152211
152228
152234
152259
152386
152429
152717
152856
152864
153096
153219
153285
153417
153449
153554
153649
153835
153869
153876
153887
153922
153945
153973
154086
154126
154217
154391
154496
154533
154544
154568
154610
154642
154653
154918
155201
155404
155429
155518
155759
155767
155833
155933
156146
156213
156298
156359
156397
156408
156532
156609
156615
156645
156690
156690
156906
156909
157093
157130
157133
157330
157549
157709
157714
158019
158120
158140
158620
158724
158815
158866
158889
159065
159204
159221
159256
159379
159435
159448
159618
159661
159700
159972
159988
160322
160443
160754
161014
161073
161079
161129
161196
161326
161606
161608
161656
161678
161770
161854
162013
162079
162125
162143
162358
162378
162381
162631
162676
162721
162796
162903
163100
163106
163119
163172
163476
163530
163535
163574
163637
164125
164163
164240
164301
164319
164537
164729
164750
164757
164971
164983
165238
165273
165289
165330
165340
165348
165436
165594
165669
165740
165832
165907
165965
165971
166051
166065
166066
166170
166467
166545
166577
166649
166771
166807
166925
166948
167178
167264
167315
167428
167611
167700
167801
168175
168176
168207
168338
168418
168803
168845
168935
169023
169321
169387
169524
169660
169664
169690
169792
169910
169970
170177
170269
170303
170318
170328
170387
170536
170614
170644
170857
170868
171061
171204
171301
171739
171997
172045
172085
172173
172281
172308
172434
172494
172707
172716
172806
172893
172954
173274
173287
173324
173748
173844
173952
173969
174090
174265
174412
174453
174635
174644
174654
174661
174666
174937
175028
175262
175340
175735
175840
175864
176011
176581
176845
176871
176922
177113
177232
177492
177664
177713
177885
178055
178296
178341
178617
178774
178795
179028
179161
179199
179327
179334
179589
179698
179704
179722
179790
179802
179838
180016
180153
180273
180325
180464
180506
180538
180635
180657
180702
180778
180835
180961
181041
181231
181347
181431
181601
181666
181673
181727
181787
181850
181857
181941
182004
182041
182244
182245
182252
182341
182408
182422
182438
182456
182510
182685
182856
182962
183046
183130
183417
183599
183640
183750
183831
183940
183956
184065
184068
184301
184500
184563
184567
184602
184681
184865
184977
185133
185291
185677
185718
185797
185879
186143
186480
186593
186632
186695
186756
187035
187298
187911
187958
188035
188362
188393
188744
188833
188840
189028
189146
189213
189222
189311
189374
189381
189415
189468
189471
189509
189654
189777
189779
189786
189857
189999
190043
190048
190111
190209
190318
190473
190510
190568
190675
190836
190870
190895
191001
191001
191012
191060
191183
191496
191528
191558
191562
191580
191717
191827
191828
191998
192116
192303
192341
192419
192457
192479
192562
192598
192651
192670
192754
192784
192798
192931
192957
193076
193105
193112
193231
193289
193363
193465
193539
193598
193846
193885
193940
194066
194412
194577
194615
194649
194723
194813
194910
194920
194997
195023
195076
195085
195095
195180
195216
195266
195310
195587
195661
195803
196251
196276
196309
196379
196398
196431
196459
196490
196680
196815
196890
196989
197018
197068
197094
197113
197126
197375
197624
197639
197665
197710
197725
197743
197777
198206
198385
198414
198607
198763
198818
198823
199062
199159
199209
199416
199644
199777
199852
199919
200172
200401
200406
200525
200575
200645
200855
200955
201000
201021
201077
201345
201604
201617
201767
201781
201876
201913
201948
201975
202085
202343
202721
203009
203087
203156
203196
203265
203333
203341
203480
203521
203550
203598
203794
203994
204008
204095
204132
204136
204151
204201
204238
204463
204498
204612
204762
204762
204864
204882
204982
205122
205161
205231
205390
205405
205540
205765
205917
206140
206252
206314
206557
206706
206801
206874
207079
207174
207313
207395
207571
207572
207576
207582
207679
207684
207697
207713
207870
207887
207924
208018
208190
208339
208441
208485
208505
208673
208814
208859
208919
208944
208999
209039
209184
209244
209578
209616
209629
209638
209648
209765
209836
209842
210103
210173
210240
210280
210312
210472
210572
210577
210637
210963
211025
211144
211336
211375
211383
211471
211626
211627
211660
211831
211850
211894
212059
212289
212416
212513
212629
212725
212767
212797
212806
212852
212977
213094
213117
213146
213181
213614
213660
213725
213767
213808
214100
214397
214423
214443
214456
214626
214691
214779
214883
214975
215080
215088
215177
215187
215273
215323
215348
215387
215393
215394
215494
215615
215647
215657
215772
216108
216141
216199
216321
216503
216569
216830
216932
217024
217251
217253
217338
217501
217510
217540
217639
218295
218314
218582
218709
218839
218882
218883
218891
219086
219172
219318
219512
219538
219712
219713
219853
219903
219905
220012
220106
220150
220198
220290
220325
220345
220550
220577
220582
220629
220665
220700
221003
221116
221257
221260
221348
221357
221560
221575
221614
221621
221981
222086
222097
222201
222356
222414
222512
222530
222738
222739
222868
222965
223122
223131
223282
223299
223307
223461
223502
223557
223636
223707
223739
223770
223809
223903
223948
223959
223964
224153
224155
224216
224253
224254
224282
224389
224577
224628
224884
224899
225045
225183
225221
225311
225375
225415
225748
225823
225847
225948
226183
226212
226217
226252
226256
226263
226473
226502
226575
226594
226835
226927
226994
227004
227008
227138
227224
227330
227376
227528
227702
227704
227824
227831
228060
228425
228455
228526
228616
228640
228697
228755
229128
229215
229379
229447
229631
229756
229951
230134
230154
230200
230253
230281
230441
230871
230929
230984
230990
230999
231123
231233
231281
231350
231368
231439
231527
231585
231663
231713
231734
231747
231770
231831
231884
231891
231972
232005
232031
232082
232151
232188
232373
232384
232459
232475
232558
232584
232650
232674
232686
232754
232768
232888
233036
233050
233095
233131
233142
233219
233335
233378
233389
233437
233541
233569
233625
233677
233944
234017
234040
234346
234349
234419
234436
234485
234648
235067
235168
235332
235395
235497
235550
235739
235943
236071
236240
236299
236391
236394
236418
236487
236491
236742
236879
237035
237267
237662
237663
237774
237868
237978
238078
238161
238261
238350
238434
238444
238498
238588
238604
238620
238706
238734
238756
238768
238908
238982
239106
239191
239301
239307
239419
239466
239482
239518
239605
239705
239784
239966
239980
240047
240088
240127
240144
240302
240449
240527
240535
240697
240782
240815
240824
240852
240886
240899
240973
241019
241020
241206
241208
241209
241246
241275
241349
241355
241418
241741
241777
241885
241923
241946
242018
242100
242118
242335
242477
242763
242896
242981
243073
243120
243218
243248
243347
243485
243536
243619
243880
243903
243963
244216
244287
244462
244492
244518
244616
244812
245063
245157
245246
245416
245463
245693
245770
245801
245873
245934
246138
246332
246419
246435
246486
246712
246776
246966
247054
247165
247258
247443
247477
247492
247529
247529
247550
247629
247642
247653
248053
248066
248156
248279
248432
248442
248512
248634
248904
249033
249045
249363
249418
249428
249440
249452
249557
249801
249844
249871
249881
249933
249995
250151
250166
250417
250421
250723
250902
250903
251007
251020
251089
251198
251270
251337
251393
251672
251791
251825
251840
251956
251967
252122
252184
252241
252596
252651
252662
252674
252816
252969
253042
253069
253314
253366
253378
253450
253568
253596
253646
253813
253823
253930
254087
254180
254222
254320
254428
254467
254706
254733
254745
254812
254832
255018
255451
255816
256080
256250
256348
256492
256642
256731
256836
257080
257319
257367
257404
257434
257511
257531
257639
257703
257736
257833
257888
258014
258108
258137
258152
258203
258233
258284
258383
258530
258698
258728
258770
258771
258903
258948
259059
259099
259208
259297
259340
259344
259363
259369
259412
259435
259444
259460
259544
259566
259845
260036
260195
260247
260254
260304
260341
260416
260433
260441
260471
260503
260520
260631
260744
260824
260866
261480
261535
261592
261646
261740
261752
261832
261879
261880
262095
262126
262313
262348
262467
262516
262530
262569
262852
262984
263123
263210
263230
263343
263380
263529
263650
263693
263848
264038
264040
264052
264061
264132
264242
264362
264490
264618
264641
264655
264810
264843
264936
264968
265203
265347
265373
265392
265457
265574
265840
265936
266090
266328
266366
266652
266676
266800
267052
267061
267093
267174
267327
267422
267504
267634
267730
267786
267930
267964
268139
268253
268268
268492
268621
268845
268897
268951
269124
269434
269462
269643
269690
269800
269946
269961
269987
270052
270114
270238
270272
270480
270508
270596
270617
270633
270728
270859
270897
271023
271203
271218
271345
271442
271690
271746
271847
271880
272025
272110
272178
272259
272374
272454
272598
272647
272673
272715
272794
272815
272914
272961
273036
273059
273080
273241
273272
273575
273724
273967
274001
274021
274105
274137
274207
274243
274253
274313
274345
274441
274511
274763
274774
274784
274862
274929
275063
275238
275675
275693
275751
275767
275769
275782
275839
275880
275941
275947
276034
276211
276248
276361
276428
276552
276661
276696
276774
276830
276938
277117
277175
277186
277793
277911
277958
278262
278324
278328
278360
278524
278622
278815
278840
278867
278962
279045
279128
279264
279539
279680
280052
280102
280242
280275
280281
280509
280514
280739
280982
281024
281158
281284
281453
281586
281868
282003
282067
282181
282240
282246
282314
282367
282378
282423
282870
282973
283118
283157
283402
283406
283439
283572
283622
283720
283723
283902
283923
284361
284380
284498
284672
284677
284707
284912
284955
284958
285037
285058
285095
285106
285202
285231
285271
285444
285487
285658
285730
285855
285902
285917
286009
286124
286151
286188
286312
286408
286536
286942
287073
287081
287082
287188
287216
287306
287376
287453
287605
287729
287776
287967
288095
288130
288154
288165
288181
288312
288618
288690
288714
288868
289022
289103
289192
289256
289274
289345
289501
289588
289683
289741
289742
289853
289908
289929
290035
290073
290101
290213
290370
290425
290770
290939
290990
291108
291241
291460
291760
291858
291945
292100
292168
292293
292374
292607
292658
292796
292893
292946
292976
293140
293154
293166
293367
293559
293656
293677
293706
293737
293760
293963
294297
294357
294386
294404
294523
294680
294705
294756
294820
294827
294830
294840
294860
294918
294955
295036
295101
295253
295276
295716
295727
295852
296342
296446
296732
296886
296999
297024
297046
297072
297175
297194
297307
297312
298058
298122
298290
298402
298443
298672
298697
298705
298710
298714
299087
299284
299354
299485
299712
299784
300079
300207
300233
300292
300298
300480
300512
300600
300603
300790
300958
300969
301103
301333
301358
301408
301469
301473
301570
301719
301735
301774
301938
301977
302019
302035
302071
302196
302225
302356
302438
302648
302744
302771
302831
302834
302941
302988
303102
303104
303134
303360
303412
303472
303683
303736
303788
303801
303838
303883
304052
304106
304126
304226
304440
304699
304721
304979
305169
305304
305465
305635
305981
305996
306196
306204
306283
306305
306349
306421
306456
306596
306666
306873
307011
307165
307285
307372
307437
307515
307559
307792
307799
307864
307904
307986
308008
308084
308166
308222
308297
308321
308508
308514
308571
308627
308646
308783
308810
308836
308862
308909
309061
309112
309372
309376
309428
309472
309711
309857
309926
309970
310142
310208
310246
310266
310299
310541
310552
310903
310906
310967
310973
311022
311128
311167
311258
311269
311420
311709
311934
312006
312142
312369
312505
312573
312574
313113
313285
313321
313548
313554
313625
313728
313738
313741
313769
313796
313869
313954
314083
314160
314178
314217
314393
314463
314765
314790
314813
314874
314999
315111
315198
315202
315361
315430
315431
315477
315537
315600
315623
315852
316219
316241
316451
316656
316784
316786
316841
316843
316949
316960
317141
317367
317397
317449
317526
317611
317658
317742
318165
318346
318426
318526
318604
318623
318898
319147
319369
319493
319643
319756
319803
319818
319988
320337
320341
320442
320570
320708
320731
320854
320898
320915
321342
321566
321930
322088
322387
322415
322508
322684
322779
322806
322918
323092
323219
323295
323383
323477
323539
323774
324126
324127
324289
324439
324493
324550
324572
324667
324768
324882
324887
324895
324952
324968
325014
325041
325054
325109
325133
325194
325226
325250
325263
325395
325485
325493
325497
325592
325680
325716
325994
326037
326158
326449
326474
326545
326629
326707
326785
326865
326994
326999
327176
327337
327620
327643
327725
327933
328125
328210
328215
328283
328452
328515
328546
328843
329062
329256
329294
329310
329506
329535
329537
329565
329612
329671
329751
329882
329975
330046
330085
330181
330183
330247
330508
330548
330641
330904
331082
331218
331709
331882
332063
332133
332200
332251
332317
332486
332523
332530
332550
332577
332619
332639
332655
332656
332663
332827
332852
332858
332875
333012
333017
333066
333141
333365
333399
333537
333652
333691
333981
334012
334024
334054
334113
334119
334168
334353
334385
334643
334676
334772
334826
335135
335259
335314
335461
335629
335688
335698
335776
335792
335807
335826
335837
336083
336215
336240
336332
336367
336655
336842
337044
337065
337202
337259
337337
337490
337509
337619
337660
337905
337983
338089
338383
338414
338440
338978
339012
339053
339070
339169
339337
339351
339885
340016
340117
340179
340223
340346
340594
340601
340630
340645
340655
340682
340705
340917
340942
341222
341314
341423
341470
341549
341835
341953
342101
342125
342245
342447
342457
342511
342521
342556
342700
342840
342893
343069
343131
343164
343185
343545
343605
343618
343756
343769
343833
344051
344227
344252
344304
344308
344335
344376
344414
344451
344520
344579
344715
344735
344769
344816
344846
344847
345085
345141
345355
345379
345662
345789
346063
346200
346239
346515
346528
346799
346845
346951
346961
347004
347027
347122
347255
347413
347433
347485
347524
347533
347568
347820
347908
347912
347968
348083
348422
348442
348494
348849
348855
348873
348885
348941
348989
349081
349178
349184
349276
349332
349452
349495
349499
349500
349536
349564
349691
349820
349860
349938
349994
350075
350257
350278
350318
350383
350512
350594
350698
350732
350774
350780
350909
350913
350935
351041
351281
351488
351579
351766
351869
351886
351963
352004
352094
352209
352218
352259
352446
352487
352653
352793
352829
352881
353258
353334
353528
353565
353575
353734
353982
354208
354214
354236
354389
354709
354729
354857
355067
355117
355341
355564
355749
355841
355943
356351
356391
356456
356461
356712
356712
356873
356889
357111
357165
357282
357536
357547
357670
357697
357758
357943
358055
358137
358158
358166
358231
358355
358577
358577
358695
358697
358772
358988
359072
359261
359415
359477
359520
359580
359583
359680
359691
359874
359879
359915
360154
360219
360219
360262
360300
360413
360503
360586
360807
360812
360839
360903
361003
361076
361082
361093
361197
361218
361332
361473
361536
361542
361649
361739
361831
361835
361892
361947
362031
362088
362097
362240
362266
362355
362556
362621
362924
363163
363366
363587
363717
363872
363995
364101
364145
364297
364326
364505
364509
364533
364535
364685
364901
364969
365094
365345
365494
365678
365697
365795
365814
365948
366037
366075
366139
366224
366251
366380
366485
366544
367066
367071
367338
367339
367494
367505
367514
367545
367549
367617
367766
367859
367959
368018
368063
368225
368247
368251
368338
368587
368605
368616
368682
368704
368722
368849
368888
368919
368939
369011
369186
369299
369305
369351
369432
369444
369520
369650
369659
369692
369703
369823
369853
369950
369988
370200
370260
370337
370401
370504
370528
370576
370616
370788
370820
370921
370937
370992
371038
371045
371200
371229
371262
371302
371409
371494
371677
371721
372065
372340
372540
372570
372855
372919
373159
373237
373388
373486
373583
373703
373759
373933
373999
374377
374474
374488
374503
374549
374613
374789
374803
374903
375363
375453
375706
375716
375840
376123
376172
376385
377091
377453
377615
377755
378065
378067
378092
378281
378304
378348
378366
378421
378426
378532
378743
378816
378822
378891
379027
379122
379307
379388
379447
379461
379486
379589
379599
379860
379972
380162
380245
380280
380305
380323
380431
380448
380506
380537
380560
380616
380689
380720
380777
380845
381023
381035
381066
381162
381248
381326
381438
381486
381505
381572
381676
381845
381887
381924
382108
382148
382172
382259
382375
382461
382546
382549
382750
382852
382941
382944
382945
383281
383317
383374
383583
383634
383744
383983
384223
384282
384283
384350
384398
384901
384920
385185
385537
385738
385999
386173
386221
386297
386339
386400
386419
386491
386531
386824
387043
387103
387253
387427
387451
387470
387534
387557
387792
387848
387859
387875
387981
388098
388129
388133
388212
388396
388594
388617
388620
388688
388823
388948
388993
389159
389172
389189
389274
389322
389323
389331
389454
389505
389663
389778
389786
390261
390401
390446
390495
390496
390506
390541
390669
390720
390775
390803
390881
390921
390940
390951
391149
391193
391283
391304
391356
391461
391944
391950
391992
392239
392351
392657
392665
392711
392788
392890
392926
393048
393082
393163
393277
393320
393466
393553
394379
394540
394604
394660
394688
394749
394894
394931
394941
395081
395160
395380
395517
395775
395802
395838
396005
396111
396325
396415
396451
396486
396840
397070
397093
397114
397207
397425
397709
398322
398453
398534
398585
398604
398661
399228
399309
399346
399348
399838
400233
400284
400295
400343
400613
400678
400828
400840
400855
400940
400946
401190
401224
401249
401334
401375
401588
401666
401826
401888
402143
402213
402248
402536
402573
402706
402741
402825
402849
403024
403155
403218
403589
403600
403705
403776
403791
403963
403966
404118
404270
404288
404642
404792
405082
405220
405322
405505
405708
405837
405848
405910
405940
405941
405945
405998
406007
406076
406174
406327
406603
406670
406712
406732
406755
406775
406782
407044
407076
407131
407264
407290
407332
407465
407640
407780
407797
407833
407867
407990
408015
408026
408205
408327
408515
408890
409131
409430
409453
409495
409509
409542
409634
409808
410030
410125
410167
410218
410363
410392
410585
410588
410764
410827
410923
411242
411277
411496
411503
411523
411801
411994
412160
412254
412300
412393
412396
412488
412538
412576
412579
412648
412704
412705
412850
413005
413211
413474
413602
413669
413814
413874
413919
413954
414150
414252
414277
414308
414308
414382
414433
414499
414505
414511
414573
414637
414653
414763
415155
415195
415485
415781
415808
416013
416024
416029
416251
416517
416639
416656
416669
416671
416700
416751
416854
417050
417136
417159
417758
418152
418728
418856
418881
418922
419096
419142
419148
419173
419206
419413
419706
419852
419857
420069
420070
420093
420098
420154
420336
420357
420775
421029
421051
421121
421151
421159
421169
421464
421547
421706
421717
421801
421899
422278
422296
422363
422426
422492
422549
422557
422612
422757
422784
422832
422840
422911
423026
423116
423119
423163
423292
423321
423548
423612
423619
423745
423793
423803
423808
423841
423855
424105
424168
424237
424338
424479
424495
424581
424613
424772
424830
425021
425087
425101
425119
425187
425215
425350
425553
425570
425605
425633
425638
425647
426118
426187
426212
426450
426469
426509
426592
426657
426674
426697
426698
426843
427010
427185
427335
427584
427611
427656
427693
427758
427819
427888
427892
427928
427977
427997
428063
428158
428457
428530
428559
428566
428568
428673
428696
428717
428765
428921
429105
429110
429596
429643
429710
429888
429911
429928
430019
430028
430056
430066
430351
430376
430493
430515
430545
430553
430682
430691
430830
430837
430938
430962
430962
430972
431001
431154
431255
431317
431535
431535
431841
431844
431888
431911
431981
431990
432146
432227
432294
432297
432380
432731
432735
432904
432946
433008
433115
433129
433323
433387
433397
433482
433506
433797
433817
433829
433849
433866
433916
434064
434122
434345
434350
434375
434408
434440
434471
434482
434653
434798
434978
434979
435061
435122
435273
435296
435394
435621
435738
435851
435955
436034
436270
436316
436320
436328
436328
436351
436431
436674
436771
436855
436856
437023
437346
437470
437664
437675
437722
438095
438128
438129
438186
438228
438393
438433
438434
438675
438687
438753
438782
438956
438960
439022
439229
439318
439318
439321
439476
439639
439808
439914
439990
439998
440169
440488
440537
440555
440933
440979
440989
441017
441164
441225
441290
441474
441676
441679
441686
441820
441839
441847
441985
441990
442007
442027
442027
442217
442386
442585
442757
442883
442884
442901
443148
443247
443437
443619
443628
443682
443725
443786
444085
444125
444177
444201
444410
444430
444479
444501
444506
444519
444645
444903
444930
444952
445113
445267
445329
445353
445375
445553
445590
445853
445864
445952
446096
446173
446287
446325
446350
446354
446484
446551
446787
446797
446832
446903
446935
447194
447215
447369
447568
447926
448000
448016
448024
448232
448993
449049
449276
449352
449502
449555
449579
449670
449702
449779
449795
449901
450019
450028
450029
450050
450057
450114
450152
450233
450290
450334
450352
450364
450410
450415
450552
450604
450679
450775
450776
451023
451101
451151
451180
451292
451348
451825
451942
452033
452176
452190
452290
452370
452534
452586
452596
452632
452667
452692
452747
452889
452910
452986
453143
453192
453487
453768
453873
454034
454101
454176
454347
454544
454608
454636
455085
455090
455241
455477
455498
455508
455572
455619
455690
455931
455996
456119
456124
456185
456215
456229
456357
456368
456633
456775
456821
456932
457176
457178
457194
457260
457321
457384
457564
457684
457816
457844
458002
458084
458131
458178
458368
458392
458439
458767
458979
459241
459255
459306
459327
459371
459414
459458
459473
459477
459497
459515
459657
459730
459738
459772
459933
459986
459994
460060
460189
460212
460244
460363
460495
460565
460722
460754
460763
460766
460859
461038
461148
461172
461242
461349
461443
461470
461624
462103
462270
462326
462349
462601
462643
463108
463376
463383
463482
463513
463535
463686
463716
463882
464090
464173
464179
464278
464486
464522
464561
464681
464731
464760
464828
465089
465169
465276
465538
465637
465642
465759
465788
465814
466002
466121
466156
466168
466304
466396
466462
466598
466645
466694
466855
466882
466883
466959
467058
467094
467117
467229
467324
467536
467636
467736
467739
467793
467869
467925
468055
468318
468471
468510
468972
469040
469470
469542
469819
469989
469991
470042
470191
470199
470297
470308
470361
470375
470377
470424
470437
470774
470877
470926
470978
471099
471182
471195
471222
471288
471475
471563
471580
471609
471627
471655
471669
471764
471788
471879
471970
472102
472125
472550
472744
472752
472851
473017
473186
473205
473323
473422
473494
473581
473592
473935
474084
474134
474508
474572
474729
474948
475050
475091
475179
475265
475282
475384
475425
475539
475550
475691
475942
476067
476085
476252
476256
476283
476334
476443
476487
476653
476689
476953
477013
477178
477679
477770
477789
477794
478017
478195
478466
478859
479200
479248
479323
479523
479883
479924
479964
479993
480004
480044
480064
480180
480257
480313
480337
480378
480527
480551
480634
480652
480685
480766
480947
481139
481174
481197
481240
481471
481504
481579
481695
481696
482077
482262
482385
482504
482568
482581
482648
482700
482748
482763
483150
483393
483422
483605
483761
483782
483793
483795
483814
484096
484120
484220
484423
484736
484767
484984
485214
485303
485378
485722
485809
485854
486035
486088
486178
486211
486476
486648
486963
487071
487194
487239
487263
487272
487469
487488
487562
487643
487697
487826
488203
488250
488320
488437
488534
488589
488695
488821
488944
489178
489300
489311
489620
489811
489835
489898
489938
490030
490034
490083
490247
490429
490527
490653
490672
490761
490979
491026
491090
491274
491572
491678
491844
491987
492083
492212
492378
492550
492564
492640
492684
492716
492733
492763
492791
493015
493050
493067
493285
493703
493802
493864
494015
494086
494121
494384
494955
495067
495339
495416
495453
495463
495526
495546
495613
495651
495658
495685
495697
495844
495911
496040
496216
496339
496377
496601
496812
497035
497156
497219
497354
497499
497582
497720
497766
497800
497854
498070
498097
498151
498217
498273
498340
498459
498460
498571
498647
498706
498718
498827
498832
498869
499254
499539
499542
499575
499757
499848
499962
500125
500225
500424
500437
500537
500629
500875
500909
501267
501345
501348
501466
501822
501828
501903
501982
501993
502162
502174
502199
502433
502453
502700
502728
502744
502804
502854
503043
503060
503257
503295
503481
503510
503798
503800
503830
503915
503930
503997
504083
504740
504766
504834
504869
504911
504921
505284
505383
505402
505438
505473
505573
505597
505770
505876
505886
505990
506045
506127
506147
506160
506186
506281
506711
506752
506753
506808
506950
507003
507057
507171
507233
507308
507314
507367
507429
507454
507515
507756
507869
508139
508149
508190
508451
508661
508665
508673
508869
508933
509143
509212
509391
509555
509648
509664
509699
509917
509949
509987
509987
510316
510522
510589
510590
510781
510845
510883
511025
511055
511070
511093
511183
511215
511270
511550
511607
511779
512178
512303
512313
512360
512490
512701
512738
512756
512773
513007
513104
513311
513462
513541
513568
513568
513677
513722
513819
513842
513933
513945
514253
514359
514393
514454
514684
514729
514777
514849
514922
514922
515023
515053
515243
515320
515451
515530
515548
515625
515638
515757
515762
515822
515907
515941
515962
516063
516532
516538
516684
516795
517136
517160
517250
517363
517396
517464
517532
517579
517654
517662
517662
518030
518261
518361
518410
518443
518480
518534
518655
518754
518756
518802
518940
518960
519004
519469
519538
519618
519775
519890
520125
520137
520308
520327
520598
520684
520733
520825
520923
521053
521054
521061
521444
521554
521857
521928
521957
522041
522106
522242
522442
522770
522841
522863
522884
523006
523100
523121
523150
523233
523377
523415
523554
523621
523630
523879
523967
524058
524272
524389
524570
524917
525120
525274
525316
525648
525660
525728
525732
525769
525822
525944
526152
526157
526300
526327
526332
526401
526522
526545
526555
526597
526771
526824
526849
526896
526916
526920
527196
527361
527556
527656
527672
527679
527733
527899
527951
528033
528044
528089
528125
528128
528219
528240
528263
528315
528394
528539
528553
528572
528597
528676
528717
528728
528791
528893
528942
529054
529227
529357
529404
529836
529906
529986
530026
530102
530138
530233
530246
530276
530462
530628
530915
531101
531227
531250
531257
531346
531395
531413
531505
531641
531676
531819
531878
532042
532166
532352
532483
532487
532555
532574
532970
533350
533495
533542
533575
533739
533925
534340
534347
534426
534553
534601
534708
534829
535097
535180
535196
535232
535347
535629
535698
535797
536215
536493
536966
537044
537055
537136
537158
537286
537390
537394
537708
537849
538103
538189
538237
538238
538251
538274
538351
538381
538391
538399
538441
538731
538798
539024
539045
539147
539442
539449
539527
539724
539818
539830
539876
540120
540272
540621
540734
540781
540821
540995
541021
541212
541240
541374
541407
541467
541791
541847
541942
542186
542194
542220
542224
542402
542420
542666
542669
542858
542867
542893
543048
543110
543204
543246
543323
543378
543437
543642
543654
543665
543677
543688
543760
543836
544374
544552
544667
544922
544957
545263
545312
545433
545479
545842
545888
545913
546034
546307
546345
546346
546380
546433
546539
546583
546745
546841
546872
546873
546954
547009
547099
547177
547282
547368
547589
547643
547892
547894
547952
547986
548030
548081
548160
548197
548281
548359
548872
548924
549055
549128
549166
549210
549451
549515
549603
549746
550017
550162
550323
550387
550546
550840
550924
551081
551163
551165
551386
551661
551786
551999
552095
552124
552334
552611
552639
552727
552763
553095
553104
553324
553409
553501
553801
554005
554093
554275
554277
554368
554534
554843
554859
554902
555103
555108
555186
555312
555418
555451
555618
555673
555859
555881
555884
555924
555930
555951
555979
556159
556350
556353
556412
556421
556469
556543
556669
556701
556755
556846
556919
557287
557351
557364
557407
557606
557617
557768
557885
557940
558036
558120
558143
558189
558592
558749
558966
558986
559061
559176
559379
559500
559552
559609
559618
559847
559953
560420
560893
560902
560941
560993
561013
561013
561154
561165
561188
561349
561350
561432
561536
561623
561695
562307
562371
562589
562615
562723
562743
562772
562899
562943
563250
563325
563641
563735
563735
563831
563841
563852
563936
564064
564085
564327
564840
564908
565096
565107
565169
565266
565310
565541
565565
565757
565772
565777
565797
565941
565953
566130
566273
566411
566571
566622
566662
566894
566922
567194
567434
567575
567584
567642
567716
567816
567869
567878
567910
568496
568503
568672
568697
568876
568951
569034
569049
569124
569254
569266
569299
569502
569679
569866
569888
569915
570050
570204
570308
570310
570322
570445
570557
570604
570634
570686
570844
570850
570917
570926
571184
571218
571369
571437
571571
571583
571645
571685
571712
571726
571781
571886
572087
572145
572222
572297
572335
572425
572468
572712
572803
572919
572973
573058
573089
573130
573295
573321
573409
573512
573568
573693
573850
574563
574674
574677
574686
574833
574993
575012
575139
575653
575728
575965
576046
576058
576124
576264
576292
576324
576567
576632
576901
576950
576972
577136
577157
577258
577364
577495
577698
577772
577803
577805
578185
578459
578523
578640
578854
579250
579254
579346
579417
579424
579587
579620
579678
579848
579897
580080
580132
580161
580193
580743
580853
581043
581064
581399
581399
581586
581654
581666
581878
581953
581993
582126
582184
582193
582261
582649
582756
583043
583172
583504
583588
583623
583827
583987
584077
584108
584420
584539
584608
584628
584710
584878
584992
585020
585074
585074
585178
585477
585792
585842
585842
585879
585906
585933
586121
586173
586349
586366
586409
586487
586512
586515
586521
586587
586740
586775
586806
586899
586950
587039
587313
587440
587557
587701
587797
587904
588303
588471
588493
588599
588634
588739
588902
588928
588966
588970
589051
589091
589099
589286
589295
589434
589549
589657
590066
590165
590177
590201
590294
590319
590418
590443
590589
590886
590922
590949
591088
591091
591133
591229
591686
591777
591950
591992
592157
592199
592306
592417
592619
592705
592769
592775
593188
593312
593980
594033
594155
594173
594522
594765
594817
595057
595151
595400
595406
595604
595644
595661
595686
595836
595942
595946
596050
596056
596216
596279
596288
596352
596631
596640
596706
596714
596750
596763
596883
596903
596963
597160
597386
597409
597449
597567
597729
597773
597826
597828
598152
598273
598294
598373
598416
598546
598578
598664
598736
598738
598845
598884
598891
599113
599306
599745
599866
599973
600008
600012
600105
600122
600124
600130
600183
600314
600434
600579
600743
600747
600989
601103
601117
601268
601486
601620
601710
601889
602166
602204
602227
602280
602472
602717
602780
602853
602916
602957
603018
603098
603159
603268
603424
603433
603499
603625
603823
603846
603895
604058
604523
605004
605271
605535
605543
605545
605564
605864
605964
606038
606142
606165
606283
606326
606428
606482
606500
606558
606636
606654
606724
606730
606758
606792
606841
606895
607373
607541
607802
607917
607954
608010
608272
608332
608475
608488
608586
608630
608636
608731
609257
609323
609358
609593
609618
609826
609840
609887
610133
610329
610344
610509
610563
610613
610648
610659
610669
610719
610876
610882
610901
610928
610949
610997
611172
611201
611208
611240
611342
611433
611452
611518
611664
611680
611689
611695
611794
611834
611855
612083
612117
612270
612630
612646
612696
612788
612905
612989
613086
613109
613111
613165
613171
613173
613273
613291
613306
613378
613436
613627
613750
613808
613879
613973
613990
614002
614063
614130
614147
614153
614190
614339
614385
614530
614661
614723
614772
614799
614833
614960
614992
615219
615330
615354
615551
615795
615933
615997
616048
616049
616061
616261
616363
616456
616462
616521
616591
616765
616884
616897
617021
617385
617405
617445
617516
617611
617622
617638
618001
618194
618227
618356
618430
618490
618591
618682
618736
618821
619165
619612
619652
619666
619765
619781
619852
619915
620029
620287
620350
620418
620535
620535
620583
620587
620663
620784
620935
620943
621058
621107
621408
621500
621617
621707
621720
621852
622051
622070
622211
622298
622336
622398
622431
622530
622561
622652
623048
623057
623238
623262
623499
623817
624211
624293
624343
624359
624492
624509
624669
624763
624777
624789
624998
625089
625228
625501
625567
625660
625685
625876
626057
626185
626222
626247
626416
626484
626703
626744
626801
626818
626969
627011
627030
627048
627151
627188
627260
627283
627421
627479
627663
627829
627849
627977
628037
628146
628168
628245
628438
628467
628613
628632
628810
628970
629034
629118
629213
629224
629374
629403
629481
629532
629538
629726
629772
629807
629810
629828
629853
629908
630060
630071
630094
630282
630601
630610
630614
630629
630697
630713
630873
630902
630993
631207
631217
631241
631378
631405
631497
631538
631588
632102
632232
632502
632577
632726
632793
632847
632978
632999
633029
633065
633114
633127
633364
633365
633484
633523
633598
633938
633994
633998
634148
634275
634550
634556
634602
634619
634689
634703
634931
635031
635042
635378
635547
635621
635681
635858
636056
636100
636141
636250
636368
636406
636567
636719
636805
636863
636877
636898
636915
636940
636952
637235
637560
637585
637716
637718
637744
637771
637832
637848
637917
637932
637963
638011
638125
638389
638394
638449
638604
638651
638695
638729
638753
638801
638897
638936
638990
639161
639351
639375
639477
639755
639783
640104
640482
640752
640820
640824
641130
641197
641262
641356
641471
641483
641549
641626
641775
641997
642034
642114
642256
642273
642412
642596
642673
642686
642868
643173
643302
643345
643446
643544
643632
643710
643720
643736
643808
643980
644301
644465
644703
644852
645000
645013
645183
645225
645266
645304
645796
645883
645929
646098
646203
646302
646308
646327
646429
646523
646675
646693
646822
646847
646853
647484
647598
647663
647699
647811
647822
647833
647887
648009
648049
648057
648152
648254
648284
648449
648577
648602
648646
648670
648719
648832
648855
648975
649049
649183
649268
649400
649452
649700
649745
649824
649841
649955
649990
649998
650022
650063
650124
650199
650313
650449
650550
650581
650680
650765
650854
650865
650922
650948
651017
651080
651155
651226
651325
651326
651536
651575
651718
651818
652099
652276
652290
652668
652712
652857
653049
653134
653209
653329
653352
653412
653460
653517
653519
653565
653590
653742
653847
654082
654187
654312
654344
654448
654640
654643
654795
654869
655017
655031
655234
655251
655296
655385
655457
655484
655663
655738
655785
655941
655944
655970
656134
656275
656317
656348
656408
656599
656675
656675
656925
656977
657085
657087
657290
657313
657349
657350
657363
657403
657416
657673
657780
657848
657907
658317
658592
658724
659169
659245
659246
659291
659302
659316
659318
659323
659451
659640
659664
659842
659850
659871
660205
660238
660258
660265
660409
660435
660463
660467
660496
660566
660609
660661
660707
660914
660971
661003
661160
661306
661422
661446
661482
661727
661778
661854
661889
662142
662225
662242
662299
662346
662360
662540
662586
662635
662731
662761
662883
662947
662949
663080
663234
663275
663410
663473
663489
663686
663823
663824
663874
663904
663953
664122
664323
664738
664917
664930
664949
665205
665218
665305
665403
665421
665491
665508
665542
665578
665679
665691
665910
666113
666172
666395
666437
666664
666668
666724
666816
667100
667104
667115
667176
667436
667487
667616
667653
667708
667765
667768
667879
667908
668049
668187
668223
668363
668373
668522
668718
668768
668795
669070
669093
669281
669351
669404
669441
669601
669733
669752
670118
670234
670349
670358
670502
670514
670700
670703
670865
670973
670999
671025
671115
671126
671158
671169
671244
671252
671322
671331
671434
671443
671457
671475
671526
671549
671658
671680
671835
671863
671883
671934
672208
672285
672479
672513
672588
672904
672938
672952
672967
673213
673279
673494
673554
673633
673749
673872
673892
674086
674208
674244
674397
674432
674576
674778
674794
674811
674839
674882
674941
675021
675080
675296
675346
675425
675619
675740
675885
675941
675979
676182
676212
676266
676509
676514
676646
676849
676978
677050
677341
677392
677612
677628
677959
678011
678246
678323
678387
678419
678621
678744
678791
679160
679232
679255
679499
679570
679720
679758
679792
679939
679940
680516
680528
680706
680711
680722
680729
680811
681025
681145
681184
681238
681391
681702
681747
681800
681984
682066
682153
682188
682270
682391
682393
682423
682626
682691
682788
682906
682932
683012
683072
683103
683104
683277
683311
683464
683593
683646
683698
683848
684066
684190
684211
684321
684435
684523
684552
684592
684740
684756
684758
684818
684833
684919
684920
684975
685009
685017
685038
685066
685125
685155
685210
685325
685359
685411
685559
685564
685611
685653
685873
685879
685895
685931
685961
686089
686097
686099
686154
686280
686302
686506
686645
686657
686675
686731
686873
686916
686940
686970
687084
687100
687133
687421
687547
687598
687614
687877
687891
687932
687935
687944
688120
688142
688144
688153
688158
688182
688275
688288
688385
688528
689000
689329
689398
689442
689518
689607
689734
689935
689989
690012
690199
690323
690362
690382
690751
690821
691186
691310
691366
691390
691399
691444
691640
691661
691937
692012
692077
692091
692095
692102
692163
692316
692385
692727
692891
693024
693095
693195
693220
693261
693267
693489
693564
693615
693667
693978
694021
694040
694125
694229
694249
694361
694458
694466
694599
694689
694846
694860
694919
694995
695110
695150
695213
695306
695378
695392
695393
695394
695413
695543
695678
695830
695855
695895
696033
696066
696081
696166
696167
696297
696409
696515
696573
696852
696953
697074
697156
697339
697345
697424
697440
697597
697598
697716
697867
697952
697952
698026
698118
698136
698172
698223
698223
698333
698350
698767
698962
699090
699225
699244
699339
699495
699531
699537
699592
699709
699716
699843
699846
699983
700320
700375
700408
700803
700826
700828
700955
700975
700995
701257
701267
701291
701410
701749
701830
701830
701869
701902
701940
701961
702107
702615
702684
702815
702959
703038
703300
703592
703599
703636
703983
704106
704175
704286
704330
704366
704500
704507
704673
704811
705213
705254
705334
705469
705493
705725
705741
705881
705951
705961
706024
706183
706313
706316
706623
706639
706643
706799
706839
706942
707049
707233
707272
707330
707577
707708
707759
707786
707918
707919
708072
708134
708168
708401
708466
708674
709078
709103
709438
709458
709917
710078
710115
710176
710178
710213
710222
710257
711142
711269
711362
711795
711845
711954
712104
712110
712152
712254
712294
712321
712663
712672
712853
713015
713062
713321
713438
713604
713692
713919
713938
714139
714155
714176
714286
714290
714314
714317
714353
714452
714534
714622
714722
714733
715037
715288
715393
715434
715473
715718
715945
716040
716141
716308
716345
716572
716763
716831
716888
716916
716960
716984
717098
717099
717124
717178
717216
717362
717390
717414
717420
717473
717594
717614
717787
717911
718020
718327
718448
718504
718651
718862
718877
719009
719055
719057
719141
719201
719242
719480
719628
719701
719809
719821
719856
720115
720199
720264
720343
720353
720377
720571
720640
720685
720811
720831
721065
721119
721279
721438
721484
721677
721759
721774
721803
721920
722243
722283
722288
722449
722669
722681
722737
722872
722912
723076
723708
723728
723752
723798
723825
723930
723988
724110
724207
724421
724494
724712
724747
725012
725160
725196
725242
725272
725277
725359
725395
725415
725566
725915
726069
726071
726099
726140
726231
726522
726751
726796
726970
726975
727000
727009
727197
727301
727524
727538
727568
727645
727658
727665
727683
727712
728115
728353
728546
728600
728896
728921
729003
729039
729052
729080
729148
729227
729245
729254
729334
729521
729634
729753
729799
730265
730362
730397
730472
730495
730593
730782
730888
731150
731179
731249
731422
731514
731767
731891
732152
732163
732198
732204
732225
732421
732424
732456
732567
732707
732722
732978
732980
732999
733137
733177
733266
733351
733360
733469
733822
733868
734028
734044
734047
734074
734130
734188
734244
734486
734559
734705
734764
734775
734800
734892
734941
735204
735455
735604
735755
735930
736136
736211
736267
736334
736411
736495
736572
736628
737093
737112
737267
737365
737473
737561
737564
737572
737597
737655
737818
737861
737890
737940
738000
738212
738229
738439
738479
738521
738980
739055
739156
739165
739174
739180
739296
739655
739834
739979
740035
740045
740055
740339
740438
740544
740673
740698
740765
740823
741159
741837
741883
741894
741971
742271
742290
742592
742645
742761
742785
742786
742849
743013
743073
743118
743394
743463
743531
743543
743581
743614
743626
743689
743888
744048
744230
744263
744459
744478
744595
744654
744873
744877
745332
745375
745416
745458
745577
745620
745677
745953
745979
746041
746041
746073
746078
746169
746229
746292
746320
746378
746381
746396
746490
746602
746621
746698
746725
746741
746862
746976
746996
747033
747079
747146
747178
747432
747794
747978
748169
748192
748224
748365
748414
748491
748497
748505
748759
748770
748800
748813
748902
748932
749149
749272
749287
749382
749408
749411
749796
750096
750119
750264
750374
750478
750508
750618
750628
750689
750936
751058
751089
751126
751179
751342
751363
751378
751445
751627
751749
751781
751789
751913
751913
751964
751968
752122
752142
752155
752288
752336
752360
752424
752592
752660
752722
752772
752784
752786
752824
752904
752915
752927
752998
753251
753321
753386
753388
753487
753551
753692
753869
753999
754019
754021
754185
754202
754282
754284
754296
754554
754627
754676
754682
754843
754999
755294
755314
755533
755865
755889
756010
756082
756164
756356
756544
756579
756632
756699
756707
756756
756761
757021
757387
757443
757450
757522
757595
757875
757936
757998
758161
758281
758443
758467
758480
758685
758762
759172
759279
759292
759370
759551
759573
759591
760039
760068
760137
760188
760217
760231
760252
760294
760299
760320
760404
760593
760659
760796
760811
760861
761004
761066
761070
761082
761119
761391
761450
761607
761716
761726
761968
762040
762051
762108
762166
762169
762238
762340
762608
762719
762801
762866
763165
763208
763274
763417
763430
763457
763468
763841
764279
764330
764338
764398
764637
764642
764816
764844
764863
764914
765004
765009
765020
765087
765196
765213
765233
765497
765538
765608
765687
765962
765973
766009
766076
766106
766239
766273
766326
766418
766574
766591
767234
767552
767560
767872
768004
768111
768269
768352
768373
768493
768597
768789
768800
768915
768965
769008
769061
769097
769145
769454
769623
769691
769709
769712
769796
769820
769979
770063
770185
770259
770349
770758
770799
770933
771251
771339
771368
771521
771572
771605
771673
771687
771705
771789
771891
771958
772016
772057
772180
772196
772348
772391
772448
772515
772549
772560
772570
772661
772739
772747
772822
772830
773096
773313
773401
773773
773910
774102
774124
774168
774256
774261
774713
774732
774767
774959
774964
774973
775117
775280
775319
775355
775398
775510
775512
775650
775740
775765
775769
775812
775829
775966
776199
776297
776328
776399
776436
776505
776544
776684
776690
776947
776992
777029
777103
777389
777554
777578
777591
777596
777685
777736
777882
778014
778039
778089
778166
778247
778249
778272
778413
778431
778503
778653
778748
778913
778928
779036
779040
779179
779345
779442
780161
780225
780281
780313
780356
780464
780554
780594
780641
780660
780712
780827
781322
781458
781580
781661
781713
781953
781981
782013
782077
782101
782248
782272
782296
782372
782457
782626
782893
782905
782973
783005
783040
783266
783340
783462
783500
783526
783544
783560
783720
783814
784070
784177
784288
784313
784352
784425
784645
784661
784682
784909
785038
785231
785403
785505
785522
786079
786096
786124
786133
786181
786187
786712
786721
786759
787001
787094
787103
787119
787128
787156
787189
787214
787312
787501
787723
787853
787912
788033
788050
788110
788164
788229
788488
788665
788703
788708
788716
788793
788875
789114
789265
789333
789619
789664
789669
789817
790195
790243
790425
790508
790528
790863
790969
790977
791043
791055
791150
791156
791181
791194
791207
791532
791786
791850
791921
791995
792098
792104
792128
792212
792327
792347
792498
792616
792639
792759
792928
792990
793000
793163
793203
793231
793310
793444
793687
793702
793938
794162
794295
794323
794340
794374
794438
794545
794689
794732
794753
794926
795060
795210
795377
795516
795710
795956
796065
796066
796126
796264
796340
796371
796406
796425
796682
796918
797125
797134
797153
797199
797207
797534
797820
797823
797841
798087
798180
798258
798296
798341
798395
798450
798521
798714
798717
798740
798751
798759
798884
798937
799080
799100
799122
799211
799559
799613
799645
799718
799821
799885
800121
800276
800425
800564
800714
800837
800858
800895
801176
801181
801197
801243
801343
801383
801411
801422
801442
801591
801720
801750
801781
801807
801855
802061
802105
802134
802233
802493
802560
802899
803110
803325
804031
804078
804165
804320
804351
804368
804387
804432
804500
804723
805035
805054
805386
805401
805413
805532
805618
806028
806183
806196
806792
807024
807117
807562
807717
807718
807786
808060
808194
808200
808209
808328
808350
808576
808772
808987
809046
809136
809258
809615
809634
810001
810012
810099
810373
810432
810785
811213
811225
811343
811406
811435
811522
811528
811578
811732
811811
811993
811995
812040
812054
812209
812399
812583
812877
813335
813372
813451
813490
813504
813562
813670
813782
813962
814044
814154
814198
814494
814629
814636
814663
814802
814842
814858
814932
814970
815414
815733
815849
815903
815914
815919
816054
816131
816153
816312
816354
816387
816478
816770
816804
816879
816991
817068
817110
817141
817252
817310
817403
817522
817770
817908
817963
818030
818067
818181
818511
818594
818648
818843
818913
818925
818985
819065
819097
819205
819338
819433
819487
819494
819556
819694
819864
819953
820031
820157
820195
820225
820274
820320
820372
820484
820505
820542
820554
820569
820570
820694
820857
820912
820959
820976
821046
821067
821424
821433
821453
821473
821605
821624
821648
821838
821853
821859
821866
822001
822241
822426
822469
822646
823192
823236
823302
823315
823408
823499
823510
823601
823623
823661
823718
823777
823902
823923
824023
824040
824048
824169
824209
824562
824696
824742
824766
824965
825304
825383
825412
825644
825954
825988
826040
826227
826262
826358
826457
826469
826503
826624
826696
826738
826889
826913
826947
826965
827158
827226
827240
827361
827427
827492
827514
827576
827618
827670
828024
828029
828068
828135
828290
828373
828406
828421
828457
828480
828488
828585
828586
828689
828870
828900
829030
829038
829054
829235
829265
829318
829516
829813
829883
830053
830096
830179
830191
830196
830277
830348
830489
830536
830574
830574
830681
830696
830906
831016
831022
831080
831098
831180
831235
831430
831659
831675
831703
831747
831828
831853
831925
832026
832176
832188
832228
832332
832596
832606
832748
832770
833131
833151
833326
833407
833525
833651
833724
833899
834085
834193
834391
834485
834627
834855
835300
835355
835412
835471
835480
835490
835602
835650
835704
835904
835922
835966
835981
836051
836071
836099
836236
836249
836256
836477
836761
836889
836901
836925
836995
837004
837016
837032
837058
837229
837247
837327
837486
837522
837547
837585
837679
837688
837758
837785
837953
838036
838160
838249
838338
838339
838715
838870
838871
838995
839573
839707
839753
839798
839823
839837
839929
840068
840236
840286
840289
840433
840441
840535
840638
840705
840733
840928
841006
841045
841179
841247
841350
841387
841486
841675
841804
842174
842196
842308
842382
842404
842451
842505
842596
842632
842648
842688
842909
842912
842956
843111
843467
843716
843785
843889
843953
844078
844157
844306
844309
844346
844481
844535
844592
844612
844618
844639
844901
845032
845092
845276
845508
845523
845554
845594
845603
845637
845651
845681
845829
845884
845989
846054
846117
846244
846252
846257
846330
846424
846517
846551
847064
847275
847378
847420
847452
847456
847532
847551
847568
847591
847709
847731
848420
848436
848449
848499
848552
848658
848745
848906
849052
849062
849088
849126
849437
849536
849608
849722
849764
849769
849790
850002
850036
850278
850400
850439
850478
850491
850550
850643
850880
850901
850908
850983
851149
851398
851632
851911
852036
852162
852464
852468
852733
852917
852992
852999
853010
853028
853081
853088
853220
853401
853442
853446
853495
853586
853774
853801
853808
853830
853841
853953
854046
854561
854589
854611
854801
854961
854984
855066
855067
855117
855133
855155
855175
855230
855359
855553
855585
855646
855718
855752
855863
855916
856446
856461
856542
856575
856698
856725
856799
856892
856964
856982
857239
857249
857335
857385
857551
857604
857659
857668
857924
857961
857964
858007
858088
858105
858154
858592
858628
858740
859123
859151
859179
859216
859288
859309
859433
859490
859631
859680
860130
860136
860193
860285
860290
860315
860463
860552
860594
860638
860712
860927
861052
861184
861267
861438
861487
861494
861556
861715
861817
861820
861836
861893
861949
861958
862054
862123
862144
862193
862385
862439
862468
862508
862527
862618
862718
862732
862829
862849
862951
862978
863046
863221
863246
864196
864283
864401
864524
864719
864842
865134
865248
865255
865447
865691
865697
865973
865992
866030
866087
866164
866201
866215
866429
866631
866938
867013
867044
867137
867371
867697
868000
868031
868105
868169
868205
868302
868446
868560
868613
869014
869073
869252
869252
869300
869422
869565
869596
869600
869620
869897
869927
870096
870123
870129
870142
870162
870180
870289
870417
870445
870520
870562
870621
870727
870755
870825
870898
870953
870968
871048
871070
871218
871228
871248
871251
871256
871334
871349
871381
871478
871593
871609
871649
871677
871677
871726
871785
872089
872398
872464
872533
872552
872697
872829
872862
872872
873068
873438
873519
873632
873694
873818
873843
873854
874003
874020
874038
874419
874459
874512
874544
874575
874614
874656
874723
874915
875029
875077
875250
875250
875353
875557
875558
875577
875677
875932
875959
875965
875967
876043
876131
876291
876367
876516
876551
876686
876699
876766
876965
876969
876973
877305
877429
877487
877708
877739
877753
877848
877940
877950
878162
878450
878493
878565
878713
878927
879063
879109
879115
879123
879404
879452
879467
879621
879772
880021
880125
880162
880185
880222
880432
880486
880582
880860
881016
881219
881589
881618
881770
881903
882242
882276
882625
882720
882812
882815
882822
882838
883007
883105
883260
883274
883334
883560
883653
883688
884301
884348
884571
884830
884955
884975
885123
885266
885293
885463
885466
885559
885588
885806
885876
885880
885893
885954
886115
886304
886353
886383
886537
886585
886888
886888
886921
887174
887192
887310
887503
887531
887608
887653
887664
887805
887968
888022
888042
888081
888131
888302
888419
888509
888588
888605
888629
888680
888813
888955
889067
889138
889264
889535
889592
889688
889798
889826
889841
889855
889898
889987
890014
890027
890263
890383
890403
890751
890799
890906
890942
890943
890970
890988
891001
891015
891017
891170
891174
891250
891300
891693
891730
891832
891908
891933
891945
892117
892125
892127
892145
892229
892265
892403
892408
892485
892572
892707
892748
892786
892839
893072
893273
893543
893617
893673
893881
893995
894021
894024
894187
894194
894223
894363
894467
894504
894706
894794
894910
894926
895255
895357
895403
895422
895536
895557
895597
895614
895653
895655
895728
895788
895800
895980
896090
896369
896408
896484
896542
896569
896609
896744
896775
896944
896953
897033
897081
897260
897390
897397
897593
897595
897736
897797
897854
898096
898224
898493
898539
898573
898586
898588
898800
898949
898981
899035
899047
899159
899374
899414
899462
899578
899663
899724
899727
899907
900006
900151
900245
900357
900361
900466
900522
900645
900727
900845
900845
900886
900910
900914
900994
901011
901068
901420
901485
901629
901774
901876
901884
901991
901996
902017
902112
902254
902272
902330
902386
902433
902527
902777
903079
903216
903277
903363
903444
903556
903586
903605
904102
904297
904363
904377
904487
904532
904691
904991
905003
905130
905304
905325
905416
905455
905608
905894
905971
906056
906141
906248
906282
906346
906418
906675
906739
906809
907003
907085
907109
907443
907449
907470
907536
907546
907662
907810
907882
907916
907965
908022
908101
908172
908192
908195
908270
908470
908785
908966
909174
909243
909501
909631
909699
909721
909738
909916
910170
910175
910208
910233
910263
910281
910437
910550
910582
910693
910781
910856
910931
911008
911143
911218
911306
911500
911587
911611
911646
911742
911887
912139
912315
912555
912584
912690
912715
912789
912870
912910
913206
913220
913288
913378
913420
913601
913673
913729
913825
913867
913879
914189
914350
914361
914419
914498
914531
914570
914577
914650
914720
914924
914967
915047
915230
915243
915331
915408
915436
915522
915552
915557
915571
915735
915739
915807
915845
915967
915974
916000
916200
916253
916270
916373
916383
916388
916389
916526
916578
916602
916616
916620
916655
916791
916818
916879
916954
917250
917257
917353
917394
917533
917616
917670
917685
917753
917760
917936
918042
918093
918132
918430
918434
918507
918664
918900
919062
919177
919393
919513
919558
919561
919598
919784
919898
919960
919984
920036
920164
920238
920266
920289
920551
920556
920677
920690
920777
920899
920986
921049
921295
921308
921335
921405
921416
921457
921504
921518
921527
921529
921595
921697
921769
922018
922416
922425
922526
922571
922951
922963
923117
923126
923181
923256
923642
923758
923821
924342
924351
924402
924413
924455
924553
924737
924889
924894
925084
925091
925096
925182
925222
925286
925308
925478
925645
925719
926009
926019
926023
926078
926498
926524
926696
926701
926715
926762
927214
927235
927628
927743
928028
928092
928120
928208
928230
928247
928356
928498
929407
929432
929475
929616
929797
929979
930041
930099
930634
930819
931113
931170
931361
931424
931705
931794
931861
931937
931939
931969
932045
932098
932256
932419
932580
932601
932608
932714
932742
932847
932903
932918
933004
933089
933100
933154
933186
933300
933307
933771
933841
933868
933914
934291
934356
934408
934590
934899
934908
934922
934988
935005
935044
935123
935167
935169
935185
935710
935714
935849
935941
935953
935999
936000
936180
936241
936445
936452
936458
936497
936500
936519
936729
936764
936820
936991
937071
937150
937195
937197
937331
937467
937682
937757
937842
937921
937961
938357
938371
938487
938782
938829
939274
939337
939459
939479
939572
939595
939617
939628
939664
939728
939873
939930
939952
939987
940153
940178
940252
940281
940447
940508
940519
940652
940653
940684
940756
940809
940908
941088
941176
941224
941252
941302
942019
942066
942298
942344
942351
942550
942574
942603
942678
942828
942881
942914
943102
943129
943138
943214
943354
943388
943494
943510
943512
943669
943678
943792
943814
944214
944332
944486
944670
944678
944722
944808
944850
945171
945173
945345
945386
945486
945531
945648
945756
945764
945910
945927
945950
946025
946066
946097
946376
946416
946452
946658
946728
946733
946802
946808
946906
947079
947107
947205
947376
947414
947427
947486
947588
947589
947628
947746
947748
947894
948124
948318
948342
948476
948577
948594
948702
948853
949242
949335
949409
949613
949635
949661
949688
949726
949775
949841
949938
949975
950065
950336
950420
950558
950685
950760
950846
950923
950981
950999
951085
951391
951394
951433
951477
951854
952126
952156
952693
953226
953348
953366
953402
953447
953546
953652
953700
953793
953867
953985
954123
954142
954266
954345
954527
954642
954650
954884
954983
955004
955012
955041
955144
955183
955315
955322
955350
955384
955390
955610
955807
955829
955850
955980
956117
956409
956417
956442
956467
956611
956638
956671
956790
956838
956858
956988
957246
957478
957503
957604
957672
957721
957723
957919
957969
958284
958365
958541
958633
958646
958791
958926
959064
959092
959164
959517
959680
959700
959766
960053
960089
960176
960274
960490
960578
960643
960659
960749
960850
960949
961034
961061
961061
961187
961381
961574
962018
962115
962218
962306
962380
962387
962552
962572
962573
962890
962923
962932
962996
963022
963073
963141
963221
963257
963478
963533
963679
963705
963751
963909
964047
964061
964082
964139
964151
964486
964611
964992
965057
965133
965188
965207
965237
965557
965640
965702
965875
966010
966220
966373
966509
966651
966675
966695
966734
966990
967091
967150
967216
967244
967470
967550
967653
967777
968246
968532
968581
968610
968647
968701
968889
968996
969029
969160
969330
969343
969487
969584
969663
969666
970000
970066
970087
970362
970650
970795
971538
971708
971786
972423
972432
972450
972494
972827
972830
972880
972991
973097
973202
973274
973301
973455
973467
973481
973615
973621
973650
973676
973767
973906
973998
974023
974053
974057
974210
974216
974220
974298
974394
974535
974542
974574
974840
974915
975010
975043
975052
975117
975300
975366
975376
975403
975669
975706
975832
975876
975884
975927
976168
976207
976213
976259
976294
976357
976552
976555
976589
976614
976872
976946
977081
977100
977142
977311
977391
977715
977889
978020
978192
978355
978498
978696
978921
979001
979020
979092
979110
979133
979156
979341
979412
979458
979540
979574
980178
980252
980440
980483
980551
980568
980817
980856
981059
981235
981445
981503
981519
981547
981581
981633
981826
982120
982193
982200
982272
982500
982581
982645
982653
982675
982730
982776
982903
982921
982966
983194
983296
983441
983545
983554
983702
983780
984017
984144
984187
984202
984249
984293
984389
984459
984470
984691
984864
984936
985132
985249
985309
985484
985527
985577
985617
985728
985895
985959
985967
986082
986366
986437
986437
986525
986637
986782
986825
986842
986960
987057
987119
987381
987385
987385
987575
987832
987916
988133
988201
988238
988240
988339
988357
988388
988504
988531
988551
988557
988642
988726
988873
988882
988882
988929
989078
989096
989126
989141
989201
989227
989253
989507
989552
990087
990206
990216
990340
990379
990790
990796
990891
990927
990998
991064
991206
991232
991280
991323
991509
991633
991760
991807
991838
991849
991872
991883
992019
992343
992357
992373
992381
992555
992611
992649
992778
992935
993048
993119
993249
993403
993486
993501
993557
993905
993940
994115
994138
994413
994424
994435
994519
994657
994698
994840
994875
995012
995024
995105
995250
995365
995409
995537
995743
995779
996002
996124
996271
996325
996436
996663
996697
996700
996716
996740
996895
996965
997118
997181
997275
997281
997381
997408
997454
997490
997606
997609
997936
997949
997982
998029
998075
998088
998146
998273
998368
998370
998414
998435
998447
998483
998639
998850
998996
999042
999078
999090
999090
999222
999279
999365
999411
999548
999558
999670
999673
999765
999823
999911
999994
