1000
2566
3665
4323
4406
4855
6138
7077
7154
7496
8564
8861
10624
11438
12082
12614
12691
13085
13823
14639
15615
15707
18430
18468
18822
18890
19227
19312
20330
20789
21137
21291
24707
26435
26910
27546
29468
30019
31379
32871
32926
33913
34092
34301
34791
35331
36655
36978
37844
38476
39315
39544
40019
40961
41546
41681
44225
44403
44972
45374
46875
48430
50928
51817
52082
52749
53906
54053
54357
54877
58880
59594
61614
63069
63419
63494
67395
68392
69257
69604
70014
70425
70723
71022
71692
73010
73296
75704
75778
77160
78975
79553
79709
82943
83708
84013
84189
85251
87009
87072
87952
89318
89939
91953
92943
93173
96868
97538
97541
101934
105031
105298
106877
107049
107506
108069
108279
108878
109150
109637
110319
110435
110803
111169
111368
112298
112414
116091
116330
116538
117380
118174
118259
118887
118928
122320
125194
127041
127277
127726
131355
131563
133229
133525
133859
134134
135107
135217
135670
136922
137695
141300
142101
142403
144088
144531
149374
149415
151553
151891
152220
155216
157075
158774
159627
162157
163798
165722
166920
167729
169138
169340
170219
171062
171087
171230
172475
172741
173272
173308
174610
174835
175927
177444
179385
179552
180016
184081
185281
188100
191354
192234
192478
193108
194857
195899
195988
196064
197772
201047
203764
205409
206712
206919
207886
208137
208553
208867
209062
209172
209621
211591
212158
212780
214613
214810
216332
216709
217107
218203
218733
219074
219411
221115
224053
225547
225621
227075
227412
227561
229969
229973
231273
231764
232751
232915
237614
237712
238389
241489
242205
243580
244217
246325
246914
246944
248684
249862
249899
249945
250398
250538
253161
253210
255654
256215
256365
259715
260089
261438
261767
262715
264604
265676
266474
267102
267305
267351
269311
270531
270919
271600
272284
273230
277048
277901
278032
279351
280567
281592
282484
283318
283556
283918
286181
287115
287547
288315
288697
290029
291743
292525
295798
297657
298756
299746
299763
300045
300724
301974
302042
303700
306575
306677
307627
308243
308430
310653
311266
311543
311677
312008
313143
313580
314183
314334
314499
315903
316348
316431
316781
318539
319093
320657
320791
320851
322093
324745
325332
325960
326165
326422
328967
329324
329765
331099
332453
334686
335855
336150
336819
337093
337341
338216
338786
339277
340014
340557
341601
342147
343281
344129
345355
345608
345656
345666
346049
346972
347339
347970
348828
350392
351248
352175
352724
354248
354671
360406
360854
362321
362912
363658
366388
366731
368349
368745
372016
373041
373667
374196
376213
378108
378275
378881
378920
380583
382087
382357
382484
382649
384057
385200
387580
387960
388420
388802
389525
389914
389963
390505
391118
392629
393500
395112
396193
397980
400338
401790
402089
403335
403458
403520
403723
403807
405733
405771
407740
408491
408743
409398
410603
411274
412365
412985
414585
415461
415555
415689
416288
418456
421850
422461
422959
424309
425056
425661
426399
427573
428790
428804
429110
429259
430795
431853
432816
432921
433045
433133
433295
433943
435027
435921
437183
438520
438841
439812
440375
441571
442327
442335
443301
445717
445863
446729
447863
449592
449643
450149
450430
450540
451944
453588
453791
454920
456011
458944
459013
460050
460379
460563
461391
461753
462453
463592
463830
464109
464224
467098
467450
467590
467966
468105
468141
468977
470676
474453
477861
478458
479371
480293
480748
485035
485137
486981
490539
492497
493632
494245
494462
495212
496652
497606
498117
498335
498505
498871
499103
501275
501403
501664
503646
505053
508849
510098
511666
513770
514476
515656
516531
516771
517234
518902
520467
521424
522457
522754
523581
526471
527089
527286
528447
532022
533628
533932
534008
534833
535117
535364
536383
536934
539924
540840
543668
544063
544299
544448
545025
547721
547986
549066
550661
552392
556671
556831
557498
557596
558320
559185
560861
561965
564034
564729
565979
567791
567887
567918
568250
568658
569296
571796
572289
572971
573476
575944
575983
576654
577016
578500
578574
579626
580071
581086
581743
582014
583616
583943
585790
587362
588621
589598
589848
591354
592745
592840
594176
594963
595245
595287
597273
598083
599650
600620
601429
601565
601822
603342
605243
607427
607503
609086
610331
614011
615191
615344
615904
616093
616476
617079
617629
617965
618249
623142
623203
623299
624146
624524
626896
627017
627189
629117
631526
632891
633013
633496
635384
636286
637991
638068
639920
640213
641097
641136
643227
643619
643752
644320
644770
646899
647444
648162
649627
649975
650051
650798
652228
652288
655349
655661
656235
656400
660802
662255
662422
663249
663694
664539
667251
667485
668118
670422
674231
677873
678062
678139
679166
681003
681082
682431
683894
684798
685451
686067
687986
689447
689598
690273
691484
691861
692154
692216
693516
694202
694739
694893
695381
696337
696802
696974
697358
697779
698769
699683
701701
702647
702824
703481
704250
704388
704709
704773
706099
707485
708240
709251
712653
713826
714637
715013
715498
715830
718947
722119
722361
728107
728312
730316
731658
732343
734986
738417
738557
739758
742553
742803
743805
743908
744022
745019
746244
746297
746627
747378
749700
750346
750378
751596
753507
753823
754607
755616
756294
756681
756958
757559
757890
758605
758640
759566
762043
762162
762466
763494
764634
765732
765751
767327
768144
768713
771440
775135
776292
776323
777180
777767
778114
780422
781286
781681
783544
784087
786598
786924
787785
788736
789427
789672
790509
792238
792245
793052
793225
794045
794464
795355
795754
797882
799565
799710
801389
803386
805493
806367
806945
807413
808022
808226
808494
810254
811829
812010
813143
813512
813696
813838
814663
815047
816666
817305
818355
818886
818918
819985
821593
823907
824367
824721
826712
827639
828191
829705
830740
831066
832907
833150
833376
834138
838058
838265
839193
840768
841986
843124
844684
846681
849064
849378
849468
849576
849853
850832
852156
852385
852862
852960
853844
855551
856081
856239
856402
858134
860433
861002
862376
863175
863636
864328
865060
865833
866067
866415
866840
868929
871590
871777
872766
874927
878140
879356
879357
879697
880770
884291
884400
885957
887202
887576
889359
889610
889611
890653
890876
893466
893915
894593
895182
897303
897490
898469
899791
905057
909447
911436
911449
911761
912651
912879
915548
916546
917509
920215
920431
921957
925052
926694
927936
929136
929309
930070
930155
933258
934598
934926
935355
936191
936766
936839
937071
937084
938537
939886
940193
940731
941990
942670
943749
945623
945929
946708
947251
948228
948573
949351
949824
949995
950335
950602
953414
953882
954711
956428
956519
957773
961623
963217
964001
964163
964316
966810
968116
968909
970641
972298
972828
974355
976349
977401
977454
978898
980997
981315
982339
983563
983896
984722
985715
986491
988821
988934
989481
991811
992500
992936
993260
993309
995390
995677
996980
997841
998296
998818
999441
