1000
258
349
892
1716
2234
3682
5636
6131
6531
6772
6983
7364
8952
9005
9472
9974
10866
10917
11816
15361
16457
16589
18983
19924
20588
20917
21037
21571
22488
23152
23284
25026
25546
26417
29267
30188
31053
32854
33705
33833
34080
36241
37438
39002
39256
41426
41493
41502
41757
42288
43569
45374
46875
47906
48283
51169
53417
53658
54704
58390
58677
59476
61666
65252
66646
67045
67122
67262
68504
69695
70260
70306
70574
70933
72054
72097
72979
72984
73026
75261
77133
77676
77992
78008
78830
78927
79297
79655
80585
80591
80892
81980
83435
84355
88705
91373
92058
92303
96432
96526
97297
98771
99342
99771
105911
106760
107354
108813
109002
110521
112350
112549
112738
113191
114581
114915
115849
117955
119441
120814
120917
122713
123304
124186
125582
126835
126998
128306
128880
131058
133758
135565
135713
135714
138002
138688
138793
139851
143808
144137
144167
144228
145897
146182
147911
148348
148737
148783
148820
149250
150656
150758
151883
152068
153105
153577
154663
157595
158190
158862
160516
160738
162560
163689
167899
169034
169209
169364
170293
171121
171569
172021
172530
178843
179276
181100
184469
185824
186391
190699
190735
191951
193331
193337
193374
194309
195640
195706
195895
196489
198667
200322
200348
201290
205952
206223
207149
208385
209422
210902
211216
212574
212878
213411
213485
213838
213962
216707
218166
218195
218958
221190
221339
221520
222017
222350
223039
223465
227774
228609
228933
229084
229231
229312
229381
229599
229829
230879
231013
231329
231433
231929
232289
233662
234405
234447
234553
234672
235035
235152
235658
236066
236623
237449
237614
239030
239716
239997
242804
244521
244780
249003
251968
254762
256417
256500
258024
258056
260438
260565
260614
260873
261481
261952
266018
270278
271150
271334
272320
272335
272468
272477
273717
274807
278688
278798
278825
278832
279052
279466
281089
281280
281464
282437
282646
282701
284843
286098
286224
287412
287841
288262
289049
289415
290617
291749
296110
296352
296618
296680
296832
297630
299639
299667
299675
300219
301092
303910
304064
304192
306879
308005
309218
311299
311942
312348
312439
312764
315986
316302
317717
318156
318226
318280
320422
321369
324608
325527
325894
326242
326809
326829
327547
327729
328300
328619
329047
332466
333775
334251
335126
335270
336892
336991
337522
339948
340442
342966
343097
343497
344766
347276
347688
348273
350158
350225
353277
353731
354418
355132
355860
355871
360124
360912
361188
363306
364168
364747
365851
366041
366776
367667
368989
369169
370017
371068
372736
373141
373525
373897
373930
374228
380379
380460
380487
380585
380930
382297
382679
384530
384680
390897
391061
391957
392487
394348
399897
401321
402620
402922
403462
404058
406157
406865
406871
406971
407192
408432
408482
409955
412550
413382
414401
414415
416007
416104
416442
417745
417924
418018
419954
420435
421136
421684
421838
421999
424795
426686
428348
428894
431745
432051
433484
433874
434410
435508
436386
436970
437134
437825
442344
442405
442542
443044
443201
443294
443556
444425
444650
444976
449416
450734
450999
451338
453147
453315
456486
456586
456844
457524
459279
462556
462670
463160
464043
464191
464768
468943
469108
470054
470930
472270
472925
474059
477474
479805
480127
480913
481603
482339
483482
483783
484865
485686
485974
486277
487980
488213
488611
488986
489566
490802
492072
492633
493160
493365
494886
495154
495505
497246
497274
497943
498455
499212
499304
502901
503328
505071
506690
506739
506983
507674
509843
510142
510193
513926
514225
514348
515054
515060
515948
516017
516149
517186
517495
518348
519168
519384
520424
520933
521336
521366
529720
530787
530966
533488
533880
534054
534132
534960
535627
538003
538336
539801
540774
541505
542304
542411
542905
543504
546127
546284
546337
547033
548066
548821
550032
550788
551549
554724
556463
557687
561062
561327
561577
562026
564723
564908
565265
565509
565563
565990
566636
566781
567140
567647
568955
569129
569379
569762
573665
575956
576687
578135
579127
580684
582486
582499
583226
585083
589268
589450
590826
591824
592226
594693
597248
597743
597975
599291
600472
600625
601939
603464
604285
606362
606534
606647
607357
607494
608070
608172
609926
610354
610524
611675
611958
612429
613015
613203
613919
614151
616600
616859
618537
618619
620391
622329
623462
626798
628925
630398
630791
630922
636039
636207
636608
636965
638389
638735
638801
641151
641485
641754
641952
642971
645579
645778
646678
647740
648554
649513
650812
651066
651345
653879
653895
655440
655995
657912
658646
659543
660617
661845
662472
663591
663904
664505
668059
668328
669837
670663
670698
671438
671925
672320
672356
672744
673074
673079
673234
673305
674373
676420
676448
680189
681013
681492
681867
683416
683598
683686
685866
688175
688784
690637
690998
691653
691829
693760
695338
696211
696874
697029
697304
698693
699495
700343
700549
701320
702565
704505
705049
707106
709059
710213
710821
713199
714377
714394
714513
714847
714968
715061
715121
715438
717026
717266
717431
717561
719056
719213
719271
720723
724544
724633
726035
726741
728003
729091
729673
730184
731041
731487
731803
732507
732922
733827
734013
735046
735675
735944
736604
738254
738784
739222
739988
741468
741474
745745
749631
751874
753764
754075
754507
759003
759046
761089
762264
763120
764231
765896
767942
768439
768542
769522
770729
771933
772029
772454
773809
774970
776616
776975
777690
778758
778924
780473
782056
782289
783097
783297
783855
783898
788345
792077
795052
795310
795562
796783
799726
802444
802731
802732
805315
806505
806552
807594
808866
808997
809306
809502
809890
810172
813107
816065
816109
816420
816601
818970
820104
821359
821957
823697
824833
825600
826777
827681
829194
829488
829863
831010
831909
833410
834342
835214
836212
836786
837027
837290
837438
837612
840276
841557
842185
843334
844749
848585
848956
850601
851898
852864
852929
854690
860142
862383
863131
864373
866171
866374
866914
866917
869220
869480
870371
873055
873783
874099
874272
876004
877646
878840
881399
881483
881745
886783
887305
888330
889439
890459
890493
891262
892062
892289
893231
895634
896570
899870
899970
901353
902346
902841
903243
903721
903868
905032
906531
906918
907273
907680
907877
908914
909823
911481
911954
912691
915327
916660
919271
919442
919700
920451
924073
924214
924904
926292
926351
928075
928368
928765
928941
930298
930354
933620
933779
936549
937246
937839
939270
939481
939506
939847
940920
941057
942238
942798
943596
943691
944138
946204
948407
949351
949920
951504
951838
951868
953051
953320
953636
955169
955516
959682
960217
960824
961550
962651
964120
966096
966642
967095
967150
967637
967882
969056
969392
970155
971291
972065
972527
972845
973447
973674
973839
974706
975129
975427
977321
978439
978505
980833
984405
986949
987893
988574
989068
991288
991691
992830
993717
993799
993974
994938
995027
995192
995223
996546
996869
996879
997178
997218
