100
985596
974237
944103
928156
924165
918527
918018
903594
894729
889219
886580
881242
878234
875662
874794
867210
850603
849973
848579
840824
837535
830969
829745
811297
809676
804454
796568
756596
742033
722043
719210
716034
711742
678000
676549
669195
668303
663409
654558
643275
641393
637943
615514
611437
603277
598097
568260
561450
557499
553817
537616
531124
529166
495311
476100
466711
447950
442951
437790
428663
426873
423629
412042
406428
398628
397930
396783
394500
378520
372770
372551
371269
328239
314999
314343
307224
304153
302292
299929
276019
263244
247360
194995
179281
171910
162118
153755
144291
122573
121564
115552
111998
75931
67776
50464
46749
40428
27613
22374
290
