1000
999678
997726
997530
994499
993805
992219
990146
988978
987502
986495
983297
982514
981658
981507
981424
980883
978685
978553
978411
975914
974955
973153
972977
969070
968282
967892
963198
963040
961937
961640
960300
959580
958234
957210
956915
956007
955394
955352
953820
952807
951336
951334
951221
951143
950973
950506
950277
949365
949346
945816
945558
945449
943869
943234
941750
941423
941101
939868
939531
938149
937901
936564
936487
936418
935022
934890
934803
933733
933577
932739
927471
925157
923917
922985
921063
919623
918927
918704
918423
917961
915957
913840
913242
913118
910831
910374
910105
909887
909011
906165
905832
905399
905332
904383
901538
901369
901071
900561
899864
899767
899623
898935
898811
898342
898311
898146
897247
896413
896251
894969
894777
893942
893782
893699
893080
892970
892969
892274
891241
890759
890021
889430
889419
888011
887604
886529
883602
882393
880726
877767
877423
876772
875901
875125
870301
869778
869250
868733
866867
865537
865368
863258
862953
862202
860519
860438
859487
859123
859009
857844
857596
857290
856971
856663
856482
855203
854459
853242
852712
852505
852194
851927
851428
851121
850288
849442
849158
848537
847879
846180
844857
842885
841421
839682
839220
838840
838592
835443
835379
834081
833199
832488
832435
831280
830411
830062
829322
828244
827925
825654
825542
824825
824822
824283
822954
820628
819050
819012
817119
816835
815674
814777
813531
808406
805363
803699
803496
802110
799479
799193
798933
797718
795382
795207
795065
793662
792942
791408
790265
790176
789692
789264
788671
786716
785660
784134
783848
783388
779380
779257
778803
778745
778372
777093
776399
775793
775537
772951
772641
771999
770148
768904
766981
766422
766096
766085
765494
765391
765271
764667
762110
761288
760552
760316
757662
756216
755703
752441
748482
746370
745907
745485
744931
743092
738422
737316
736356
735407
735106
734166
730523
730269
729833
728633
728517
725553
725545
724122
723732
721787
720450
719781
719587
717578
717143
716450
716081
715796
712744
712453
710609
710379
710277
709717
709683
707861
705350
703799
703231
702122
701571
700973
699785
698879
698347
696024
695555
694267
691929
691524
690992
689165
687565
687297
683228
682335
681350
681155
680207
679264
678207
677913
675753
675579
674865
674569
672260
671032
670891
669465
668257
668239
667326
665560
664639
663748
662962
662634
661321
660744
660129
657804
657643
656642
656532
655526
655000
654283
651384
651058
644420
643799
643311
643043
642861
642000
641431
640132
638995
636262
636126
635522
632382
631415
630414
627668
626921
625416
622993
620787
618649
618141
617652
617642
615938
614757
612741
611508
610239
609662
607994
607754
606527
605156
605060
604401
603526
602790
599609
598261
597564
597304
597070
595951
595383
594955
594493
593310
592587
592397
591674
591559
591020
590739
590326
590323
589955
589035
587744
587642
587063
586378
586008
585995
581000
580576
580197
577853
576568
575724
575147
574675
571948
571701
571589
570612
570448
569664
568771
568164
567594
564168
562505
558700
557997
557581
556759
555012
554608
554538
552255
551732
549482
549001
546205
543551
537114
537077
536461
536344
535997
535731
535303
532850
532409
532187
530535
529115
528849
526498
526398
525815
525645
525619
525615
524504
522828
522312
521569
520944
519902
517042
514619
514569
514057
513971
513357
511982
511879
511770
510350
509437
508409
508406
506791
506616
502010
501816
501719
499235
498432
497522
497499
496972
495208
492999
492105
491812
491339
490624
489832
488855
488207
488141
487715
487434
486757
484786
483988
483503
480637
478674
477042
475186
475114
472236
471737
470857
469275
468322
467470
467346
466711
464938
464128
463223
461600
461295
460621
460189
459964
459768
459483
458023
456485
456285
455929
451926
451839
451708
450428
448612
447519
446684
444167
443931
443051
442194
441872
440030
438633
436958
435206
434870
432456
432282
430574
430006
427783
427091
423161
419815
419205
414885
414311
414260
411267
410844
405443
404427
404324
404246
403269
402657
400672
398912
398788
396731
396679
396264
395953
394839
394484
393711
393287
391586
391242
388826
388487
388041
386882
385783
385735
384762
384691
384658
383965
383925
383684
382899
382242
381869
380197
380182
379151
377759
376941
375073
374589
371696
371543
371509
368572
368384
365490
363614
358292
358043
357536
357192
356847
355156
355139
354363
354323
353449
353427
352812
351536
351153
350827
349779
349213
349090
347653
347232
343376
341087
340708
339672
339498
338422
337856
336005
335434
334108
331515
331501
330710
330651
329799
327273
326133
325957
324894
322449
321743
321229
320972
316813
315500
314433
314300
312339
308947
308639
308151
307360
307316
306979
306337
305701
304579
303827
303616
303409
302841
302659
301621
301346
300568
299257
295919
295477
295203
293193
293055
291385
291345
290537
288227
285790
284064
284037
282905
282780
281075
278962
278727
277880
277860
277564
275794
273557
271436
270455
269557
269367
268923
268132
267649
267538
266557
266250
265193
262880
262489
261639
261423
261224
260274
259986
259024
258515
257890
257768
257073
256507
256490
254460
253943
253022
252043
251503
248986
247790
246786
246782
246740
245636
245323
243630
243231
242144
242094
241706
240650
240624
239558
234951
234775
233842
233649
233512
232791
232475
231593
231231
230139
228991
228166
227677
222895
221783
221725
221261
220029
219842
217513
217268
217244
216598
214478
214314
213615
211889
211101
210876
210566
210015
209656
209393
209268
208951
208866
208304
207935
207204
206491
206469
203457
203372
202959
201705
200999
200979
200438
200252
198258
198201
197200
195704
194757
194554
194095
191233
190263
190080
189667
188719
188508
188449
183567
182777
180228
180089
180031
178429
175355
175035
174949
173278
170127
168941
168714
166744
164954
164484
163875
162798
162720
160072
159931
158853
158765
158721
157466
157412
156237
154309
152033
150897
149909
149040
146846
145925
144319
142575
142322
141868
141136
140857
140655
139821
139649
139271
139027
138920
138914
138701
137228
136739
135633
134419
133870
133325
133211
131769
131660
131386
131366
130533
130360
129065
128172
127113
126349
126241
123426
122210
121590
121207
120817
119638
118858
118809
117588
117500
116320
114688
113016
111657
110372
108742
108299
106853
106153
104273
103801
102732
102477
101974
101236
101118
99310
97907
95334
95070
93169
93166
92876
91853
86221
84111
81616
81475
79927
79802
79373
79243
78149
77327
73393
70337
69415
67881
67578
65819
65459
64993
63845
62776
61201
60380
59545
58312
58307
56576
55165
53483
51833
50773
50722
50601
50520
49299
47898
47726
45893
45140
44110
42194
40623
40360
38368
37855
37600
35830
35019
34879
33494
33415
32516
29223
26281
26052
25854
25714
25149
24446
23882
23720
22922
21924
21741
20125
19981
19339
19191
17530
16313
15532
15369
14461
13910
12321
11361
10893
10762
10118
9789
8121
6624
5603
5174
4015
3899
2927
2854
76
