10000
999955
999916
999830
999818
999751
999649
999622
999538
999508
999487
999310
999267
998997
998994
998992
998910
998861
998516
998499
998147
998144
998142
998097
997767
997734
997721
997573
997543
997447
997423
997368
997347
997279
997202
997178
997145
997031
996879
996873
996497
996486
996382
996309
995911
995870
995852
995835
995768
995719
995630
995622
995589
995359
995242
995213
995100
995042
995012
994953
994654
994646
994632
994448
994313
994217
994132
993843
993576
993071
993070
992993
992882
992784
992249
992243
992011
991810
991744
991689
991550
991494
991373
991106
991006
990988
990841
990840
990435
990243
990139
990043
989897
989669
989525
989525
989495
989408
989236
989170
989102
989088
989082
989048
988981
988960
988881
988799
988762
988372
988245
988233
988224
988139
988125
987983
987945
987920
987861
987860
987825
987669
987610
987569
987284
987279
987169
987101
987081
986913
986782
986745
986282
985957
985809
985711
985630
985629
985621
985525
985446
985301
984928
984860
984542
984401
984329
984315
984299
984273
984255
984250
984150
984134
984119
984063
984018
984003
983917
983823
983360
983216
983159
983148
982848
982801
982574
982559
982467
982445
982412
982387
982236
982205
982098
981993
981992
981879
981817
981807
981784
981649
981606
981512
981393
981260
981200
981137
981082
981029
980994
980907
980734
980687
980600
980551
980461
980438
980426
980389
980184
980065
979964
979775
979742
979602
979541
979532
979385
979290
979204
978986
978862
978822
978800
978497
978403
978391
978269
978246
978186
978166
978131
978101
978016
977860
977842
977838
977668
977391
977177
977071
977005
976955
976908
976748
976716
976642
976448
976275
976234
976210
976086
976068
975983
975971
975771
975716
975688
975675
975574
975502
975486
975287
975280
975143
975112
974767
974587
974553
974527
974507
974461
974419
974261
974250
974099
973955
973860
973693
973577
973570
973253
973101
972731
972549
972444
972385
972038
972018
971975
971949
971853
971840
971720
971598
971458
971363
971310
971089
970748
970742
970618
970239
970124
969886
969806
969463
969458
969456
969434
969223
969200
969147
969090
968949
968938
968927
968917
968888
968856
968776
968655
968619
968590
968568
968547
968435
968324
968321
968256
968033
967839
967595
967509
967476
967446
967370
967369
967302
967201
966824
966705
966672
966605
966516
966454
966167
966122
966071
966025
965865
965749
965678
965537
965482
965480
965431
965295
965250
965112
965011
964997
964992
964987
964890
964864
964802
964616
964466
964401
964380
964301
964186
964065
963920
963862
963779
963704
963569
963524
963474
963408
963388
963352
963259
963256
963205
963071
962936
962634
962457
962440
962402
962217
962150
961950
961901
961891
961838
961408
961386
961364
961358
961272
961243
961239
961146
961045
961024
960847
960837
960678
960419
960347
960343
960107
960067
959989
959873
959659
959571
959551
959493
959325
959314
959239
959184
958964
958874
958856
958636
958634
958433
958416
958399
958051
957956
957915
957890
957767
957740
957660
957655
957529
957244
957164
956750
956712
956699
956582
956150
955965
955955
955683
955650
955645
955540
955536
955426
955286
955273
955168
955001
954974
954967
954881
954638
954623
954588
954539
954336
954254
954234
954017
953915
953825
953793
953778
953747
953700
953473
953445
953251
953234
953204
953067
953058
952798
952695
952637
952550
952475
952331
952293
952275
952173
952055
951958
951708
951678
951507
951413
951302
951233
951135
951131
951088
951003
950965
950925
950877
950823
950813
950725
950670
950362
950319
950122
949930
949914
949826
949791
949710
949496
949475
949372
949062
949027
948996
948922
948865
948845
948563
948447
948351
948222
948205
948084
947565
947456
947423
947423
947115
947084
947047
947044
947010
946901
946887
946858
946848
946786
946770
946609
946565
946496
946406
946403
946371
946047
945785
945509
945410
945188
945068
944950
944891
944847
944713
944684
944534
944390
944278
944268
944191
944181
944178
944149
944078
943943
943931
943885
943799
943744
943742
943404
943371
943187
943175
943001
942979
942874
942865
942821
942698
942510
942393
942370
942246
942117
941996
941872
941696
941642
941569
941325
941304
941301
941238
941222
941209
940794
940775
940644
940625
940610
940355
940286
940168
939931
939639
939467
939460
939173
939083
939000
938908
938855
938681
938246
938187
938124
937850
937841
937835
937616
937603
937367
937343
937322
937322
937274
937240
937079
936884
936814
936644
936642
936574
936553
936512
936439
936431
936416
936309
936138
936127
936107
936060
935947
935908
935867
935761
935610
935590
935580
935426
935261
935090
934918
934912
934861
934838
934793
934565
934545
934351
934335
934235
934170
934011
933985
933970
933897
933670
933619
933526
933447
933209
933002
932958
932758
932492
932435
932391
932067
931994
931755
931707
931526
931495
931492
931458
931419
931389
931281
931054
930981
930811
930693
930581
930515
930484
930404
930276
930143
930122
929981
929876
929843
929709
929464
929417
929313
929052
928978
928953
928713
928619
928580
928438
928148
928117
928109
927967
927920
927901
927898
927835
927785
927699
927599
927597
927588
927398
926900
926844
926631
926630
926382
926330
926322
926129
925995
925962
925908
925825
925752
925580
925018
924860
924832
924816
924744
924695
924561
924525
924210
923948
923901
923895
923847
923689
923637
923589
923545
923531
923513
923477
923372
923357
923213
922966
922845
922814
922650
922590
922495
922302
921949
921924
921810
921689
921650
921643
921610
921605
921517
921402
921381
921344
921335
921236
921173
920951
920937
920827
920765
920683
920641
920606
920335
920229
920003
919985
919920
919874
919718
919495
919327
919296
919295
919208
919167
919049
918951
918810
918785
918557
918428
918330
918264
918224
918111
918080
917937
917925
917896
917890
917884
917872
917738
917712
917635
917478
917143
917097
917030
917023
916941
916931
916926
916915
916810
916755
916731
916682
916654
916440
916411
916259
916245
915908
915896
915867
915769
915768
915754
915727
915726
915664
915531
915526
915238
915181
915054
915037
915035
914937
914677
914622
914580
914553
914316
914281
914230
914075
914055
913660
913574
913446
913411
913333
913180
913151
912944
912868
912718
912659
912615
912266
912141
911981
911735
911707
911680
911556
911320
911262
911160
911129
911024
910997
910928
910894
910680
910574
910311
910059
909789
909725
909725
909696
909691
909659
909654
909491
909130
908991
908781
908728
908725
908664
908629
908294
908277
908267
908252
908223
907944
907926
907874
907643
907629
907603
907368
907361
907227
907037
907033
907024
906980
906942
906940
906885
906776
906529
906403
906374
906338
906310
906051
905854
905733
905679
905608
905607
905498
905486
905364
905318
905281
905257
904940
904925
904829
904530
904505
904327
904223
904011
903996
903948
903627
903535
903501
903474
903375
903314
903193
903133
903060
903053
903028
903010
902924
902891
902853
902842
902819
902759
902575
902558
902420
902255
902245
902036
902007
901902
901794
901684
901658
901596
901592
901585
901525
901508
901499
901412
901314
901123
901022
900816
900784
900778
900681
900578
900486
900219
900187
900099
900093
899898
899875
899808
899786
899733
899724
899719
899687
899662
899595
899526
899364
899253
899206
899062
898993
898905
898901
898818
898680
898634
898634
898526
898234
898225
898197
897953
897728
897716
897613
897555
897361
897145
897135
896953
896943
896935
896912
896866
896811
896246
896221
896137
895852
895843
895791
895668
895621
895399
895380
895343
895333
895007
894965
894822
894771
894771
894509
894346
894122
894116
894013
893988
893896
893762
893683
893591
893531
893438
893342
893272
893103
893015
893000
892810
892626
892545
892500
892472
892396
892384
892377
892366
892201
892196
891921
891692
891677
891596
891551
891344
891323
891194
891136
891051
890963
890890
890570
890554
890547
890542
890496
890491
890469
890435
890313
890209
890127
890110
890100
889905
889844
889761
889761
889683
889677
889484
889459
889453
889383
889278
889176
889162
889027
888934
888909
888879
888846
888802
888733
888710
888469
888228
888115
888109
887986
887974
887860
887823
887751
887446
887400
887247
887219
887195
887193
887077
887063
886988
886680
886510
886481
886361
886349
886318
886317
886164
886133
886094
886081
886006
885721
885674
885643
885578
885400
885388
885386
885262
885256
885062
885054
884948
884522
884490
884398
884382
884212
884195
884170
884087
884086
883973
883745
883491
883263
883226
883223
883173
883152
883071
882682
882301
881788
881780
881775
881720
881688
881510
881405
881265
881216
881161
881129
881068
881062
880994
880971
880883
880872
880637
880593
880352
880269
880246
880238
880156
879908
879852
879735
879622
879505
879485
879374
879361
878946
878858
878854
878749
878662
878660
878514
878467
878433
878395
877945
877902
877654
877463
877389
877162
876886
876647
876583
876482
876474
876435
876378
876252
876235
876226
876159
876141
875916
875879
875846
875790
875630
875617
875600
875498
875463
875370
875353
875347
875315
875246
875187
875180
875120
875019
874952
874867
874744
874674
874561
874454
874385
874381
874288
874255
874087
874015
873950
873637
873579
873421
873247
873205
873098
872956
872927
872924
872859
872838
872726
872598
872597
872504
872475
872408
872307
872304
871946
871928
871694
871615
871508
871393
871288
870845
870711
870584
870284
870187
870037
869996
869781
869748
869633
869491
869429
869399
869300
869139
869126
869103
869030
868685
868423
868377
868319
868248
868071
867444
867373
867318
867244
867158
866938
866936
866659
866595
866442
866433
866403
866398
866358
866269
866225
866031
865829
865698
865340
865304
865178
865078
864956
864747
864711
864647
864467
864406
864210
864136
864095
864065
864013
864011
863952
863569
863488
863363
862781
862780
862697
862503
862472
862283
862201
862198
862137
862087
862060
862045
862032
861947
861913
861813
861641
861313
861253
861130
861086
861058
861025
860956
860907
860881
860871
860790
860686
860630
860580
860460
860007
860006
859802
859711
859701
859692
859653
859622
859534
859498
859197
859002
858948
858865
858847
858719
858659
858529
858505
858436
858401
858365
858359
858335
858284
858102
858002
857913
857851
857850
857785
857776
857770
857633
857294
857057
857047
856938
856932
856931
856601
856564
856447
856434
856256
855969
855951
855860
855665
855599
855554
855461
855380
855007
854976
854957
854948
854908
854805
854577
854492
854394
854359
854247
854192
854015
853921
853624
853572
853556
853488
853246
853244
853208
853098
853094
853019
852818
852737
852681
852657
852637
852621
852581
852576
852560
852486
852384
852360
852264
852241
852206
852180
852090
852019
851897
851675
851532
851222
851196
851015
850930
850878
850678
850607
850578
850188
850068
850013
849748
849734
849534
849303
848910
848815
848727
848691
848434
848404
848380
848362
848279
848240
848215
848098
847621
847544
847285
847061
847009
846990
846803
846768
846631
846627
846403
846293
846139
845765
845646
845529
845462
845223
845121
845073
845025
845007
844901
844889
844760
844588
844565
844291
844134
844076
844064
844024
844009
843930
843898
843801
843683
843651
843641
843610
843459
843378
843354
843319
843267
843238
843208
842986
842811
842775
842708
842689
842633
842548
842406
842102
842032
841330
841328
841294
841246
841232
841199
841196
841026
841012
840881
840745
840740
840653
840548
840444
840373
840349
840307
840203
840136
840117
840006
839619
839570
839484
839423
839358
839241
839026
838924
838724
838503
838407
838379
838308
838075
838001
837682
837629
837593
837507
837498
837479
837397
837383
837074
837071
836884
836531
836525
836404
836321
836318
836234
836047
835951
835944
835858
835713
835642
835630
835516
835490
835479
835225
835157
834833
834708
834574
834559
834522
834459
834450
834418
834146
834029
834029
834002
834000
833866
833832
833713
833678
833638
833609
833583
833503
833330
833283
833177
833049
833039
832992
832908
832877
832838
832728
832678
832644
832535
832467
832092
831952
831917
831907
831811
831767
831671
831651
831555
831466
831405
831219
831182
831141
831074
831073
830972
830883
830795
830780
830726
830656
830614
830590
830489
830128
829971
829914
829646
829484
829346
829341
829052
828972
828816
828753
828487
828233
828229
828082
828070
828066
827989
827924
827733
827441
827348
827247
827126
826987
826942
826907
826880
826783
826702
826409
826398
826159
825913
825908
825865
825831
825623
825485
825221
825209
825192
825127
824969
824926
824902
824835
824739
824606
824594
824578
824571
824454
824338
824331
824316
824152
823945
823703
823541
823505
823488
823196
823049
822940
822882
822708
822666
822393
822216
822170
822091
821645
821608
821536
821433
821324
821276
821268
821268
821230
821150
821129
821118
821039
820960
820860
820855
820839
820762
820606
820479
820454
820392
820321
820120
820108
819919
819742
819701
819691
819557
819520
819428
819397
819178
819119
818939
818698
818674
818513
818405
818375
818270
818269
818141
818027
817753
817601
817532
817500
817247
817228
817174
817144
817113
817052
817017
816983
816717
816314
816040
816007
815832
815794
815792
815697
815620
815498
815496
815398
815319
815231
815152
815091
815011
814919
814734
814694
814665
814644
814319
814184
814057
813976
813837
813536
813337
813198
813083
813063
812968
812503
812482
812221
812020
811932
811770
811451
811439
811289
811206
811139
811133
811100
811049
810733
810688
810237
810200
810192
810137
810135
810072
809950
809941
809819
809665
809633
809589
809507
809342
809303
809139
808960
808847
808803
808797
808773
808630
808556
808538
808395
808313
808287
808271
808125
808058
807892
807857
807765
807532
807521
807075
807027
806998
806933
806872
806721
806618
806531
806436
806409
806312
806260
806175
806162
806134
805946
805797
805566
805425
804804
804685
804679
804627
804445
804223
803781
803564
803388
803378
803189
803164
803158
803150
803141
803034
802925
802760
802733
802576
802532
802471
802385
802276
802275
802258
802081
802020
802015
801942
801871
801807
801691
801661
801617
801591
801526
801487
801371
801367
801334
801085
801073
801036
800608
800288
800139
799977
799951
799871
799497
799443
799372
799346
799229
799076
799007
798809
798679
798674
798631
798577
798517
798496
798465
798464
798427
798159
797898
797809
797778
797771
797766
797740
797609
797516
797512
797457
797456
797383
797175
797152
797022
796922
796807
796721
796698
796692
796524
796418
796206
796194
796167
796141
795971
795955
795842
795813
795738
795295
795170
795037
794941
794662
794641
794629
794602
794561
794442
794317
794224
793994
793890
793679
793597
793506
793397
793381
793368
793258
793228
793218
793156
793114
793042
792787
792504
792123
791996
791736
791724
791660
791514
791460
791427
791335
791139
791136
791096
790830
790816
790760
790613
790581
790307
790062
789930
789739
789642
789560
789423
789310
789226
789170
789064
788974
788955
788941
788916
788634
788568
788138
788076
788038
788004
787999
787974
787966
787607
787288
787253
786848
786724
786501
786225
786026
785976
785971
785913
785749
785671
785658
785572
785506
785491
785438
785376
785329
785275
785209
785102
784874
784860
784843
784795
784723
784663
784235
784188
784144
784125
784124
783847
783639
783565
783370
783357
783242
783159
782964
782958
782914
782778
782716
782630
782401
782400
782227
781963
781800
781726
781689
781684
781631
781436
781431
781427
781291
781184
781165
780884
780860
780823
780794
780775
780734
780400
780057
779851
779563
779483
779348
779289
779275
779153
779039
778987
778924
778793
778738
778710
778670
778612
778416
778241
778135
778126
778066
777977
777637
777598
777568
777494
777478
777457
777167
777062
777040
776805
776798
776754
776674
776632
776545
776502
776413
776309
776221
776217
776000
775731
775526
775516
775379
775242
775239
775202
775128
774870
774694
774526
774521
774454
774433
774377
774278
773886
773867
773790
773782
773747
773694
773670
773462
773406
773245
773227
773081
772708
772701
772621
772409
772325
772091
771674
771669
771497
771480
771270
771217
771177
771154
771122
771108
771095
770963
770701
770609
770514
770501
770482
770345
770201
770127
770098
769968
769945
769865
769789
769692
769609
769555
769452
769344
769252
769247
769243
769091
769069
768974
768969
768832
768761
768643
768580
768563
768526
768336
768320
768259
768173
767870
767840
767692
767609
767394
767380
767307
767218
767199
767140
767111
766902
766829
766589
766540
766432
766404
766351
766161
766056
765985
765852
765845
765803
765515
765346
765232
765036
765022
765007
764984
764983
764888
764617
764542
764435
764413
764396
764264
764236
764229
764143
764028
763802
763464
763459
763363
763236
763079
763013
762806
762625
762586
762557
762488
762437
762433
762426
762357
762164
762144
762119
762109
761756
761548
761500
761437
761224
761065
761019
760986
760955
760924
760852
760850
760690
760628
760476
760440
760428
760374
760286
760209
760110
760057
759937
759602
759471
759432
759368
759211
759100
759009
758954
758795
758605
758570
757979
757773
757740
757719
757717
757716
757714
757676
757603
757602
757434
757410
757221
757050
756826
756801
756627
756557
756542
756518
756364
756188
756152
756067
756045
756030
755850
755845
755689
755676
755636
755394
755304
755119
755044
754910
754654
754645
754636
754588
754553
754505
754346
754321
754221
754065
753805
753466
753265
753261
753103
753062
752963
752954
752947
752830
752719
752690
752523
752048
751898
751896
751858
751843
751665
751643
751625
751592
751561
751531
751444
751302
751294
751086
751059
750974
750958
750888
750886
750852
750753
750753
750671
750558
750437
750321
750087
749991
749972
749845
749629
749552
749526
749408
749298
749161
749056
749054
748973
748920
748897
748860
748804
748763
748710
748488
748328
748163
748019
747906
747868
747844
747550
747515
747475
747435
747247
747210
747113
746971
746937
746772
746572
746472
746458
746211
746158
746026
745895
745856
745735
745657
745654
745467
745192
745064
744972
744894
744735
744687
744631
744125
744052
744046
743757
743652
743466
743449
743325
743253
743086
742957
742912
742791
742758
742689
742667
742479
742405
742279
742253
742103
742095
742010
741993
741939
741901
741747
741624
741537
741391
741347
740910
740832
740799
740720
740615
740504
740279
740261
740194
739975
739889
739851
739719
739634
739556
739536
739520
739501
739437
739396
739390
739119
739093
739069
739030
739007
738987
738766
738671
738369
738245
738126
738116
738074
737834
737782
737500
737218
737169
737072
736834
736812
736689
736301
736211
736134
735957
735780
735694
735605
735546
735419
735346
735213
735193
735158
734936
734750
734466
734266
734235
734101
734016
733808
733348
733333
733295
733277
733221
733017
732884
732765
732686
732463
732153
732141
731944
731859
731583
731573
731449
731298
731172
731072
730773
730764
730669
730605
730517
730479
730191
730181
730148
730104
729910
729892
729809
729758
729623
729597
729444
729432
729398
729375
729323
729222
729125
729037
728972
728940
728881
728764
728739
728713
728634
728536
728444
728416
728237
727884
727643
727462
727387
727348
727287
727248
727204
726962
726816
726803
726743
726600
726451
726349
726348
726320
726266
726150
726142
726008
725950
725861
725591
725535
725438
725301
725248
725107
724964
724946
724842
724644
724517
724295
724237
724176
723881
723817
723502
723453
723373
723358
723096
723007
722669
722653
722636
722404
722011
721984
721845
721791
721788
721747
721687
721649
721479
721466
721114
721079
721066
721002
720971
720962
720907
720899
720866
720703
720563
720191
720128
720106
720044
720013
719963
719949
719837
719804
719586
719575
719416
719281
719195
719179
719110
719045
718903
718887
718869
718570
718460
718451
718379
718266
718125
718123
718048
717969
717891
717854
717800
717744
717579
717304
717168
717052
717001
716943
716774
716772
716571
716562
716501
716474
716276
716265
715599
715496
715423
715345
715166
715058
714877
714849
714824
714785
714764
714528
714520
714477
714429
714345
714209
713972
713971
713837
713667
713603
713589
713427
713391
713379
713338
713262
713162
712749
712104
711980
711880
711816
711588
711442
711368
711325
711270
711164
711063
711032
710936
710751
710675
710619
710459
710366
710039
709965
709663
709521
709251
709241
709183
709070
709063
708957
708827
708803
708790
708779
708692
708586
708551
708382
708317
708170
707900
707722
707673
707647
707606
707606
707450
707334
707188
707128
706727
706647
706610
706542
706245
706070
705915
705894
705683
705656
705405
705354
705167
705011
704773
704503
704425
704416
704359
704279
704196
704188
704159
703947
703685
703503
703501
703475
703363
703330
703279
703163
703134
703067
702977
702892
702879
702863
702835
702732
702673
702626
702544
702522
702330
702208
702126
702110
702026
701981
701814
701763
701440
701400
701382
701271
701253
701234
701140
701106
700843
700821
700802
700790
700632
700574
700565
700520
700142
700090
699973
699953
699816
699715
699710
699676
699609
699543
699435
699276
699228
699158
699137
699126
698738
698683
698535
698404
698329
698312
698183
698131
698095
698015
697819
697620
697602
697483
697404
697229
697108
696950
696875
696852
696759
696641
696609
696525
696398
696388
695964
695958
695883
695787
695628
695590
695361
695107
695075
694900
694783
694611
694574
694435
694405
694385
694321
694082
694027
693994
693885
693823
693630
693557
693535
693493
693449
693296
693171
693132
693120
692944
692839
692606
692596
692568
692535
692489
692403
692345
692333
692286
692227
692224
692087
692036
692023
691718
691708
691560
691509
691475
691268
691258
691228
691169
690938
690853
690841
690674
690672
690447
690383
690364
690268
690118
690043
690025
690018
689816
689624
689519
689510
689484
689373
689343
689320
689302
689229
689155
688964
688962
688868
688492
688341
688302
688299
688246
688243
687952
687866
687558
687398
687054
686892
686692
686619
686594
686431
686311
686222
686217
686030
685994
685794
685636
685533
685355
685243
685202
685057
685026
685008
684970
684853
684850
684815
684663
684651
684552
684540
684507
684451
684422
684331
684331
684085
683897
683891
683830
683790
683736
683717
683542
683539
683379
683196
683179
683174
683105
683059
682903
682850
682821
682748
682736
682429
682391
682379
682109
682044
681943
681833
681776
681700
681692
681566
681484
681477
681410
681383
681328
680958
680911
680803
680713
680685
680627
680617
680566
680190
680118
680115
680096
679974
679674
679459
679410
679176
679007
678810
678727
678688
678341
678251
678137
678103
678089
677798
677763
677582
677283
677272
677234
677180
677158
677080
677054
676838
676680
676627
676619
676438
676434
676324
676239
676234
676127
676098
676081
676013
675774
675716
675495
675459
675148
675003
674977
674754
674543
674393
674352
674284
673532
673434
673350
673286
673056
672918
672896
672733
672700
672573
672572
672313
672279
672230
672002
671986
671908
671813
671591
671585
671574
671508
671476
671361
671236
671111
671007
670993
670992
670612
670578
670577
670368
670264
670182
670179
670095
670059
669991
669858
669806
669621
669587
669525
669067
669065
669004
668834
668798
668665
668383
668359
668191
668145
668018
667829
667582
667510
667410
667328
667326
667286
667116
667098
667055
667008
666900
666873
666561
666561
666453
666418
666025
665986
665795
665750
665562
665556
665549
665429
665387
665296
665016
664752
664640
664566
664545
664431
664419
664384
664364
664334
664301
664251
664250
664221
663953
663945
663707
663329
663244
663154
663096
662993
662944
662928
662926
662852
662487
662447
662334
662258
662231
661882
661857
661841
661839
661785
661783
661683
661662
661626
661542
661512
661506
661366
661337
661332
661194
661086
660811
660786
660750
660726
660665
660647
660522
660353
660220
660045
659998
659964
659913
659831
659778
659715
659662
659526
659520
659510
659427
659268
658906
658820
658800
658735
658733
658555
658538
658514
658388
658307
658237
658178
658142
658016
657888
657883
657843
657776
657724
657651
657592
657576
657455
657403
657338
657311
657274
657273
657273
657239
657117
657050
657040
656921
656698
656513
656503
656455
656446
656432
656375
656204
656187
656171
656026
655978
655841
655482
655258
655186
655171
655155
655021
654964
654944
654846
654826
654746
654533
654463
654426
654411
654266
653988
653763
653416
653352
653320
652916
652738
652235
652140
652076
651717
651437
651313
651295
651245
651177
651062
650914
650898
650770
650744
650723
650710
650666
650620
650618
650471
650465
650438
650435
650305
650256
650084
649956
649652
649543
649498
649452
649129
649123
649122
649104
648921
648905
648633
648628
648536
648500
648477
648379
648263
647862
647653
647503
647446
647407
647296
647257
647108
647046
646939
646829
646823
646739
646690
646555
646542
646522
646413
646407
646330
646294
646279
646119
645978
645958
645679
645534
645437
645353
645350
645215
645184
645070
645057
645000
644979
644922
644869
644699
644642
644543
644472
644461
644441
644408
644389
644322
644290
644109
644091
644034
643987
643903
643847
643807
643636
643633
643605
643520
643484
643478
643447
643285
643273
643121
643040
642950
642931
642913
642893
642886
642857
642710
642620
642568
642356
642200
642172
642136
641914
641805
641425
641350
641331
641301
641123
641117
641094
641009
640912
640829
640818
640766
640596
640475
640344
640228
640146
640144
639726
639622
639619
639546
639522
639367
639356
639210
639172
639145
639111
639088
638966
638865
638787
638754
638640
638448
638420
638407
638338
638326
638202
638159
638043
637861
637728
637649
637621
637459
637403
637098
637095
637053
636998
636783
636783
636695
636628
636545
636536
636400
636137
635874
635597
635595
635554
635344
635335
635319
635280
635192
635100
635091
634952
634863
634789
634720
634716
634658
634505
634348
634335
634272
634151
634102
634036
633893
633889
633878
633481
633375
633312
633262
633250
633166
633121
633023
632805
632664
632616
632610
632606
632546
632533
632481
632463
632443
632367
632263
632214
632134
631901
631830
631634
631514
631273
631260
631066
630937
630799
630786
630479
630342
630306
629919
629895
629889
629862
629848
629837
629686
629658
629652
629501
629460
629413
629313
629029
629005
628877
628792
628739
628626
628443
628315
628186
628031
627976
627812
627721
627609
627449
627351
627304
627291
627256
626908
626830
626677
626586
626336
626308
626299
626284
626254
626186
626158
626074
626065
625483
625210
625193
625147
625042
624850
624808
624800
624719
624357
624331
624153
624079
624006
623966
623919
623898
623717
623658
623578
623554
623473
623361
623126
623080
622968
622948
622816
622685
622651
622340
622283
622085
622075
621957
621947
621889
621886
621852
621740
621429
621322
621257
621155
621104
621032
620692
620548
620485
620090
620049
619749
619599
619546
619477
619401
619372
619321
619241
619051
618907
618724
618148
618057
617984
617828
617783
617782
617766
617607
617531
617505
617488
617375
617293
617139
617124
617120
617027
616985
616888
616815
616784
616637
616598
616595
616531
616427
616400
616399
615821
615698
615637
615552
615471
615430
615328
615065
614962
614912
614906
614560
614534
614514
614484
614297
614266
614235
614102
613515
613482
613302
613199
613091
612934
612732
612574
612570
612520
612494
612449
612383
612284
612150
611946
611900
611623
611407
611386
611336
611247
611240
611209
611136
610985
610893
610736
610652
610532
610480
610446
610404
610403
610107
609885
609803
609794
609668
609461
609164
609159
609096
609041
608887
608823
608774
608761
608657
608567
608562
608454
608291
608078
608002
607682
607630
607579
607563
607464
607412
607313
607061
607040
606926
606887
606835
606802
606733
606727
606698
606689
606668
606601
605994
605901
605789
605760
605710
605666
605606
605558
605551
605506
605446
605257
605123
605095
604989
604973
604959
604949
604835
604641
604621
604601
604534
604457
604387
604333
603886
603821
603407
603351
603271
603198
603093
602944
602941
602863
602788
602521
602445
602439
602146
602090
602065
601985
601964
601948
601769
601759
601639
601501
600977
600872
600780
600693
600595
600526
600375
600368
600298
600247
600094
600046
600006
600005
599996
599947
599675
599663
599554
599448
599353
599312
599224
599012
598428
598385
598319
598263
598252
598236
598152
598147
598077
598057
598051
597734
597476
597448
597222
597125
597106
596841
596812
596548
596318
596015
595934
595739
595206
595198
595188
595109
595094
594940
594895
594853
594823
594688
594427
594300
594099
594077
594030
593844
593788
593770
593682
593667
593431
593374
593347
593147
593137
593031
593003
592941
592937
592770
592581
592547
592486
592447
592442
592397
592287
592224
592182
592130
592122
592114
592091
592089
591948
591904
591904
591872
591825
591712
591617
591267
591078
590936
590571
590551
590532
590452
590362
590250
590103
590094
590077
590042
589966
589719
589611
589594
589440
589402
589237
589190
589006
588903
588900
588800
588700
588667
588519
588460
588419
588379
588376
588155
588051
587811
587509
587483
587456
587335
587276
587238
587232
587181
586915
586836
586832
586786
586691
586654
586565
586544
586496
586418
586393
586273
586243
586117
586057
585986
585882
585842
585815
585716
585648
585624
585603
585497
585445
585436
585395
585365
585309
585298
585200
584904
584901
584855
584635
584490
584445
584432
584360
584261
584243
584241
584236
584166
584074
583941
583505
583457
583390
583278
583249
583232
582930
582878
582461
582460
582380
582155
582149
581759
581759
581590
581589
581574
581553
581357
581256
581161
580985
580985
580978
580859
580857
580845
580835
580706
580522
580514
580449
580412
580327
580258
580197
580097
579689
579412
579370
579279
579208
578960
578847
578718
578381
578048
577969
577841
577762
577660
577422
577374
577339
577324
577293
577285
576984
576759
576723
576577
576574
576516
576516
576488
576442
576348
576348
576278
576256
576234
576066
576063
575918
575830
575680
575664
575613
575479
575455
575422
575354
575224
575149
574887
574759
574739
574624
574516
574326
574272
574190
574176
574140
574057
573986
573838
573771
573707
573333
573281
573212
572864
572650
572343
572325
572306
572297
572273
572146
572113
571780
571733
571690
571512
571429
571389
571325
570993
570922
570759
570638
570574
570486
570455
570389
570337
570231
570179
570171
570170
569732
569587
569468
569457
569446
569409
569383
569333
569303
569241
569232
569197
569118
568866
568534
568440
568363
568081
567844
567796
567766
567709
567677
567658
567227
567079
567025
566847
566744
566744
566655
566609
566601
566578
566421
566421
566418
566358
566236
566200
565841
565799
565769
565756
565547
565518
565439
565362
565199
565128
564866
564710
564367
564150
564149
564083
564009
564001
563998
563994
563965
563810
563692
563591
563192
563160
563155
563122
563010
562908
562869
562799
562754
562654
562568
562533
562487
562398
562010
561998
561779
561757
561745
561735
561707
561628
561495
561314
561212
561059
560903
560900
560746
560663
560644
560425
560301
560261
560186
560044
559759
559734
559658
559555
559547
559417
559381
559340
559297
559287
559061
559051
559001
558979
558934
558906
558891
558856
558778
558770
558753
558669
558453
558439
558245
558208
558117
558027
557907
557828
557637
557626
557397
557397
557376
557241
557150
557059
556925
556852
556812
556747
556716
556687
556602
556598
556559
556551
556472
556464
556402
556270
556095
556073
556042
556011
555964
555762
555733
555712
555685
555621
555289
555004
554867
554862
554793
554759
554676
554352
554339
554188
554140
554047
553999
553960
553877
553775
553774
553748
553633
553601
553542
553415
553292
553252
553232
553214
553163
553119
553094
553011
553000
552995
552962
552905
552819
552733
552702
552682
552677
552548
552339
552320
552318
552315
552053
551946
551802
551234
551161
551107
550924
550863
550748
550413
550207
550099
549981
549738
549716
549598
549484
549356
549199
549028
549001
548887
548799
548782
548696
548620
548474
548332
548243
548217
548208
548097
548008
547960
547743
547609
547586
547545
547324
547219
547130
546937
546913
546853
546704
546615
546595
546541
546337
546268
546011
545987
545982
545838
545779
545431
545190
545089
544899
544750
544554
544501
544463
544430
544143
544139
544086
543995
543709
543702
543644
543635
543266
543052
543021
542949
542701
542694
542675
542619
542604
542553
542207
542110
542025
541925
541648
541595
541588
541506
541486
541196
541191
541136
540832
540651
540550
540490
540374
540373
540192
540099
540036
539881
539870
539799
539636
539481
539309
539219
539034
538809
538649
538603
538480
538466
538328
538322
538275
538275
538262
538136
538001
537944
537867
537488
537257
537246
537139
537113
537006
536967
536914
536762
536628
536626
536583
536514
536505
536503
536363
536308
536284
536094
536020
535957
535592
535531
535515
535463
535351
535206
535005
534826
534822
534804
534801
534751
534698
534634
534586
534549
534485
534305
534201
534163
534125
533898
533723
533550
533472
533180
532745
532682
532664
532596
532510
532304
532125
532043
532017
532012
531967
531937
531923
531903
531424
531378
531335
531311
531142
530956
530956
530795
530683
530673
530626
530516
530439
530350
530237
530164
530147
530049
530026
529935
529785
529722
529439
529296
529294
529092
528965
528904
528860
528821
528797
528775
528665
528617
528337
528242
528179
527921
527846
527702
527631
527411
527401
526975
526747
526608
526515
526505
526299
526191
526170
525972
525953
525940
525821
525820
525810
525774
525722
525624
525521
525432
525423
525275
525004
524272
524101
524056
523996
523721
523701
523640
523603
523563
523519
523344
523295
523177
522941
522934
522874
522785
522780
522703
522660
522636
522546
522546
522515
522372
522125
522116
521766
521715
521699
521690
521681
521629
521356
521259
520998
520995
520831
520586
520492
520316
520248
520170
520094
520006
519985
519864
519830
519692
519596
519393
519315
519170
519124
519057
519042
519004
518965
518932
518830
518822
518819
518534
518528
518430
518363
518320
518258
518245
518130
517979
517948
517767
517753
517678
517535
517409
517342
517298
517205
517155
516882
516851
516831
516534
516421
516397
516334
516169
516161
516009
515997
515985
515982
515879
515817
515759
515730
515725
515695
515432
515411
515377
515221
514984
514542
514442
514398
514213
514097
514088
514068
514067
514043
513884
513864
513825
513688
513591
513541
513427
513407
513364
513207
513160
513100
512912
512847
512790
512666
512525
512525
512470
512328
512200
512071
511677
511600
511556
511412
511351
511312
511298
511256
511147
511139
510948
510917
510888
510880
510751
510744
510722
510660
510641
510639
510621
510618
510418
510393
510284
510192
509955
509834
509815
509610
509420
509396
509266
509076
509029
508808
508755
508749
508601
508557
508507
508423
508359
508286
508143
508045
507952
507814
507812
507552
507270
507038
506886
506802
506763
506697
506491
506373
506294
506227
506190
506158
505981
505682
505622
505362
505340
505334
505161
504989
504727
504617
504563
504446
504429
504357
504331
504303
504285
504239
503452
503212
503188
503099
502948
502944
502798
502726
502613
502568
502563
502556
502551
502350
502332
502299
502283
502253
501656
501634
501573
501503
501447
501377
501349
501227
501119
500978
500953
500899
500864
500859
500822
500770
500645
500577
500508
500504
500444
500275
500232
500231
500214
500144
499762
499693
499255
498766
498748
498667
498606
498563
498493
498481
498340
498309
498200
498158
498109
498086
498057
498044
497849
497838
497680
497657
497564
497431
497318
497220
497177
496970
496892
496757
496706
496652
496441
496188
496127
495852
495815
495813
495546
495535
495386
495192
495172
495037
495009
494925
494691
494403
494331
494226
494214
494157
494055
494040
493938
493915
493780
493642
493576
493403
493136
493115
493054
493007
492794
492722
492721
492531
492480
492277
492209
492112
492093
492033
491977
491846
491729
491714
491499
491210
491045
490974
490876
490781
490742
490683
490628
490620
490570
490530
490434
490359
490264
490264
490185
489917
489867
489768
489756
489528
489523
489514
489379
489372
488883
488710
488710
488570
488449
488371
488368
488284
488269
488261
487941
487808
487755
487662
487622
487549
487510
487452
487385
487225
487118
487054
486995
486962
486844
486722
486505
486349
486317
486043
486009
485882
485690
485512
485500
485450
485413
485373
485337
485333
485253
485242
485187
485174
485143
485122
485101
485001
484738
484670
484626
484610
484546
484498
484471
484421
484346
484263
484186
484104
483991
483979
483939
483932
483872
483747
483744
483630
483334
483319
483249
483185
482769
482658
482655
482385
482333
482181
482072
482040
482024
481961
481924
481915
481854
481814
481639
481512
481358
481315
481295
481014
480902
480854
480788
480721
480693
480574
480570
480403
480276
480038
479978
479975
479831
479645
479620
479547
479428
479037
479028
478865
478854
478711
478610
478551
478420
478152
478126
478011
477597
477498
477345
477041
476765
476579
476434
476334
476294
476289
476016
475908
475885
475682
475602
475496
475422
475391
475328
475312
475129
475094
475052
474837
474831
474821
474680
474650
474493
474434
474262
474096
474091
474078
474050
473984
473785
473762
473704
473571
473535
473494
473491
473487
473338
473280
473244
473238
473039
472918
472909
472784
472744
472700
472621
471957
471889
471785
471762
471696
471256
471087
471075
471051
470888
470829
470760
470675
470672
470589
470381
470348
470300
470276
469966
469794
469746
469692
469574
469574
469490
469375
469364
469353
469266
469240
469134
469116
469103
469100
469082
469040
468372
468297
468230
467930
467891
467768
467611
467520
467504
467401
467309
467251
466914
466807
466726
466701
466625
466599
466539
466494
466457
466440
466244
466189
466101
465869
465856
465855
465727
465723
465690
465610
465597
465553
465533
465011
464626
464626
464491
464275
464256
464128
463800
463519
463503
463462
463439
463426
463389
463364
463332
463267
463213
463162
463114
463096
463093
462975
462898
462893
462858
462825
462797
462785
462755
462746
462630
462523
462511
462506
462448
462269
462177
462045
461995
461847
461666
461664
461644
461600
461599
461301
460993
460873
460834
460706
460663
460537
460478
460423
460297
460045
460021
459782
459719
459719
459689
459666
459665
459618
459586
459542
459486
459449
459372
459368
459321
459289
459252
459251
459072
459039
458932
458911
458837
458816
458804
458719
458670
458530
458520
458474
458448
458269
458203
458161
457925
457777
457742
457497
457170
457089
457069
456986
456753
456734
456654
456418
456408
456251
456221
456172
456157
456123
456033
455907
455832
455810
455569
455338
455292
455125
455091
455067
455007
454813
454688
454598
454341
453894
453670
453597
453438
453358
453231
453228
453111
453095
453015
452913
452876
452759
452754
452373
452305
451881
451863
451721
451519
451480
450738
450637
450553
450457
450396
450225
450152
449939
449924
449716
449466
449431
449335
449312
449059
448872
448869
448865
448729
448716
448716
448595
448439
448181
448149
448116
448097
448043
447999
447926
447880
447856
447675
447582
447475
447365
447183
447097
446944
446852
446717
446716
446635
446599
446568
446291
446095
446019
445951
445911
445722
445703
445659
445545
445510
445504
445063
445036
444918
444868
444824
444640
444321
444311
443905
443775
443727
443671
443419
443325
442861
442767
442767
442761
442560
442548
442257
442092
442011
441981
441955
441942
441864
441743
441710
441630
441629
441562
441493
441366
441317
441219
441102
440810
440710
440660
440300
440142
440095
440044
440025
439963
439770
439737
439606
439538
439421
439243
439110
439099
439032
438853
438733
438672
438451
438381
438355
438303
438239
438098
437987
437719
437716
437646
437587
437573
437551
437550
437539
437358
437355
437152
436893
436754
436594
436459
436351
436345
436172
436167
436145
436106
436062
436053
435950
435810
435494
435443
435396
435374
435323
435210
435168
434982
434805
434751
434751
434733
434689
434599
434561
434452
434391
434359
434136
434093
434037
433983
433936
433754
433713
433498
433389
433357
433332
433323
433273
432945
432877
432826
432558
432467
432435
432284
431871
431837
431677
431566
431243
431229
430948
430692
430114
430103
430086
430033
430015
429973
429894
429848
429785
429778
429719
429654
429576
429548
429537
429526
429489
429400
429379
429357
429292
429246
429105
428876
428755
428622
428565
428520
428296
428276
428267
428207
428170
427803
427687
427600
427521
427512
427505
427152
426971
426955
426864
426794
426769
426737
426691
426447
426382
426369
426335
426312
426311
426204
426193
426009
425903
425844
425839
425719
425300
425187
425165
425109
425002
424985
424893
424873
424793
424622
424427
424363
424129
423885
423657
423586
423491
423381
423256
423109
422845
422831
422595
422483
422306
422301
422118
422060
421787
421786
421748
421599
421498
421412
421108
421029
420993
420886
420868
420860
420630
420612
420592
420533
420406
420129
420065
419789
419727
419706
419677
419563
419544
419522
419503
419431
419380
419250
418839
418815
418674
418604
418386
418213
418203
418121
418069
417888
417803
417635
417342
417334
417309
417230
417223
416977
416920
416893
416833
416763
416688
416652
416639
416456
416385
416291
416155
416059
415964
415893
415483
415478
415429
415309
415215
415162
415049
415036
415018
414919
414796
414584
414576
414474
414469
414402
414380
414311
414265
414253
414186
414167
414156
414141
414097
413931
413922
413766
413629
413578
413433
413421
413175
413084
412973
412875
412873
412845
412763
412591
412489
412413
412343
412103
411954
411952
411844
411738
411680
411659
411636
411413
411355
411008
410994
410884
410610
410573
410570
410489
410399
410264
410229
410201
410158
409976
409784
409133
409044
408946
408935
408906
408588
408545
408508
408366
407942
407839
407689
407424
407376
407364
407207
407017
406844
406747
406731
406587
406531
406421
406416
406262
405636
405592
405334
405281
405163
405127
404965
404616
404542
404480
404411
404365
404079
404047
403867
403854
403807
403766
403374
403291
403189
403014
402993
402927
402886
402830
402758
402717
402593
402408
402326
402017
401972
401723
401720
401604
401578
401528
401427
401420
401369
401303
401271
401174
400845
400816
400796
400553
400517
400399
400305
400216
400208
400128
400121
400053
399944
399681
399590
399546
399527
399421
399338
399321
399254
399204
399035
398940
398905
398880
398871
398846
398787
398722
398544
398527
398387
398380
398192
398035
397877
397861
397847
397742
397685
397666
397636
397606
397452
397384
397280
397241
397120
396986
396935
396776
396671
396650
396490
396247
396234
396233
396221
396200
396120
395736
395629
395563
395483
395477
395331
395136
395011
394778
394757
394669
394592
394413
394130
394063
393849
393659
393593
393567
393444
393396
393380
393242
393188
392924
392804
392767
392754
392687
392679
392623
392604
392521
392470
392451
392371
392326
392304
392277
392235
392077
392048
391985
391097
390994
390952
390872
390818
390783
390733
390720
390720
390670
390670
390375
390101
389992
389951
389518
389463
389441
389314
389264
389089
389011
388893
388865
388724
388642
388576
388573
388436
388367
388321
388302
388277
388262
388044
387963
387850
387722
387463
387449
387131
386846
386823
386484
386471
386241
386197
385870
385843
385770
385740
385662
385505
385420
385409
385309
384931
384797
384726
384666
384557
384409
384197
384157
384114
384081
384079
383857
383692
383392
383363
382769
382742
382603
382600
382464
382448
382436
382364
382343
382330
382319
382219
382033
381835
381815
381562
381414
381287
380992
380881
380864
380765
380596
380583
380574
380461
380459
380433
380369
380153
380141
379875
379777
379754
379737
379726
379490
379453
379387
379201
379168
378914
378658
378073
378067
378009
377916
377611
377558
377555
377545
377329
377238
376922
376743
376638
376530
376480
376297
376274
375976
375871
375720
375669
375656
375653
375542
375523
375476
375453
375420
375335
375177
375123
374936
374823
374823
374297
374207
374134
374019
374012
373993
373772
373677
373494
373424
373396
373131
372966
372523
372286
372236
372145
372079
371814
371417
371327
371314
371062
370841
370734
370575
370466
370359
370217
370149
369941
369651
369626
369591
369365
369292
369170
369148
368937
368880
368787
368761
368759
368722
368647
368573
368095
367870
367606
367550
367498
367441
367324
367164
367106
367105
366955
366882
366844
366833
366735
366722
366212
366212
366015
365565
365316
365202
365036
364975
364557
364411
364324
364125
364117
364080
364041
364027
363842
363764
363637
363588
363391
363269
363239
363210
362797
362790
362749
362732
362704
362691
362653
362595
362554
362435
362287
361988
361898
361737
361679
361502
361476
361473
361404
361323
361320
361086
361031
361017
360952
360749
360527
360507
360372
360202
360202
360118
359961
359881
359761
359760
359752
359739
359653
359485
359468
359346
359334
359261
358811
358712
358701
358672
358518
358304
358261
358224
358159
358096
357921
357785
357743
357664
357556
357440
357426
357310
357294
357286
357241
357225
357005
357002
356550
356542
356513
356005
355871
355803
355747
355695
355693
355281
355256
355174
355167
355123
354766
354644
354636
354318
354236
354189
354167
354086
353865
353849
353839
353731
353608
353554
353395
353324
352658
352625
352392
352120
352094
352090
352077
352020
351990
351970
351937
351833
351782
351538
351531
351210
351074
350723
350608
350578
350557
350532
350357
350348
350274
350271
350262
350193
350110
350033
349882
349798
349707
349622
349596
349373
349345
349283
349255
349232
349200
349119
349041
349032
349009
348967
348832
348809
348725
348691
348686
348641
348379
348118
348068
347904
347868
347865
347792
347773
347540
347521
347461
347449
347343
347257
347242
347134
347131
347079
346822
346794
346603
346251
346217
346085
346073
346066
346023
346011
345924
345859
345688
345635
345570
345440
345378
345377
345250
345220
345197
345087
344851
344730
344612
344404
344278
344220
344219
344202
344151
344145
344117
344098
344048
344022
343976
343932
343696
343688
343614
343596
343517
343460
343447
343382
343125
343095
342964
342866
342817
342806
342789
342754
342544
342402
342370
342310
342158
342039
341933
341821
341770
341639
341577
341363
341121
341060
341029
341025
341002
340864
340679
340468
340335
340326
340326
340259
340111
340042
339976
339880
339825
339764
339590
339489
339370
339278
339130
339013
338995
338991
338984
338810
338751
338645
338517
338374
338156
338139
337949
337859
337601
337588
337062
336971
336942
336783
336686
336640
336494
336461
336429
336199
336037
335803
335776
335700
335554
335523
335347
335344
335270
335261
335038
335028
334658
334608
334598
334596
334428
334411
334321
334292
334274
334223
334217
334207
334105
334011
333954
333738
333733
333691
333554
333516
333423
333201
333131
333076
332726
332552
332300
332214
332081
332044
331972
331848
331801
331797
331702
331663
331526
331354
331297
331089
331011
330946
330935
330913
330836
330649
330503
330457
330357
330305
330139
330104
329885
329718
329604
329233
328983
328889
328778
328691
328683
328560
328472
328454
328390
328334
328242
328172
328021
327997
327991
327825
327492
327432
327414
327333
327307
327108
327079
327038
326940
326856
326730
326688
326611
326443
326223
326126
326087
325996
325466
324686
324612
324571
324397
324387
324338
324307
323975
323938
323749
323723
323647
323634
323538
323507
323430
323241
323173
323079
322930
322889
322800
322653
322453
322277
322146
321904
321876
321678
321550
321485
321484
321435
321375
321362
321145
320957
320919
320856
320707
320664
320602
320596
320580
320481
320351
320209
320198
319891
319839
319780
319655
319651
319625
319575
319468
319457
319417
319282
319104
318970
318915
318904
318871
318794
318713
318667
318630
318578
318552
318224
318044
318017
317840
317767
317712
317684
317620
317601
317599
317036
316886
316853
316834
316803
316793
316789
316422
316374
316327
316286
316152
315994
315970
315792
315755
315684
315665
315644
315547
315171
315113
314991
314939
314788
314646
314605
314598
314553
314499
314430
314366
314318
314213
314182
314141
314107
314107
314101
314086
313925
313900
313835
313798
313611
313608
313581
313578
313359
313333
313111
313009
312918
312866
312666
312594
312354
312172
312134
312019
312009
311949
311718
311651
311493
311473
311261
311010
310815
310776
310763
310747
310643
310496
310493
310397
310207
310164
310124
309986
309973
309941
309755
309721
309439
309407
309108
309078
308975
308830
308787
308700
308681
308650
308633
308552
308444
308444
308338
308117
308002
307949
307776
307664
307634
307574
307551
307395
307200
307092
307021
306998
306936
306880
306790
306752
306747
306745
306735
306666
306265
306202
306178
305914
305867
305590
305565
305442
305156
304958
304944
304874
304807
304622
304606
304593
304582
304312
304126
304044
303641
303583
303551
303412
303410
303263
302860
302788
302717
302639
302578
302574
302552
302331
302329
301966
301792
301642
301510
301481
301437
301328
301310
301301
301264
301176
301121
301094
300764
300550
300499
300430
300418
300346
300102
300073
299990
299928
299874
299687
299615
299555
299359
299309
299206
299152
299095
299071
299049
298969
298878
298840
298743
298725
298628
298626
298558
298503
298426
298391
298262
298229
298214
298071
298056
297817
297774
297699
297662
297658
297629
297571
297537
297499
297492
297482
297481
297372
297362
297246
297074
297060
296871
296786
296754
296635
296554
296542
295820
295731
295493
295196
294832
294442
294418
294324
293847
293279
293204
293038
292946
292923
292873
292867
292741
292574
292506
292347
292250
292202
292027
291981
291658
291605
291481
291415
291390
291287
291275
291264
290889
290652
290650
290547
290370
290212
290200
290197
290149
290111
290080
290068
289929
289854
289838
289619
289248
288959
288911
288436
288415
288314
288281
288228
288036
287757
287697
287696
287686
287672
287474
287439
287438
287426
287200
287161
287003
286930
286852
286763
286617
286597
286523
286371
286226
286061
286059
285755
285723
285631
285596
285436
285357
285233
285157
285150
285129
285045
284935
284739
284154
284065
284052
283753
283723
283548
283547
283397
283362
283250
283233
283195
283016
282989
282978
282918
282845
282819
282805
282737
282668
282651
282643
282621
282554
282511
282497
282417
282349
282253
282245
282026
281977
281871
281857
281843
281835
281793
281678
281662
281521
281493
281257
281131
281083
280845
280793
280782
280730
280610
280357
280223
280209
280174
279880
279879
279868
279855
279717
279500
279459
279191
279173
279152
279146
278943
278787
278688
278669
278613
278489
278462
278253
278187
278153
278150
278139
277819
277814
277809
277742
277640
277521
277407
277382
277283
277206
276998
276835
276834
276493
276223
276156
276108
276074
275970
275955
275777
275635
275617
275521
275463
275413
275316
275283
275094
274855
274820
274812
274784
274617
274598
274508
274351
274330
274289
274285
274079
274035
273971
273863
273849
273841
273813
273479
273436
273402
273157
272985
272863
272738
272640
272620
272443
272243
272240
272239
272088
271960
271840
271751
271658
271539
271422
271405
271329
271309
271251
270990
270878
270818
270781
270633
270565
270311
270274
270107
269961
269759
269745
269726
269723
269495
269310
269269
269257
269250
269160
269076
268966
268836
268824
268504
268500
268385
268243
268126
267992
267912
267764
267683
267655
267617
267615
267587
267552
267122
267046
266981
266964
266731
266620
266398
266390
266289
266254
266254
266159
265971
265937
265886
265876
265740
265735
265719
265504
265447
265358
265267
265062
265039
265026
264930
264918
264845
264828
264576
264560
264321
264109
264069
263860
263828
263739
263634
263631
263613
263480
263335
262861
262588
262387
262197
262072
262068
261862
261644
261623
261609
261544
261534
261471
261341
261337
261297
260962
260937
260904
260857
260807
260792
260704
260348
260307
260250
260183
260113
260104
260054
260021
259945
259727
259684
259662
259462
259442
259208
259131
259131
259071
258992
258803
258737
258724
258664
258663
258592
258483
258478
258399
258389
258294
257929
257884
257873
257865
257848
257787
257651
257581
257478
257276
257146
257114
257109
256996
256985
256982
256939
256849
256769
256722
256480
256468
256461
256242
256241
256045
255813
255668
255558
255413
255220
255161
255040
255033
254881
254788
254580
254522
254442
254237
254159
254121
254117
254087
253869
253829
253726
253655
253532
253493
253148
253142
253123
252736
252638
252609
252581
252465
252222
252071
252009
251818
251781
251749
251653
251622
251590
251576
251564
251512
251407
251389
251369
251194
251132
250987
250898
250814
250777
250775
250748
250730
250650
250625
250598
250320
250304
250255
250098
250065
249862
249704
249651
249632
249461
249326
249322
249281
249174
249001
248970
248819
248779
248714
248545
248469
248354
248295
248140
248120
248111
248092
248009
247895
247823
247823
247747
247699
247660
247614
247541
247461
247425
247406
247173
247135
247104
247011
246960
246860
246650
246619
246517
246495
246455
246284
246195
246090
246078
246035
246031
245948
245872
245738
245588
245382
245010
244869
244840
244456
244435
244406
243927
243896
243888
243838
243454
243401
243309
243300
243281
243214
243110
243039
243016
242949
242873
242787
242600
242483
242407
242404
242286
242259
242193
242182
242030
241961
241943
241865
241759
241535
241501
241454
241390
241231
241173
240956
240884
240785
240720
240529
240508
240424
240400
240286
240113
240050
239924
239785
239750
239735
239686
239511
239507
239504
239477
239451
239427
239376
239371
239078
239006
238935
238895
238759
238634
238632
238498
238385
238313
238166
238090
237754
237742
237728
237634
237471
237306
237270
237238
237060
236991
236954
236945
236643
236272
236187
235997
235615
235584
235545
235476
235360
235312
235120
234827
234351
234312
234217
234213
234138
233753
233734
233685
233603
233476
233429
233389
233366
233302
233301
232797
232756
232684
232617
232378
232372
232366
232134
232020
231945
231810
231809
231767
231739
231115
230982
230951
230712
230643
230619
230605
230589
230251
229954
229945
229927
229744
229722
229695
229670
229555
229401
229372
229329
229283
229275
229225
229190
229176
229014
228935
228918
228900
228899
228800
228760
228683
228653
228620
228503
228434
228295
228229
227989
227975
227891
227873
227811
227640
227605
227538
227482
227420
227208
227138
227137
227088
226935
226825
226716
226658
226625
226597
226386
226303
226214
226180
226036
225995
225783
225742
225655
225555
225160
225071
225026
224984
224934
224928
224890
224763
224450
224387
224067
223994
223963
223819
223628
223603
223596
223401
223216
223165
223054
223035
222871
222768
222704
222510
222379
222365
222362
222244
222163
222011
221856
221813
221780
221728
221546
221530
221407
221330
221314
221267
221247
221176
221164
221146
221113
220773
220660
220548
220357
220277
220067
219932
219751
219683
219620
219591
219341
219329
219292
219203
219085
219026
218999
218712
218662
218503
218334
218324
218133
218005
217914
217818
217768
217732
217680
217536
217268
217082
217014
217003
216982
216750
216748
216637
216404
216297
216207
216050
215881
215834
215770
215414
215246
215239
215009
214854
214704
214667
214599
214563
214377
214084
213874
213872
213595
213584
213574
213556
213436
213410
213339
213325
213006
212943
212774
212660
212495
212448
212392
212295
212274
212270
212208
212174
212145
211978
211848
211789
211767
211742
211714
211521
211284
211270
211255
211072
211036
210961
210913
210872
210857
210857
210800
210617
210383
210360
210311
210178
209902
209739
209723
209713
209708
209624
209378
209180
209089
209078
209030
209001
208773
208478
208464
208450
208428
208405
208327
208073
208059
208056
208052
207930
207890
207834
207822
207817
207783
207601
207551
207228
207200
207132
206989
206844
206778
206675
206640
206582
206282
206265
206247
206134
205679
205678
205647
205505
205424
205312
205247
205117
204918
204761
204739
204419
204367
204274
204239
204017
203999
203894
203878
203820
203605
203438
203416
203301
203165
203139
203105
203080
202986
202860
202843
202790
202662
202590
202573
202378
202254
202181
202165
202057
202020
202012
201968
201828
201818
201815
201760
201731
201720
201655
201505
201394
201315
201150
201017
200914
200838
200655
200477
200263
200078
200055
200044
199956
199916
199870
199870
199846
199792
199515
199501
199459
199221
199213
198922
198920
198911
198908
198804
198600
198583
198518
198487
198270
198147
198083
198050
197953
197869
197722
197721
197693
197444
197335
197271
197246
197036
197026
196939
196841
196509
196464
196438
196365
196254
196204
196186
196107
196088
196075
196018
195955
195932
195918
195812
195659
195447
195368
195368
195308
195300
195251
195207
195137
195104
194828
194777
194537
194451
194203
194044
194002
193918
193725
193600
193494
193422
193355
193208
192956
192626
192459
192452
192305
192214
192165
192026
191935
191364
191310
191219
191161
191111
191111
191081
191068
191065
190949
190861
190734
190563
190497
190494
190357
190206
190125
190081
189920
189610
189579
189425
189412
189401
189291
189248
189176
189147
189069
188841
188768
188719
188683
188508
188502
188497
188457
188129
188064
188006
187885
187881
187775
187458
187245
187226
187186
187111
186893
186829
186806
186755
186635
186525
186389
186344
186288
186198
185935
185924
185889
185880
185714
185695
185671
185591
185287
185164
185109
185107
185086
185084
184729
184711
184700
184532
184402
184276
184173
184098
184002
183829
183606
183538
183500
183452
183410
183392
183251
183077
183042
182969
182947
182942
182897
182814
182769
182701
182299
182163
181919
181889
181724
181620
181592
181416
181311
181294
181254
181113
181078
180712
180477
180423
180362
180284
180158
180105
180057
179985
179981
179627
178910
178851
178806
178547
178271
178191
178085
178080
178009
177964
177897
177882
177683
177353
177121
177110
176816
176804
176541
176163
175846
175810
175723
175489
175447
175419
175321
175255
175225
175042
174977
174881
174826
174704
174630
174630
174560
174521
174397
174233
174208
174193
174141
174117
174015
173991
173963
173866
173849
173767
173732
173428
173210
173139
173000
172731
172563
172450
172204
172196
172122
172011
171865
171846
171411
171340
171328
171099
170481
170381
170160
170055
170025
169960
169921
169605
169589
169536
169429
169316
169295
169245
169203
169173
169125
169003
168971
168842
168747
168369
168286
168245
168068
167954
167793
167640
167613
167604
167571
167456
167326
167317
167226
166958
166885
166761
166677
166673
166641
166559
166484
166349
166316
166048
165665
165435
165381
165337
165196
165092
165089
165077
165036
165017
164867
164805
164630
164590
164478
164432
164419
164397
164346
164302
164234
164119
163998
163976
163929
163927
163917
163903
163823
163601
163528
163528
163455
163438
163332
163172
163158
163068
163004
162651
162547
162232
162042
161803
161754
161659
161589
161471
161467
161228
161148
161147
161066
160980
160860
160691
160549
160531
160314
160189
160179
160092
160031
160012
159978
159929
159919
159916
159874
159781
159744
159684
159641
159240
159024
158983
158961
158948
158553
158524
158440
158297
158125
158038
157923
157776
157691
157586
157456
157416
157027
157025
156979
156877
156836
156794
156757
156722
156636
156611
156528
156424
156378
156148
156139
156090
155980
155629
155621
155381
155343
155336
155221
155146
155119
154991
154922
154849
154733
154708
154591
154550
154529
154347
154327
154278
154007
153862
153835
153824
153751
153719
153710
153662
153453
153403
153282
153198
153135
153083
152962
152778
152718
152697
152598
152572
152522
152457
152444
152405
152394
152361
152334
151843
151840
151593
151495
151481
151285
151205
151139
151075
150994
150966
150897
150892
150880
150840
150785
150760
150674
150659
150371
150308
150152
150151
150110
149988
149796
149528
149490
149451
149286
148991
148915
148873
148490
148373
148317
148167
148166
148145
148064
148051
147977
147942
147770
147757
147681
147613
147507
147473
147248
147127
147003
146979
146877
146860
146795
146513
146268
146260
145897
145885
145844
145643
145567
145203
145167
145152
145110
144911
144809
144545
144463
144463
144418
144250
144219
144207
144201
144142
144047
143907
143711
143469
143082
142757
142750
142738
142643
142634
142580
142557
142327
142272
142269
142201
142039
141946
141876
141758
141699
141613
141562
141469
141318
141221
140748
140658
140568
140513
140487
140480
140468
140383
140066
140038
140029
139982
139874
139815
139633
139479
139444
139350
139228
139169
139102
138947
138932
138833
138793
138737
138540
138489
138284
138132
138030
137917
137844
137806
137776
137715
137575
137538
137444
137321
137150
137078
136992
136861
136813
136703
136663
136300
135974
135923
135826
135720
135693
135611
135227
135192
135182
134924
134868
134866
134866
134713
134705
134646
134599
134595
134390
134345
134244
134181
134104
134044
134018
133926
133799
133739
133652
133647
133629
133336
133297
133202
133132
133027
133018
132974
132856
132830
132795
132699
132594
132588
132428
132396
132205
132201
132134
132117
132078
131947
131866
131812
131622
131497
131436
131225
131209
131181
131171
131148
131044
131030
130937
130928
130827
130821
130755
130429
130237
129883
129870
129857
129838
129796
129678
129587
129543
129521
129431
129270
129146
128983
128870
128754
128679
128646
128592
128582
128363
128254
128018
127983
127936
127795
127612
127549
127522
127466
127339
127252
127044
127007
126989
126947
126812
126737
126719
126668
126579
126440
126359
126130
126075
126024
125723
125711
125615
125575
125450
125436
125289
125287
125264
125041
124709
124675
124631
124620
124521
124472
124289
124283
124081
124053
123976
123918
123837
123563
123446
123433
123397
123396
123375
123235
123041
122887
122789
122681
122626
122539
122474
122440
122284
122252
122242
122088
122008
121918
121740
121719
121626
121378
121166
121088
121052
120920
120905
120872
120493
120394
120388
120170
120104
119919
119684
119624
119604
119296
118803
118545
118429
118385
118369
118040
118026
117523
117461
117460
117329
117242
117226
117110
116756
116467
116462
116113
115968
115746
115735
115493
115345
115276
115138
115069
115002
114992
114873
114750
114651
114504
114361
114183
114176
114122
114042
113922
113887
113831
113823
113566
113532
113528
113422
113307
113233
113201
113101
112981
112950
112922
112752
112625
112596
112441
112123
112112
112066
112045
112006
111823
111754
111490
111448
111383
111179
111158
111061
111049
110804
110724
110542
110444
110248
110244
110133
110120
110041
109803
109760
109493
109240
109212
109069
108968
108799
108773
108752
108738
108507
108467
108449
108426
108285
108264
108211
108078
108055
107985
107950
107880
107633
107597
107570
107496
106900
106780
106765
106764
106549
106530
106482
106450
106449
106439
106431
106282
106277
106248
106036
105980
105921
105723
105643
105642
105437
105236
105184
105182
105129
105094
105043
104802
104656
104516
104355
104212
103959
103867
103859
103783
103781
103691
103574
103448
103370
103342
103137
103069
102992
102930
102890
102480
102410
102365
102346
102233
102211
102098
102023
101922
101917
101908
101903
101842
101761
101721
101647
101589
101445
101412
101295
101255
101202
101152
101150
100757
100720
100417
100265
100177
100134
100107
100082
99951
99784
99781
99549
99327
99271
99228
98892
98866
98568
98486
98139
98134
98026
97908
97801
97433
97293
97219
97173
97128
97044
96868
96798
96759
96709
96639
96532
96514
96459
96392
96329
96276
96235
96186
96119
96116
96091
96091
95979
95923
95880
95610
95520
95461
95369
95103
95048
94737
94578
94544
94512
94506
94438
94367
94327
94229
94145
94097
93993
93963
93935
93913
93875
93743
93739
93540
93440
93270
93237
93133
93087
93065
92999
92958
92351
92351
92316
92232
92193
92162
92105
91903
91804
91576
91564
91540
91405
91365
91274
91222
91118
91099
90953
90948
90914
90852
90768
90725
90591
90521
90507
90497
90434
90222
90188
90131
90129
90076
90021
89943
89783
89682
89517
89434
89405
89282
89269
89211
89206
88860
88792
88722
88619
88540
88423
88296
88022
87978
87966
87824
87779
87690
87658
87636
87522
87463
87451
87389
87380
87353
87291
87171
86968
86950
86830
86698
86568
86457
86107
86026
85827
85768
85768
85494
85436
85077
85015
84938
84925
84692
84501
84432
84388
84342
84289
84277
84138
83194
83189
83090
83078
83076
83067
82887
82852
82613
82596
82539
82472
82351
82077
82017
81958
81850
81663
81633
81517
81466
81450
81446
81329
81251
81229
81158
81155
80971
80808
80770
80728
80661
80626
80543
80358
80312
80165
80129
80009
79798
79784
79569
79414
79408
79372
79205
79170
79050
78971
78939
78932
78812
78804
78566
78507
78463
78164
78121
77885
77873
77724
77650
77637
77594
77577
77300
77245
77185
77106
76818
76815
76809
76727
76583
76575
76116
75798
75788
75684
75597
75574
75478
75469
75343
75108
75038
74954
74727
74648
74623
74338
73932
73848
73752
73730
73525
73479
73470
73462
73341
73249
72892
72829
72691
72549
72532
72409
72378
72340
72320
71968
71827
71726
71703
71613
71458
71266
70955
70769
70743
70707
70594
70448
70377
70247
70063
70062
70001
69980
69758
69521
69255
69101
69090
68803
68800
68717
68609
68603
68583
68461
68213
68195
68132
68110
68085
67984
67902
67892
67833
67601
67546
67459
67416
67335
67322
67128
67103
66958
66857
66803
66638
66448
66343
66279
66193
66163
66073
65969
65966
65294
65098
65026
65025
64841
64692
64489
64467
64411
64404
64181
64129
64072
63980
63836
63458
63355
63092
63086
63046
62908
62888
62342
62195
62155
62087
62030
61969
61956
61951
61898
61890
61883
61756
61741
61679
61670
61615
61610
61542
61515
61304
61139
61044
61013
61004
60990
60918
60818
60804
60633
60563
60401
60337
60307
60262
60243
60214
60182
60126
60125
59991
59731
59497
59368
59294
59253
59222
59132
58565
58514
58400
58260
57820
57784
57701
57660
57533
57497
57483
57477
57276
57190
56885
56801
56664
56511
56396
56360
56349
56197
55946
55743
55521
55344
55333
55199
55170
55122
54501
54231
54203
54069
54057
54034
54025
53920
53811
53542
53494
53487
53449
53305
53286
53154
53154
53078
53068
53009
52656
52421
52367
52203
52175
52148
52119
52081
52079
51978
51859
51829
51630
51525
51416
51400
51369
51267
50876
50748
50710
50690
50617
50548
50241
49868
49729
49676
49660
49550
49461
49422
49306
49289
49271
49050
48936
48777
48710
48638
48584
48440
48399
48333
48331
48160
47880
47872
47849
47703
47679
47556
47518
47516
47433
47394
47240
47008
46843
46817
46759
46757
46647
46511
46495
46450
46396
46266
46189
46184
46154
46099
46082
46066
45941
45927
45679
45590
45412
45351
44948
44929
44903
44888
44797
44581
44406
44346
43948
43921
43867
43864
43426
43370
43344
43253
43134
43059
43001
42843
42724
42706
42683
42641
42629
42572
42524
42423
42388
42321
42300
42177
41899
41597
41567
41450
41443
41413
41331
41324
41068
41032
40918
40892
40720
40704
40433
40210
40180
40173
40146
40018
39932
39733
39676
39401
39313
39145
39062
39060
39019
38733
38452
38434
38241
38198
38047
37935
37667
37505
37491
37488
37476
37368
37293
37239
37200
37086
37056
36968
36428
36417
36367
36366
36322
36315
36227
36179
36166
36065
35793
35655
35588
35296
35267
35120
35000
34967
34805
34765
34759
34724
34601
34583
34455
34420
34391
34323
34293
34003
33798
33474
33352
33293
33194
33128
33125
33082
33075
32984
32905
32813
32762
32692
32675
32632
32625
32480
32427
32160
32013
31970
31913
31908
31701
31659
31462
31446
31369
31354
31098
31017
30887
30844
30768
30766
30613
30607
30572
30511
30488
30468
30337
30310
30309
30271
30249
30210
30162
30136
29899
29895
29688
29447
29398
29298
29058
28979
28941
28917
28872
28858
28818
28752
28728
28528
28407
28356
28342
28154
28091
27977
27943
27827
27546
27543
27521
27427
27203
27134
26967
26855
26821
26609
26585
26436
26416
26414
26229
25907
25686
25632
25596
25505
25341
25336
25325
25269
25177
25165
24578
24515
24473
24458
24362
24084
24057
23910
23809
23634
23378
22826
22801
22766
22578
22522
22374
22361
22303
22234
22152
21995
21919
21892
21841
21714
21561
21427
21371
21364
21183
21157
20997
20968
20786
20751
20408
20318
20211
20143
20136
19684
19605
19602
19551
19341
18923
18779
18731
18700
18699
18670
18586
18580
18465
18462
18416
18376
18245
18237
18138
18077
18034
17966
17889
17774
17730
17696
17663
17662
17428
17220
17173
17102
16907
16725
16676
16428
16151
16150
16037
16021
15980
15933
15888
15862
15801
15748
15681
15453
15406
15338
15300
15297
15293
15170
15066
15038
14956
14844
14805
14795
14408
14128
14120
14060
14050
14030
13913
13644
13624
13623
13474
13465
13423
12906
12638
12388
12346
12181
12049
12015
11930
11657
11446
11403
11386
11298
11204
11122
11075
10972
10942
10880
10720
10688
10620
10604
10527
10334
10028
9910
9827
9815
9677
9629
9586
9536
9494
9419
9218
9150
9064
8731
8690
8637
8602
8580
8264
8133
7933
7933
7860
7674
7664
7631
7388
7204
7187
7185
7170
7143
7123
7091
7077
6819
6770
6655
6621
6566
6533
6128
6070
6004
5895
5888
5829
5660
5633
5564
5555
5533
5522
5466
5449
5442
5408
5333
5291
5237
5188
5131
5031
5016
4965
4803
4773
4758
4742
4711
4686
4626
4623
4448
4382
4311
4165
4136
4023
3991
3723
3491
3176
3080
3074
2911
2869
2854
2818
2543
2374
2246
2230
2130
2056
1976
1854
1842
1669
1607
1541
1506
1498
1427
972
749
534
384
204
