10000
16
46
61
344
420
745
858
1015
1043
1156
1277
1295
1433
1566
1570
1751
1751
1787
1888
1905
2010
2499
2724
2765
2961
3079
3209
3267
3345
3418
3457
3596
3599
3683
3789
3824
3993
4033
4034
4248
4259
4359
4411
4481
4693
4892
4964
5008
5446
5844
5921
6152
6377
6453
6509
6535
6628
6632
6651
6749
7056
7063
7353
7357
7366
7448
7659
7760
7805
8025
8270
8363
8422
8438
8611
8696
8722
8769
8809
8837
9009
9062
9172
9307
9705
9756
9776
9940
10027
10078
10089
10296
10418
10483
10548
10574
10608
10667
10798
10800
10858
11146
11151
11179
11253
11661
11683
11699
11738
11746
11764
11894
11944
11948
11975
12069
12242
12331
12336
12374
12793
12881
13058
13207
13252
13296
13338
13413
13704
13713
13825
13870
13894
13992
14041
14412
14456
14602
14624
14627
14811
14890
14958
15132
15144
15147
15169
15359
15449
15546
15554
15600
15671
15821
15928
15939
16008
16150
16164
16190
16243
16301
16352
16375
16407
16435
16471
16529
16558
16626
16717
16717
16803
17012
17087
17388
17489
17492
17559
17600
17650
17699
17975
18007
18059
18084
18136
18210
18239
18246
18451
18501
18544
18626
18709
18841
18871
19062
19149
19293
19315
19409
19679
19691
19703
19710
19797
19842
19901
20055
20316
20567
20578
20610
20634
20741
20802
21048
21065
21080
21255
21308
21418
21478
21710
21884
21890
22258
22260
22338
22474
22478
22686
22781
22872
22886
23041
23234
23270
23324
23496
23637
23650
23785
23828
23830
23921
24207
24309
24335
24342
24491
24542
24616
24641
24663
24729
24794
25029
25037
25117
25200
25201
25249
25362
25661
25842
25849
25907
25939
26057
26092
26355
26410
26520
26577
26892
27048
27098
27242
27309
27511
27566
27643
27815
27971
28148
28156
28448
28486
28545
28560
28637
28785
28879
28919
28932
29039
29096
29187
29192
29209
29239
29275
29662
29782
29786
29893
29943
30000
30158
30180
30182
30249
30251
30383
30389
30567
30639
30642
30661
30716
30781
30853
31032
31050
31163
31214
31286
31428
31467
31474
31563
31998
32177
32317
32322
32487
32773
32878
32918
32934
33006
33033
33356
33774
33795
34030
34318
34348
34387
34449
34462
34589
34652
34742
34803
34834
34841
35029
35106
35160
35271
35437
35450
35537
35600
35672
35724
35910
35934
36076
36217
36329
36379
36459
36627
36644
36653
36700
36732
36798
36914
36970
36992
37054
37484
37667
37671
37773
37788
37800
38040
38189
38214
38409
38414
38451
38486
38489
38541
38908
39111
39195
39266
39400
39416
39565
39663
39780
39846
39949
40016
40170
40373
40386
40709
40750
40751
40903
40921
41013
41359
41470
41561
41669
41742
41764
41992
42155
42201
42253
42584
42588
42696
42746
42865
42930
42971
42998
43056
43103
43161
43304
43446
43476
43510
43559
43632
43760
43824
43964
44010
44085
44117
44176
44330
44348
44355
44518
44539
44554
44601
44985
45001
45110
45180
45255
45323
45330
45432
45454
45485
45603
45864
45878
46087
46094
46125
46256
46303
46427
46506
46589
46661
46672
46837
46905
46964
46980
47070
47098
47161
47258
47276
47286
48004
48028
48251
48344
48382
48450
48697
48745
48818
48920
48927
49169
49183
49197
49330
49474
49637
49765
49832
49851
50050
50105
50113
50287
50297
50416
50800
50811
50832
51054
51154
51628
51769
51789
51843
51899
51962
52057
52220
52229
52398
52546
52569
52648
52751
52771
52777
52839
52848
52954
52962
53524
53631
53642
53647
53663
54198
54395
54456
54694
54733
54739
54911
55019
55227
55240
55265
55548
55647
55752
55782
55787
55787
55911
55944
56021
56028
56051
56161
56198
56253
56398
56493
56534
56583
56627
56663
56774
56814
56827
56917
57070
57090
57140
57264
57303
57335
57433
57505
57795
57953
57978
58144
58171
58326
58446
58554
59030
59090
59104
59260
59352
59524
59525
59627
59709
59718
59723
59729
59748
59952
60016
60055
60109
60136
60222
60253
60406
60490
60532
60699
60817
60949
61042
61075
61292
61337
61373
61458
61666
61683
61786
61858
61868
62017
62151
62177
62271
62615
62687
62705
62719
62767
62914
62919
63248
63371
63519
63543
63595
63623
63634
63662
63685
63773
63789
63832
63852
64121
64223
64328
64409
64458
64526
64537
64713
64741
64834
65126
65233
65261
65718
66030
66100
66126
66216
66229
66518
66531
66568
66780
66953
67008
67171
67316
67318
67429
67616
67727
67794
67859
67880
68145
68287
68317
68385
68560
68622
68733
68873
68922
68973
69099
69293
69343
69348
69367
69373
69532
69544
69705
69747
69820
69821
70002
70009
70065
70072
70118
70182
70240
70423
70497
70516
70675
70755
70835
70838
71041
71259
71451
71455
71488
71563
71647
71689
71776
71792
71828
71859
71875
72136
72250
72310
72402
72428
72601
72743
72779
72782
72805
72985
73049
73428
73526
73533
73677
73721
73827
73852
74133
74176
74208
74240
74242
74315
74468
74616
74623
74626
74788
74959
74979
75002
75062
75285
75430
75601
75698
75765
75825
75835
75878
75973
76180
76233
76285
76301
76326
76373
76430
76495
76572
76664
76689
77061
77062
77250
77278
77521
77597
77635
77676
77695
77845
77849
77899
77915
77933
78036
78045
78150
78406
78442
78695
78735
78737
78754
78843
78866
79130
79278
79286
79455
79456
79965
79984
80062
80242
80325
80376
80437
80581
80711
80809
80855
80872
81019
81591
81646
81720
81922
81942
82100
82180
82280
82282
82330
82402
82480
82508
82781
82818
82824
82838
83131
83320
83331
83339
83511
83575
83719
83774
83826
83964
84049
84180
84197
84524
84655
84671
84691
84835
85410
85871
86135
86142
86269
86352
86418
86445
86491
86619
86653
86697
86798
86858
86951
87415
87456
87483
87659
87773
87810
87865
88101
88152
88227
88272
88622
88636
88864
89033
89222
89401
89676
89769
89904
89940
89959
90027
90079
90245
90373
90399
90438
90443
90893
90956
91003
91084
91112
91302
91350
91590
91618
91642
91774
91778
91838
91839
91842
91982
91985
91994
92154
92158
92194
92217
92235
92263
92400
92439
92544
92581
92710
92767
92853
92867
92919
92961
92995
93175
93279
93297
93562
93602
93729
93769
93816
93845
93932
93949
93950
94021
94187
94296
94343
94359
94433
94444
94537
94639
94752
95022
95048
95077
95092
95131
95265
95337
95343
95389
95424
95623
95625
95752
95891
95981
96114
96139
96235
96250
96381
96431
96446
96507
96556
96567
96573
96605
96630
96692
96874
96902
96911
96946
96982
97208
97223
97302
97408
97473
97497
97660
97686
97797
97824
97885
97901
97919
98022
98173
98287
98301
98399
98586
98912
99017
99023
99429
99475
99653
99922
100060
100214
100230
100236
100337
100402
100519
100670
100694
100893
100940
101075
101109
101136
101209
101220
101233
101253
101330
101350
101393
101466
101578
101620
101697
101760
101968
101987
102094
102157
102162
102179
102194
102233
102269
102352
102413
102702
102762
102781
102954
103122
103435
103527
103685
103764
103805
103836
103919
103933
104061
104230
104415
104510
104548
104574
104687
104733
104759
105252
105311
105393
105419
105449
105488
105541
105545
105567
105579
105703
106077
106094
106335
106356
106429
106430
106765
106875
107099
107189
107428
107698
107914
107937
108058
108074
108368
108417
108557
108580
108616
108868
108927
109016
109091
109124
109149
109156
109242
109261
109586
109673
109695
109879
109894
109906
110024
110233
110330
110383
110646
110650
110754
110812
110918
111053
111229
111327
111378
111563
111652
111996
112077
112123
112215
112244
112297
112304
112399
112547
112568
112658
112681
112722
112830
112840
113075
113100
113141
113279
113360
113428
113472
113503
113656
113659
113672
113800
113935
114066
114194
114246
114368
114402
114460
114476
114549
114651
114756
114866
115000
115130
115242
115270
115581
115658
115755
115879
116043
116243
116264
116266
116322
116402
116492
116501
116744
116745
116750
116947
117232
117239
117308
117472
117664
117719
118070
118175
118343
118348
118370
118394
118397
118400
118449
118456
118463
118487
118491
118535
118643
118670
118702
118836
118955
118958
119020
119034
119190
119241
119264
119407
119465
119567
119625
119697
119746
119779
119787
120062
120080
120497
120543
120574
121001
121008
121089
121239
121485
121492
121566
121629
121774
121831
121841
122023
122023
122038
122141
122425
122457
122464
122489
122510
122562
122615
122866
122868
123138
123170
123172
123384
123429
123650
123784
123827
123831
123886
123917
123930
124006
124072
124094
124191
124242
124428
124498
124504
124857
124899
125059
125196
125203
125276
125466
125513
125592
125653
125712
125951
125959
125987
126035
126109
126250
126274
126282
126285
126354
126485
126500
126557
126591
126598
126861
126868
126893
126951
126956
127004
127170
127190
127230
127463
127484
127499
127615
127667
127706
127753
127915
127976
128071
128084
128161
128241
128289
128320
128417
128434
128668
128822
128845
128979
129235
129250
129266
129311
129371
129398
129602
129661
129704
129944
129963
130269
130502
130504
130522
130743
130838
130897
130942
131064
131178
131192
131206
131212
131212
131256
131321
131453
131497
131519
131666
132098
132289
132515
132619
132656
132757
132837
132922
132931
132945
132952
133212
133241
133678
133712
133739
133960
133980
134036
134248
134613
134635
134654
134658
134806
134907
135021
135069
135089
135092
135107
135114
135221
135253
135391
135407
135475
135497
135651
135784
136005
136314
136359
136615
136689
136692
136981
137016
137086
137109
137175
137358
137414
137510
137605
137719
137835
137892
137896
137995
137998
138087
138093
138118
138163
138194
138265
138453
138705
138775
138790
138922
139043
139214
139373
139540
139590
139674
139678
139746
139751
139833
139880
139928
139930
139976
140120
140259
140563
140566
140599
140642
140766
140860
141416
141424
141522
141622
141631
141650
141682
142107
142120
142136
142248
142385
142770
142818
142861
142929
143045
143062
143094
143323
143394
143672
143685
143703
143733
143871
143915
143973
144009
144060
144143
144302
144323
144544
144636
144865
144969
145254
145304
145786
145797
145856
145903
146057
146127
146261
146357
146477
146580
146592
146671
146678
146698
146763
146781
146811
146812
146877
146934
146985
147038
147097
147131
147187
147334
147395
147896
147931
148122
148297
148344
148419
148759
148823
149050
149167
149377
149516
149523
149526
149731
149742
149838
149875
149917
150022
150138
150301
150331
150361
150366
150519
150527
150559
150571
150767
150953
151262
151270
151274
151348
151536
151572
151600
151608
151667
151670
151701
151770
151923
152054
152077
152404
152574
152836
152921
153003
153186
153272
153440
153455
153456
153549
153705
153719
153736
153791
153828
153919
154370
154548
154672
154686
154783
154841
154970
155075
155232
155249
155282
155416
155440
155457
155470
155673
155696
155830
155845
156051
156092
156274
156301
156567
156616
156686
156779
156956
157124
157221
157360
157429
157566
157662
157721
157732
157966
157977
158216
158297
158373
158415
158501
158555
158582
158610
158705
158746
158921
159177
159236
159287
159469
159590
159861
159863
160090
160101
160143
160194
160246
160618
160787
160827
161090
161189
161411
161439
161612
161633
161692
162071
162107
162310
162339
162375
162534
162577
162584
162989
163053
163080
163140
163338
163375
163376
163437
163496
163508
163625
163847
163991
164011
164185
164202
164450
164521
164581
164740
164798
164857
164873
164985
165065
165101
165178
165179
165184
165460
165808
165848
165903
165915
166079
166098
166457
166648
166728
166731
166743
166821
167119
167203
167270
167285
167362
167488
167599
167845
167920
168088
168094
168173
168245
168519
168521
168565
168576
168669
168675
168751
168911
169147
169173
169373
169617
170078
170406
170598
170663
170873
170891
170910
171064
171340
171344
171432
171477
171814
172027
172132
172200
172297
172376
172477
172505
172563
172651
172975
173151
173367
173468
173480
173497
173564
173583
173769
174038
174384
174409
174594
174673
174809
174848
174914
174959
175166
175271
175273
175316
175461
175688
175691
175856
175889
176267
176296
176317
176340
176449
176457
176485
176625
176705
176732
177110
177173
177248
177273
177418
177442
177486
177490
177546
177552
177562
177602
177785
177834
177842
177983
178074
178123
178176
178415
178459
178528
178580
178755
178917
178982
179050
179136
179277
179303
179589
179678
179712
179756
179882
180035
180130
180169
180251
180287
180338
180347
180363
180391
180501
180547
180768
181070
181553
181841
182002
182019
182196
182217
182309
182348
182709
182761
182775
182914
183032
183160
183183
183209
183376
183440
183517
183608
184022
184205
184290
184449
184454
184515
184637
184651
184701
184823
184891
185066
185106
185328
185358
185413
185481
185548
185580
185667
185707
185710
185723
185727
185758
185770
185974
186021
186029
186368
186467
186468
186480
186622
186778
186939
186990
187082
187092
187109
187253
187312
187521
187684
187726
187947
188053
188181
188263
188432
188481
188495
188675
188707
188806
188873
188930
188946
188958
189022
189024
189131
189269
189272
189407
189748
189780
189879
189919
190020
190123
190247
190566
190594
190620
190621
190718
190726
190886
191040
191103
191172
191252
191281
191515
191568
191796
191961
192263
192324
192506
192623
193013
193152
193311
193347
193421
193482
193539
193563
193587
193757
194147
194156
194166
194217
194577
194730
194877
194929
195028
195076
195098
195225
195340
195377
195387
195464
195544
195901
195965
195977
196032
196067
196143
196205
196299
196482
196590
196609
196721
196722
196941
196953
196957
196988
196989
197010
197034
197305
197360
197365
197455
197533
197834
197850
198030
198228
198334
198395
198493
198515
198657
198680
199040
199050
199068
199123
199156
199176
199369
199426
199737
199812
199849
199884
200037
200215
200232
200234
200420
200453
200584
200787
200795
200846
200859
201025
201232
201377
201395
201406
201569
201582
201617
201742
201790
201819
201898
201981
202109
202139
202162
202191
202309
202353
202405
202486
202529
202651
203111
203149
203162
203230
203346
203612
203629
203643
203668
203713
203828
203841
204044
204244
204258
204375
204402
204533
204602
204630
204646
204705
204791
204863
204961
205018
205375
205510
205624
205668
205710
205735
205736
205774
205854
205878
205994
206035
206240
206245
206256
206303
206371
206462
206503
206514
206534
206599
206608
206661
206704
206831
206901
207081
207189
207353
207522
207582
207622
207628
207718
207745
207752
207827
207877
208047
208064
208073
208106
208218
208373
208454
208475
208512
208516
208530
208630
208740
208883
208921
209077
209185
209251
209279
209330
209454
209778
209830
209919
210109
210261
210297
210528
210542
210552
210562
210765
210822
210823
210918
210946
210999
211073
211324
211415
211795
211826
211941
211979
212013
212063
212091
212182
212285
212495
212505
212670
212714
212744
212745
212866
212923
212975
213061
213158
213204
213453
213608
213659
213702
213855
213918
214054
214115
214137
214187
214189
214208
214332
214369
214371
214374
215032
215056
215061
215102
215132
215428
215732
215754
215774
215945
215982
216159
216811
216889
216940
217263
217271
217461
217500
217569
217689
217699
217835
217855
217908
217961
217984
218034
218236
218313
218420
218508
218728
218948
219212
219422
219718
219823
219861
219912
219951
219979
220004
220009
220032
220213
220365
220381
220458
220608
220644
220744
220752
220843
220869
220935
220939
220954
221040
221044
221148
221159
221245
221442
221715
221823
221882
221884
221963
222056
222147
222203
222266
222280
222456
222505
222554
222555
222667
222723
222731
222785
222789
222984
223011
223262
223460
223484
223522
223549
223589
223675
223747
223841
223909
223958
224005
224066
224153
224240
224516
224531
224633
224695
224766
224824
225486
225533
225606
225608
225762
225810
225811
226310
226317
226535
226699
226738
226805
226922
227010
227040
227115
227272
227376
227504
227782
227920
228005
228074
228101
228201
228229
228510
228576
228755
228791
229121
229129
229328
229336
229350
229474
229516
229647
229728
229803
229867
229893
229937
230000
230142
230600
230785
230812
230878
230980
231045
231059
231139
231226
231335
231415
231479
231519
231575
231698
231854
231901
232087
232168
232207
232410
232557
232598
232682
232873
232898
233023
233093
233111
233171
233274
233279
233465
233851
233966
234012
234083
234111
234252
234255
234348
234446
234638
234654
234778
234830
234993
235222
235275
235363
235459
235472
235696
235708
235753
235947
235991
236334
236422
236502
236505
236597
236602
236671
236755
236992
237126
237186
237320
237395
237441
237513
237513
237620
237689
237771
237878
237966
237982
238152
238214
238270
238319
238345
238519
238612
238657
238694
238896
238970
238990
239048
239219
239328
239539
239617
239688
239727
239744
239895
239902
239944
240022
240033
240106
240121
240330
240458
240459
240504
240576
240671
240685
240825
240831
240874
240918
241128
241144
241200
241235
241604
241617
241883
241927
242242
242478
242501
242632
242675
242907
243202
243236
243261
243356
243375
243485
243495
243552
243571
243747
243770
244034
244122
244139
244338
244356
244530
244565
244568
244571
244619
244815
244950
245044
245091
245093
245211
245302
245315
245447
245491
245617
245921
245956
246005
246069
246320
246394
246461
246517
246605
246769
246956
247158
247264
247305
247495
247554
247834
247982
248356
248455
248468
248493
248590
248661
248695
248813
249203
249227
249321
249345
249462
249472
249571
249660
249762
249824
249873
250009
250027
250191
250231
250297
250461
250490
250566
250895
250951
251089
251135
251150
251303
251537
251646
251712
251783
251834
252031
252187
252209
252359
252367
252449
252667
252851
252885
253199
253298
253528
253598
253655
253832
253965
254109
254151
254160
254165
254286
254322
254369
254383
254423
254444
254487
254560
254706
254722
254755
254792
254957
255117
255255
255480
255485
255507
255758
255843
255971
256019
256072
256097
256119
256161
256289
256299
256578
256631
256736
256762
256786
256902
257083
257125
257210
257215
257306
257486
257868
257881
258094
258131
258244
258266
258317
258552
258600
258656
258685
258980
259094
259306
259381
259422
259443
259605
259674
259722
259773
259835
259851
259940
259953
259954
260010
260088
260351
260388
260449
260526
260607
260690
260729
260861
260888
260984
261283
261366
261391
261401
261434
261714
261859
261980
262142
262487
262498
262501
262580
262654
262717
262797
262853
262968
263130
263313
263456
263470
263485
263541
263561
263701
263725
263779
263909
264118
264122
264202
264789
265189
265286
265308
265328
265385
265584
265737
265782
266022
266023
266041
266123
266172
266192
266408
266472
266678
266703
266790
266898
267069
267151
267323
267373
267466
267479
267660
267785
267791
267908
268004
268109
268129
268135
268177
268357
268525
268540
268563
268611
268737
269050
269150
269252
269563
269669
269785
269875
269912
269940
269957
270000
270211
270263
270318
270473
270475
270653
270657
270836
270925
271003
271178
271685
271775
271800
271815
271901
271962
271974
272035
272338
272507
272530
272548
272679
272740
272767
273015
273321
273428
273509
273544
273646
273825
273851
273872
273899
273905
273961
274039
274049
274068
274139
274153
274244
274264
274433
274462
274621
274667
274722
274790
274794
274928
275142
275221
275467
275631
275732
275771
275774
275986
276000
276025
276105
276124
276155
276406
276509
276645
276718
276748
276823
276852
276889
276978
277062
277069
277102
277244
277267
277366
277641
277657
277763
277823
277852
277893
278030
278205
278264
278332
278428
278564
278634
278772
278809
278820
278879
278919
279129
279195
279284
279405
279519
279563
279590
279655
279785
279853
279863
280205
280522
280793
280881
281068
281355
281486
281527
281549
281567
281662
281764
281913
281929
281950
282053
282153
282156
282354
282374
282376
282406
282772
282787
282812
282819
283122
283334
283390
283410
283578
283592
283594
283735
284150
284248
284258
284271
284289
284737
284746
284899
284907
285148
285385
285438
285460
285486
285668
285805
285875
285890
285977
286170
286228
286305
286357
286500
286558
286780
286807
286842
286892
286930
286985
286997
287290
287291
287417
287492
287634
287739
287779
288078
288136
288148
288200
288232
288246
288327
288339
288377
288515
288566
288614
288648
288762
289148
289218
289422
289726
289872
289926
290050
290252
290632
290636
290959
291011
291054
291098
291329
291359
291488
291489
291504
291508
291628
291719
291888
291944
292046
292073
292093
292359
292627
292653
292804
292981
293004
293055
293064
293099
293189
293313
293348
293387
293432
293537
293626
293656
293749
293849
294059
294201
294366
294375
294519
294551
294587
294980
295245
295277
295300
295389
295425
295571
295708
295723
295768
295795
295812
295960
296005
296033
296425
296431
296523
296564
296629
296633
296668
296717
296800
296916
297060
297087
297268
297347
297389
297412
297508
297669
297800
297839
297947
297956
297992
298049
298051
298209
298323
298436
298477
298490
298517
298661
298686
298905
298944
298968
298989
299234
299537
299634
299668
299703
299713
299762
299929
299985
300061
300076
300143
300189
300356
300406
300415
300445
300476
300486
300517
300580
300640
300686
300706
300748
300783
301176
301315
301358
301525
301644
301734
302139
302151
302219
302333
302567
302575
302606
302646
302747
302902
302974
303110
303160
303188
303413
303531
304029
304094
304174
304343
304392
304534
304703
304716
305394
305465
305482
305681
305825
305915
305956
306094
306165
306262
306367
306599
306618
306793
306926
307005
307301
307433
307467
307645
307682
307691
307703
307727
307886
307965
308121
308214
308276
308373
308420
308754
308793
308879
309091
309113
309214
309249
309260
309293
309301
309306
309360
309420
309477
309643
309996
310027
310170
310314
310353
310411
310487
310595
310697
311090
311186
311314
311448
311469
311495
311522
311534
311556
311701
311806
311895
311904
312111
312124
312342
312409
312527
312531
312696
312779
312812
312878
312898
313184
313251
313257
313333
313388
313456
313481
313486
313539
313582
313721
313763
313768
313826
314217
314404
314431
314539
314685
314760
314884
314916
314922
314930
314956
315023
315220
315272
315364
315385
315491
315565
315733
315809
316026
316188
316197
316206
316436
316523
316566
316741
316942
317049
317067
317198
317262
317548
317602
317625
317638
317868
318093
318125
318164
318167
318231
318315
318408
318439
319033
319108
319343
319414
319485
319744
319807
320164
320172
320253
320318
320406
320600
320850
320933
320986
321123
321221
321257
321260
321519
321699
321702
321791
322015
322711
322731
322912
323196
323304
323355
323624
323836
323863
323948
323978
324233
324274
324338
324348
324490
324524
324554
324574
324836
324961
324975
324995
325042
325130
325289
325433
325437
325491
325494
325578
325593
325742
325873
325915
326372
326449
326513
326644
327276
327623
327627
327689
327843
327886
327902
327921
327955
328068
328081
328144
328412
328422
328602
328709
328851
328993
329048
329209
329336
329394
329711
329749
329946
330035
330044
330089
330092
330427
330646
330762
330773
330775
330995
331090
331149
331168
331186
331347
331478
331479
331563
331571
331577
331730
331912
332023
332037
332081
332221
332305
332379
332423
332526
332538
332540
332617
332671
332729
332813
332920
333043
333065
333090
333093
333123
333161
333229
333242
333394
333400
333401
333501
333615
333615
333640
333647
333780
333835
333851
333875
333932
333950
333960
334020
334025
334165
334202
334431
334443
334460
334465
334476
334557
334589
334591
334611
334611
334677
335094
335136
335294
335300
335303
335552
335554
335612
335672
335742
335916
336118
336138
336165
336363
336407
336575
336677
336694
336738
336790
336948
336965
337047
337053
337076
337114
337154
337254
337336
337371
337397
337499
337565
337757
338020
338169
338193
338207
338333
338462
338508
338572
338609
338656
338683
338801
339029
339260
339457
339553
339559
340029
340318
340347
340386
340435
340452
340486
340601
340603
340702
340845
340953
341036
341042
341091
341173
341177
341316
341419
341566
341634
341807
341900
341974
342013
342099
342168
342252
342286
342482
342511
342514
342553
342581
342675
342688
342719
342726
342778
342806
342829
342830
342954
343111
343171
343185
343403
343441
343551
343630
343724
343983
344117
344288
344463
344563
344701
344706
344763
344933
345051
345152
345381
345398
345573
345640
346180
346291
346424
346598
346645
346732
346736
346839
346862
346868
347074
347178
347295
347326
347370
347425
347568
347835
347978
348087
348101
348247
348344
348414
348435
348513
348622
349056
349119
349286
349373
349474
349624
349647
349772
349773
349813
350141
350175
350553
350626
350649
350886
350927
350998
351008
351041
351126
351328
351359
351416
351477
351512
351545
351550
351800
351959
351981
352043
352122
352232
352249
352310
352491
352606
352634
352960
353067
353101
353177
353207
353250
353271
353396
353477
353752
353775
353816
353895
353995
354060
354092
354192
354217
354229
354352
354446
354487
354489
354606
354743
354762
354773
354777
354861
355133
355185
355365
355647
355666
355688
355697
355697
355830
355871
355901
355951
356020
356120
356169
356221
356454
356626
356690
356814
356832
356995
357091
357094
357153
357297
357325
357476
357509
357553
357659
357730
357735
357751
357808
357924
357932
358201
358263
358300
358301
358312
358336
358487
358572
358720
359027
359092
359119
359227
359334
359506
359567
359631
359705
359765
359822
359956
359974
360085
360141
360282
360423
360451
360501
360728
360874
360994
361030
361119
361223
361259
361426
361587
361626
361772
362196
362231
362442
362597
362922
363117
363230
363262
363298
363416
363476
363557
363622
363812
363966
364177
364282
364790
364818
365021
365080
365126
365194
365316
365388
365431
365559
365673
365806
365924
365938
366005
366086
366177
366354
366439
366483
366582
366595
366827
366828
367005
367087
367333
367425
367579
367609
367867
368034
368218
368356
368357
368442
368483
368540
368677
368717
368863
368892
369049
369131
369348
369373
369424
369437
369816
369929
370133
370265
370565
370587
370654
370860
370900
371119
371300
371406
371604
371610
371663
371889
372360
372392
372437
372438
372585
372589
372790
372821
373027
373042
373168
373202
373241
373274
373286
373408
373517
373877
373931
374077
374179
374186
374529
374601
374924
374934
375009
375043
375101
375216
375260
375362
375480
375575
375649
375731
375829
375968
376013
376141
376177
376211
376234
376360
376369
376495
376618
376730
376832
377166
377274
377288
377922
378335
378357
378407
378585
378624
378710
378846
378866
379142
379720
379742
379813
379901
379943
379973
380025
380051
380140
380184
380210
380561
380588
380623
380758
380762
381110
381204
381280
381342
381361
381490
381607
381615
382054
382191
382215
382223
382550
382849
382925
383149
383180
383581
384001
384168
384232
384265
384289
384543
384551
384553
384591
384749
384803
384903
385020
385129
385186
385250
385474
385476
385636
385646
385876
385918
386358
386501
386574
386634
386918
386976
387169
387198
387226
387271
387360
387469
387605
387849
387881
387940
388043
388155
388247
388411
388556
388795
388843
388850
389192
389255
389355
389406
389623
389684
389773
390231
390271
390362
390445
390615
390687
390830
390886
390950
391115
391148
391221
391234
391276
391283
391285
391291
391332
391375
391433
391444
391499
391556
391565
391697
391839
391866
391984
392102
392103
392185
392213
392357
392408
392693
392924
393009
393042
393113
393178
393404
393407
393571
393709
393827
393870
393993
394001
394072
394190
394223
394302
394310
394383
394616
394726
394774
394824
394969
395248
395300
395321
395439
395634
395693
395794
395836
396201
396231
396238
396340
396379
396542
396637
396712
396992
397021
397023
397039
397055
397101
397172
397248
397314
397341
397550
397826
398002
398068
398285
398291
398299
398308
398323
398382
398694
398781
398898
399018
399028
399097
399356
399356
399463
399471
399535
399687
399708
399937
399944
399946
399952
399966
400003
400304
400457
400464
400513
400601
400902
400913
401027
401047
401144
401302
401551
401563
401640
401721
401814
401916
401948
401971
402074
402189
402198
402209
402232
402264
402303
402326
402427
402451
402495
402828
402896
403085
403108
403133
403140
403296
403342
403351
403557
404075
404210
404223
404226
404273
404292
404460
404464
404501
404516
404817
405045
405266
405327
405340
405487
405507
405556
405649
405798
405878
405985
406034
406091
406741
406745
406794
407172
407249
407333
407356
407500
407638
407668
407676
407728
407803
407805
407975
408016
408097
408236
408350
408383
408387
408795
408820
408866
408989
409023
409027
409190
409214
409316
409484
409564
409605
409617
409713
409795
409854
409916
409934
409973
409998
410078
410205
410429
410533
410581
410656
410682
410900
411077
411449
411460
411480
411499
411533
411578
411607
411881
411911
411973
412038
412368
412507
412641
412746
412760
412781
412791
412822
412823
412895
412917
412973
413029
413137
413212
413424
413449
413592
413619
413738
413817
413981
414117
414223
414238
414518
414703
414716
414991
415201
415628
415786
415976
416106
416120
416243
416258
416324
416370
416453
416493
416578
416774
416839
416890
416891
416916
417037
417191
417384
417387
417511
417557
417565
417685
417858
417918
418022
418117
418289
418658
418772
419346
419368
419374
419384
419553
419605
419638
419640
419846
419989
419993
419999
420084
420173
420352
420355
420576
420609
420848
421006
421044
421242
421375
421393
421583
421700
421819
422168
422336
422340
422360
422463
422483
422540
422599
422600
422776
422788
422794
422810
422900
423019
423102
423127
423149
423152
423223
423290
423312
423318
423340
423426
423468
423552
423722
424353
424409
424611
424624
424718
424806
425119
425196
425446
425469
425474
425518
425634
425679
425684
425866
425884
425937
425994
426100
426182
426409
426510
426695
426923
426941
427046
427117
427239
427246
427311
427558
427621
427683
427693
427744
427946
428017
428070
428326
428495
428509
428724
428782
428928
429011
429018
429038
429419
429436
429598
429637
429702
429712
429759
429783
429795
429829
429866
429968
430067
430589
430822
430850
430924
430997
431019
431188
431332
431403
431411
431481
431510
431570
431657
431924
432212
432357
432393
432612
432668
432716
432763
432785
432933
432950
432971
433092
433388
433483
433645
433687
433710
433742
433793
433832
433919
433934
433951
433984
434044
434231
434234
434251
434275
434281
434412
434702
434760
434845
434893
434943
435302
435327
435372
435491
435600
435628
435664
435745
435953
436187
436227
436229
436383
436404
436423
436487
436507
436542
436596
436685
436751
436805
436891
436925
436975
437039
437150
437247
437349
437521
437552
437796
437923
438001
438121
438177
438375
438487
438494
438581
438623
438749
438805
438817
438976
439098
439666
439712
439779
439782
439893
440070
440095
440122
440203
440249
440298
440313
440428
440433
440456
440524
440538
440540
440571
440765
440896
440903
441288
441289
441392
441499
441747
441819
441842
441894
441916
442044
442273
442367
442381
442488
442558
442814
442873
442878
442971
442994
443045
443114
443126
443325
443405
443504
443585
443726
443866
443944
444218
444273
444286
444504
444572
444706
444825
444941
445002
445250
445326
445368
445393
445440
445600
445611
445648
445745
445802
445817
445886
445919
446150
446380
446389
446560
446680
446825
446918
446986
447009
447181
447255
447422
447465
447633
447691
447720
447900
447921
447988
448237
448243
448246
448345
448452
448462
448490
448690
448693
448726
448772
448805
448953
448984
449075
449145
449423
449441
449532
449649
449838
450004
450034
450105
450153
450217
450277
450300
450314
450328
450510
450530
450599
450994
451016
451087
451130
451336
451419
451419
451424
451506
451740
451806
451824
451871
452113
452118
452282
452303
452480
452486
452554
452695
452701
452871
452955
452990
453023
453088
453103
453325
453367
453482
453522
453664
453743
453753
453757
453823
453841
453876
454005
454306
454457
454544
455116
455144
455208
455224
455365
455394
455616
455629
455755
455862
455872
455922
455936
456043
456059
456123
456220
456554
456744
456810
456858
456895
456919
456974
457312
457316
457584
457789
457841
457855
458045
458059
458173
458372
458458
458564
458752
458800
458887
458943
458946
458969
459323
459390
459541
459695
459695
459839
459870
460126
460279
460441
460573
460716
460835
460871
460968
461051
461097
461111
461350
461407
461528
461530
461813
462074
462404
462406
462485
462537
462636
462966
463273
463318
463322
463572
463587
463854
464030
464101
464118
464131
464280
464314
464393
464538
464588
464622
464671
464817
464826
464889
464926
464935
465122
465653
465957
465969
466076
466090
466209
466275
466525
466566
466711
466772
466793
466814
466821
466826
466940
467020
467166
467170
467289
467449
467531
467568
467665
468008
468131
468168
468172
468184
468490
468540
468576
468641
468838
468968
468970
468971
469040
469056
469062
469132
469362
469434
469499
469596
469641
469671
469728
469760
469963
469967
470176
470220
470362
470522
470655
470723
470948
471280
471297
471379
471406
471453
471708
471734
471745
471750
471810
471834
471865
472163
472201
472252
472261
472349
472566
472716
472745
472897
472993
473108
473235
473268
473358
473358
473448
474009
474287
474465
474527
474597
474661
474669
474713
474843
475046
475126
475163
475307
475311
475315
475332
475443
475455
475455
475502
475509
475534
475615
475744
476087
476299
476524
476601
476646
476701
476716
476755
476921
476945
477246
477324
477399
477424
477433
477492
477532
477567
477616
477744
477864
477872
477873
477955
477984
478022
478213
478238
478355
478543
478585
478593
478603
478869
479190
479207
479259
479425
479678
479691
479757
479790
479883
479893
480011
480022
480165
480233
480400
480452
480603
480660
480822
480835
480997
481116
481213
481848
482042
482064
482066
482072
482079
482112
482280
482306
482460
482477
482583
482711
482720
482757
482808
482846
482850
483072
483234
483284
483306
483331
483336
483359
483399
483516
483676
483754
483767
483957
484048
484275
484303
484304
484545
484545
484566
484621
484864
484951
484968
485143
485218
485246
485394
485397
485399
485644
485916
485925
485937
485977
486103
486131
486171
486216
486246
486266
486341
486405
486427
486528
486621
486703
486893
486945
487088
487099
487222
487291
487328
487450
487568
487721
487866
487881
488114
488204
488320
488499
488680
488733
488794
488814
488864
488910
488911
488947
489026
489074
489104
489167
489237
489287
489403
489424
489477
489584
489767
489771
489798
489824
489909
490041
490108
490179
490398
490583
490670
490681
490719
491147
491696
491697
491800
491818
491878
491937
491978
491997
492099
492365
492446
492652
492691
492737
492815
492819
492992
492996
493075
493142
493161
493191
493242
493260
493471
493537
493570
493597
493635
493798
493854
493980
493987
494174
494333
494518
494728
494800
494839
494879
495073
495379
495514
495631
495898
496021
496070
496178
496278
496361
496434
496479
496492
496499
496630
496765
496767
496786
496873
497028
497249
497440
497493
497498
497528
497698
498077
498110
498159
498255
498409
498474
498596
498619
498952
498983
498985
499187
499234
499546
499677
499837
499929
499993
500105
500177
500442
500474
500483
500710
500722
500788
501000
501129
501222
501248
501329
501400
501427
501650
501718
501721
501730
501763
501818
501873
501885
502168
502412
502435
502488
502705
502754
502842
503029
503221
503274
503497
503515
503590
503771
503902
503917
503976
504025
504144
504320
504332
504488
504523
504537
504620
504765
504861
505091
505157
505162
505449
505471
505525
505531
505617
505633
505787
505853
505964
505995
506006
506113
506134
506164
506500
506503
506524
506648
506688
506901
507069
507136
507307
507515
507520
507568
507817
507851
507922
508368
508403
508420
508436
508459
508744
508983
509083
509097
509355
509609
509715
509872
509947
509959
510002
510008
510160
510211
510308
510356
510456
510461
510523
510617
510635
510636
510804
511041
511101
511382
511455
511476
511662
511683
511710
511781
512036
512071
512147
512408
512448
512527
512578
512615
512785
512865
512880
512927
513072
513119
513304
513322
513338
513482
513522
513735
513783
513802
513862
514034
514079
514245
514272
514417
514465
514582
514588
514667
514881
514914
515307
515481
515562
515719
515775
515914
516027
516080
516127
516242
516278
516292
516400
516458
516466
516545
516614
516749
517040
517056
517061
517151
517248
517289
517516
517573
517649
517707
517741
517774
517853
517905
518043
518099
518161
518578
518592
518676
518732
518734
518759
518969
518989
519029
519143
519161
519176
519179
519213
519273
519422
519540
519755
519969
520007
520050
520076
520246
520277
520369
520484
520499
520629
520632
520793
520813
520834
520894
521351
521404
521418
521494
521811
522137
522281
522286
522374
522498
522567
522606
522636
522665
522674
522832
522935
523004
523009
523009
523135
523313
523531
523781
523871
523921
523952
524143
524325
524335
524465
524845
524927
524978
524998
525044
525124
525145
525183
525198
525283
525339
525513
525583
525587
525611
525634
525844
525962
526080
526100
526108
526245
526378
526453
526590
527165
527574
527604
527675
527808
527880
528179
528262
528282
528303
528361
528423
528451
528649
528663
529030
529141
529177
529189
529356
529359
529362
529670
529860
529860
529872
529951
530016
530188
530218
530338
530450
530639
530688
530780
530893
530915
530955
530974
531064
531159
531215
531217
531463
531470
531515
531602
531765
531849
531898
531907
531938
531952
532131
532294
532324
532330
532438
532508
532578
532761
532828
533130
533206
533220
533223
533367
533368
533464
533625
533756
533789
533916
533964
534027
534227
534342
534346
534354
534481
534800
534904
535306
535440
535444
535450
535492
535626
535638
535743
535834
536147
536207
536244
536513
536528
536870
537111
537204
537285
537360
537731
537880
537922
538003
538034
538259
538279
538328
538505
538609
538968
539183
539201
539737
539892
539904
539997
540151
540249
540305
540374
540523
540602
540781
540836
540922
541091
541155
541259
541396
541495
541572
541690
541692
541954
542041
542108
542400
542438
542439
542741
542918
543217
543224
543445
543672
543801
543812
544040
544199
544657
544664
545030
545339
545437
545590
545618
545628
545911
546188
546252
546354
546571
546612
546693
546816
546833
546894
546953
546976
546995
547300
547630
547764
547948
547968
548125
548288
548414
548685
548702
548752
548758
548788
548995
549011
549054
549058
549161
549172
549649
549654
549870
549913
550050
550237
550413
550506
550596
550631
550677
550718
550744
550850
551043
551130
551224
551284
551368
551551
551807
551870
551892
551893
551895
551899
552077
552112
552272
552302
552431
552545
552584
552905
553257
553315
553333
553365
553448
553666
553704
553975
553981
554053
554106
554111
554211
554310
554348
554437
554606
554659
554710
554759
554878
554983
555055
555240
555386
555461
555517
555549
555791
555951
556016
556082
556113
556223
556326
556494
556749
556766
556881
556905
556936
557033
557089
557109
557242
557359
557532
557586
557624
557700
557730
557875
557883
557900
558018
558054
558155
558163
558191
558221
558226
558292
558475
558561
558595
558766
558842
558889
558961
559237
559360
559387
559401
559406
559508
559697
559805
559827
559998
560007
560122
560128
560131
560191
560233
560344
560424
560438
560453
560724
560744
560757
560961
561166
561176
561293
561516
561597
561697
561701
561729
561869
561875
561879
562332
562655
562886
562886
562924
563187
563200
563222
563329
563609
563625
563647
563677
563749
563912
563949
564080
564241
564263
564284
564321
564362
564735
564736
564759
564914
565047
565194
565322
565335
565525
565740
565856
565876
565997
566017
566023
566209
566537
566707
566793
566855
567088
567202
567219
567272
567406
567591
567772
567856
567944
567968
567970
568034
568084
568100
568273
568525
568558
568661
568735
568783
568791
568902
568926
569050
569360
569525
569587
569919
570040
570093
570199
570342
570474
570491
570744
570789
570880
570970
570993
571046
571056
571261
571799
571828
572043
572099
572272
572323
572391
572927
572965
573012
573038
573151
573191
573264
573477
573729
573740
573802
573940
573969
574115
574560
574589
574624
574709
574866
574968
575050
575173
575185
575535
575612
575714
575911
575973
576027
576056
576080
576187
576370
576541
576692
576937
576989
577081
577132
577153
577253
577296
577533
577741
577959
577976
578042
578049
578237
578288
578423
578527
578580
578785
578845
578857
578927
579445
579539
579641
579729
579941
579956
580003
580053
580397
580533
580594
580766
580810
580861
580862
580949
581016
581225
581434
581472
581502
581601
581673
581781
581905
582109
582157
582323
582718
582807
582813
582898
582943
582998
583002
583230
583427
583495
583585
583613
583633
583903
583955
583968
584080
584221
584502
584520
584541
584563
584607
584632
584696
584733
584887
584904
585026
585038
585039
585209
585913
585952
586343
586410
586462
586517
586562
586630
586664
586748
586783
586873
586971
587098
587098
587268
587279
587363
587628
587688
587823
587834
587860
587888
588291
588327
588407
588433
588485
588560
588673
588883
588887
589364
589511
589553
589664
589855
589888
589944
589975
590341
590358
590494
590652
590776
590835
590924
591022
591055
591123
591141
591211
591222
591238
591616
591780
591831
591835
591863
592119
592135
592190
592248
592273
592282
592637
592845
593006
593075
593263
593357
593579
593689
593842
593948
594002
594004
594195
594202
594291
594495
594630
594793
594929
595085
595102
595352
595480
595526
595529
595806
595851
596024
596231
596443
596703
597041
597221
597328
597430
597450
597560
597609
597657
597673
597803
597899
598025
598139
598178
598211
598340
598364
598375
598463
598583
598630
598649
598943
598964
598979
599123
599252
599338
599493
599506
599595
599695
599772
599840
599872
600314
600362
600365
600414
600889
600893
600925
601009
601032
601095
601151
601183
601299
601305
601338
601385
601411
601489
601522
601544
601572
601832
601841
601955
602065
602095
602204
602466
602509
602575
602776
602932
603327
603450
603487
603883
603938
604085
604100
604373
604413
604491
604513
604556
604599
604754
604876
605065
605118
605149
605245
605285
605335
605409
605571
605613
605668
605756
605778
605913
605925
605958
606138
606170
606190
606808
606895
607168
607176
607207
607338
607502
607599
607666
607672
607962
608124
608238
608250
608423
608598
608607
608712
608776
608908
608925
608943
608944
608954
609121
609384
609389
609478
609642
609802
609841
610075
610709
610733
610963
611065
611127
611131
611323
611339
611374
611540
611567
611585
611636
611695
611980
611985
612140
612207
612240
612263
612386
612388
612420
612495
612586
612669
612874
612957
613062
613110
613139
613141
613161
613195
613250
613272
613426
613437
613541
613638
614113
614231
614415
614448
614505
614585
614659
614687
614793
614864
614873
614987
615174
615337
615447
615664
615866
616010
616532
616683
616721
616732
616749
616757
616766
616872
616876
616898
617169
617176
617215
617255
617278
617665
617932
618111
618179
618331
618365
618416
618431
618658
618812
618853
618919
618939
619123
619224
619306
619315
619554
619849
620081
620140
620218
620261
620306
620365
620405
620781
620974
620977
621153
621423
621666
621838
621863
621976
622007
622096
622119
622505
622565
622570
622655
623483
623593
623775
623823
623854
624043
624076
624094
624695
624706
624723
624937
624974
625143
625184
625337
625424
625445
625558
625566
625601
625636
625663
625692
625754
625869
626136
626143
626297
626309
626349
626374
626495
626625
626760
626789
626818
626944
626997
627148
627246
627428
627450
627476
627535
627549
627643
627651
627680
627717
627718
627730
628074
628397
628400
628433
628467
628470
628512
628563
628723
628799
629015
629055
629076
629151
629169
629199
629238
629498
629551
629634
629690
629861
629882
630124
630204
630285
630410
630481
630495
630588
630702
630896
630929
631081
631116
631228
631275
631388
631548
631843
631991
632028
632286
632319
632342
632697
633023
633270
633592
633733
633738
633815
633839
633875
634055
634141
634362
634535
634622
634658
634699
634783
634800
634807
634873
635035
635037
635039
635040
635131
635191
635211
635227
635329
635401
635406
635459
635518
635573
635641
635642
635673
635704
635849
635967
636179
636234
636307
636435
636504
636522
636723
636724
636727
636843
637055
637147
637285
637387
637716
637720
637737
637754
637841
637966
637980
637998
638017
638018
638086
638171
638173
638186
638231
638231
638384
638403
638513
638560
638610
638951
639006
639108
639163
639292
639356
639395
639453
639468
639473
639640
639743
639788
639883
640252
640254
640306
640385
640428
640675
640677
640873
640924
640947
640955
641330
641403
641457
641579
641667
641684
641701
641713
641770
641802
641807
641966
641986
642060
642343
642429
642458
642715
642718
642986
643167
643256
643308
643338
643472
643576
643849
643854
643935
643948
643973
644262
644476
644544
644569
644617
644737
644749
644897
644915
644989
645003
645058
645274
645357
645386
645390
645531
645587
645613
646004
646173
646285
646406
646452
646560
646593
646617
646647
646679
646697
646707
646781
646866
646872
647068
647204
647239
647269
647289
647336
647539
647542
647553
647814
648301
648313
648382
648390
648432
648472
648489
648571
648587
648598
648655
648749
648754
648793
649041
649051
649112
649226
649244
649433
649504
649749
649822
649823
649830
649853
650220
650252
650260
650416
650422
650470
650487
650509
650582
650662
650739
651026
651540
651661
651693
651704
651737
651783
651911
651969
652010
652067
652104
652247
652301
652444
652507
652533
652654
652754
652904
652928
653284
653309
653355
653801
654009
654117
654131
654246
654431
654436
654537
654611
654645
654672
654703
654724
654732
654772
654917
655423
655431
655606
655611
655702
655825
655852
655914
656289
656368
656386
656417
656540
656559
656621
656673
656882
656901
656907
656951
656982
657047
657088
657180
657194
657485
657543
657605
657720
657870
657893
657909
658022
658042
658312
658337
658373
658401
658614
658704
658815
659012
659054
659061
659380
659433
659502
659553
659667
659829
659845
659921
660064
660309
660318
660440
660557
660572
660603
660748
660775
660819
660835
660998
661008
661032
661205
661262
661357
661432
661482
661522
661620
661620
661654
661752
661937
661967
662124
662261
662271
662342
662433
662579
662805
663006
663010
663036
663069
663146
663147
663188
663223
663318
663351
663447
663492
663623
663808
663829
663921
663957
664051
664231
664313
664351
664474
664640
664915
665065
665141
665424
665554
665745
665820
665915
665982
666025
666060
666081
666118
666131
666217
666285
666293
666337
666345
666403
666517
666596
666667
666893
666966
667070
667446
667455
667469
667477
667577
667587
667758
667821
667830
667930
667977
667989
668044
668045
668225
668323
668386
668401
668422
668546
668614
668657
668812
668898
668938
669084
669241
669514
669528
669631
669659
669761
670020
670051
670119
670265
670365
670407
670418
670440
670558
670560
670645
670795
670806
670872
670899
671014
671142
671168
671275
671332
671352
671559
671726
671780
671892
671897
672087
672321
672355
672364
672435
672548
672596
672605
672685
672698
672727
672864
672875
672901
672933
672935
672962
672985
673098
673182
673334
673402
673427
673467
673500
673600
673700
673714
673784
673787
673805
674164
674216
674367
674382
674739
674759
674787
674987
674998
675123
675245
675449
675533
675703
676070
676103
676271
676329
676716
676742
677084
677138
677153
677167
677362
677546
677787
677892
677897
678121
678188
678218
678226
678413
678564
678633
678639
678647
678779
679053
679071
679127
679453
679478
679745
679768
679846
679929
679949
680167
680250
680270
680325
680352
680440
680510
680627
680738
680900
681013
681337
681580
681603
681628
681917
681997
682102
682264
682269
682385
682478
682602
683055
683220
683258
683387
683485
683501
683674
683797
683811
683826
683842
684052
684104
684147
684218
684572
684697
684785
684987
685123
685136
685256
685267
685533
685715
685726
685852
685867
686063
686158
686217
686733
686736
686850
687043
687115
687221
687305
687423
687519
687657
687697
687721
688109
688122
688328
688408
688660
688726
688972
689009
689072
689192
689224
689577
689717
689876
689992
689999
690155
690218
690405
690413
690414
690452
690476
690526
690529
690570
690676
690777
690799
690979
691113
691134
691630
691695
691711
691785
691947
692005
692018
692205
692350
692450
692547
692624
692841
692886
693046
693205
693263
693339
693405
693425
693429
693527
693756
693922
694041
694066
694125
694134
694169
694185
694400
694465
694548
694551
694662
694781
694795
694797
694853
695423
695427
695444
695463
695606
695787
696009
696085
696154
696728
696742
696835
696846
696933
697058
697115
697235
697294
697299
697330
697353
697386
697413
697542
697641
697662
697725
697745
697816
698037
698123
698415
698417
698505
698510
698617
698669
698720
698838
698871
699005
699057
699091
699111
699506
699531
699630
699720
699906
700096
700263
700276
700495
700553
700609
700635
700639
700708
700721
700775
700831
700858
701046
701116
701226
701560
701607
701631
701702
701712
701783
701783
701891
702009
702084
702174
702246
702289
702450
702472
702549
702803
702859
702922
703144
703178
703218
703220
703373
703423
703520
703561
703590
703614
703649
703674
703864
703877
704000
704025
704038
704109
704163
704263
704321
704531
704533
704584
704724
704945
704948
704956
704961
705038
705068
705299
705586
705673
705832
705991
706091
706164
706204
706227
706266
706371
706445
706679
706705
706733
706755
706848
706855
706988
707285
707355
707372
707567
707679
707756
707942
707977
708078
708322
708496
708572
708843
708947
708954
709110
709129
709237
709287
709389
709497
709580
709708
709904
709988
710058
710111
710120
710144
710146
710188
710260
710339
710393
710418
710548
710858
710871
711014
711030
711343
711349
711365
711393
711482
711663
712090
712224
712303
712507
712577
712605
712638
713064
713233
713291
713331
713587
713618
713834
713907
713958
714168
714204
714245
714391
714411
714555
714695
714742
714899
714973
714997
715015
715237
715340
715424
715562
715629
715693
715762
715871
715876
715901
716103
716199
716222
716234
716364
716552
716644
716668
717008
717120
717249
717288
717324
717360
717723
717736
717768
717856
717931
717937
717989
717991
718369
718422
718444
718508
718542
718572
718573
718749
718764
718782
718929
719054
719216
719423
719465
719593
719711
719738
719748
720133
720360
720361
720465
720485
720537
720555
720641
720726
720733
720828
720845
720964
720986
721091
721325
721372
721445
721448
721497
721578
721694
721766
721816
721900
721934
722156
722211
722414
722637
722641
722876
723016
723108
723145
723204
723274
723338
723387
723439
723544
723597
723804
723974
724034
724226
724307
724373
724391
724415
724602
724608
724768
724775
724844
724898
725078
725237
725277
725352
725422
725594
725697
725811
725821
725920
726044
726045
726095
726133
726139
726151
726214
726224
726242
726375
726413
726466
726471
726495
726744
726831
726845
726908
726912
726957
727002
727019
727027
727099
727130
727220
727264
727301
727310
727409
727423
727476
727592
727623
727627
727795
727938
727953
727955
727957
728005
728023
728028
728102
728139
728249
728561
728579
728652
728718
728745
728760
728840
728919
729012
729084
729217
729331
729420
729490
729593
729613
730146
730161
730185
730289
730354
730425
730550
730613
730643
730646
730702
731168
731313
731568
731599
731724
731808
731963
732016
732156
732170
732253
732322
732349
732592
732617
732803
732922
733039
733156
733286
733415
733428
733536
733603
733619
733653
733742
733927
734062
734065
734075
734177
734205
734213
734227
734257
734440
734581
734865
735281
735508
735623
735800
735844
735919
735928
736091
736214
736282
736337
736863
737197
737223
737231
737331
737430
737550
737577
737589
737659
737685
737695
737723
737755
737810
738093
738109
738139
738160
738548
738569
738657
738695
738796
738876
738974
739003
739048
739089
739091
739096
739137
739223
739249
739337
739461
739562
739844
739934
740038
740073
740164
740445
740475
740477
740542
740735
740865
740871
740884
741052
741352
741486
741649
741971
742088
742265
742319
742325
742328
742362
742456
742537
742567
742644
742773
742774
743013
743068
743070
743264
743306
743306
743315
743441
743450
743532
743620
743806
744059
744260
744332
744336
744399
744497
744503
744552
744563
744666
744757
744827
744844
744963
745052
745200
745233
745313
745353
745384
745420
745555
745587
745622
745827
745982
745997
746046
746124
746321
746585
746697
746713
746735
747258
747408
747435
747449
747496
747531
747558
747710
747968
748028
748114
748176
748364
748480
748528
748580
748582
748922
748973
749037
749067
749142
749155
749165
749417
749531
749712
749836
749881
750033
750035
750086
750138
750152
750590
750721
750850
750876
750920
750957
750974
751015
751235
751238
751251
751286
751546
751651
751954
752096
752317
752482
752500
752623
752627
752733
752774
752947
753506
753570
753649
753650
753863
754340
754484
754549
754563
754719
754841
754980
755078
755146
755161
755572
755579
755768
755863
755863
756068
756384
756589
756619
756681
756743
756836
756885
756976
757083
757210
757464
757650
757927
758081
758185
758768
758900
758965
759019
759021
759093
759149
759176
759257
759355
759393
759408
759503
759647
759730
759763
760014
760049
760089
760145
760177
760185
760436
760707
760750
760875
761001
761200
761403
761416
761468
761660
761729
761750
761777
761858
761880
761944
761960
761982
762039
762151
762368
762380
762443
762627
762765
762780
762814
762869
762917
763001
763241
763294
763452
763507
763524
763711
763831
763836
763976
763981
764392
764475
764509
764567
764614
764634
764653
764662
764769
764893
764994
765244
765421
765473
765789
765833
766000
766120
766512
766522
766588
766732
766791
766854
766910
766931
766938
767062
767287
767487
767572
767702
767739
767799
767933
767942
767971
768236
768238
768432
768509
768558
768857
768917
768926
768940
769129
769162
769163
769218
769308
769331
769346
769387
769452
769535
769598
769627
769689
769739
769807
769867
769935
769969
770064
770223
770227
770474
770664
770745
770984
771031
771039
771307
771329
771462
771489
771629
771663
771683
771697
771706
771776
771787
771917
771999
772048
772198
772470
772486
772534
772607
772610
772830
772845
773052
773184
773274
773337
773370
773433
773504
773504
773619
773633
773706
773845
773848
773928
773957
773979
773981
774273
774291
774480
774519
775103
775156
775211
775269
775399
775467
775618
775668
775670
775730
775746
775844
775891
775909
775968
776412
776423
776514
776625
776695
776757
776804
776930
776970
777144
777320
777335
777367
777460
777595
777729
777866
777912
778119
778191
778278
778346
778428
778677
778750
778891
779054
779094
779392
779415
779459
779540
779594
779616
779633
779843
779987
780063
780064
780113
780208
780347
780538
780597
780767
780833
781092
781205
781335
781394
781449
781563
781755
781785
781866
782080
782138
782375
782496
782546
782587
782601
782605
782686
782701
782717
782789
782866
782922
783343
783425
783607
783790
783817
783877
783977
784027
784403
784439
784523
784579
784749
784769
784848
785143
785233
785236
785301
785314
785336
785355
785501
785813
785817
785880
786006
786027
786039
786062
786164
786182
786611
786781
786832
786834
786911
786991
787080
787237
787250
787265
787365
787711
787978
788073
788257
788272
788835
788915
789295
789343
789505
789637
789667
789668
789880
789882
789971
790163
790238
790322
790665
790715
790718
790775
790780
790923
791258
791376
791377
791445
791617
791687
791698
791711
791800
791927
792028
792041
792049
792072
792084
792143
792185
792329
792330
792351
792415
792509
792554
792701
792717
792745
792793
792849
792865
792898
792936
792944
792969
793022
793067
793225
793254
793312
793526
793696
793789
793868
794067
794158
794162
794231
794265
794418
794546
794795
794938
795154
795232
795234
795474
795733
795740
795756
795869
795941
796090
796126
796195
796234
796311
796449
796480
796550
796662
796682
796712
796856
796966
796967
797091
797092
797218
797278
797294
797556
797688
797800
797821
797953
797970
798010
798035
798066
798220
798356
798373
798578
798666
798689
798805
798920
799009
799174
799196
799213
799239
799602
799745
799758
799823
799930
800072
800145
800222
800244
800263
800326
800372
800528
800557
800567
800626
800833
800931
801007
801241
801259
801338
801398
801740
801744
801808
801838
801876
801895
802219
802264
802493
802527
802590
802949
802971
802974
802994
803121
803434
803508
803618
803627
803643
803844
804363
804382
804425
804476
804723
804738
804967
805104
805310
805555
805603
805673
805789
805880
806174
806360
806555
806704
806782
806792
806828
806911
806952
806961
807175
807462
807586
807614
807618
807745
807828
807849
807910
807910
807996
808344
808528
808630
808685
808752
808821
808827
808914
809098
809186
809376
809406
809488
809599
809678
809733
809812
809971
809986
810122
810128
810196
810329
810369
810390
810641
810684
810767
810935
811245
811382
811455
811683
811707
811710
811762
812116
812122
812196
812229
812270
812384
812421
812424
812644
812675
812797
812814
812847
812863
813084
813103
813103
813134
813343
813452
813831
813900
813922
814107
814255
814326
814368
814374
814385
814446
814448
814493
814534
814593
814608
814790
814852
814872
814890
815035
815059
815104
815142
815189
815286
815323
815356
815373
815417
815542
815595
815683
815737
815883
816009
816026
816072
816293
816486
816651
816664
816826
816827
816872
816907
817038
817158
817232
817267
817547
817733
817757
818072
818076
818203
818525
818692
818694
818746
818983
818996
819685
819943
819944
820284
820329
820391
820582
820588
820606
820794
820938
821225
821238
821285
821456
821552
821561
821783
821810
821819
822285
822291
822420
822457
822676
822926
823125
823157
823437
823555
823657
823721
823756
823757
824109
824120
824127
824172
824224
824250
824256
824842
825005
825026
825084
825260
825435
825465
825483
825716
825735
826240
826256
826929
827119
827123
827242
827483
827561
827719
828254
828508
828539
828613
828637
828665
828863
828921
829086
829114
829480
829493
829493
829500
829535
829633
829707
829723
829816
829837
829849
830075
830101
830176
830324
830355
830461
830468
830692
830709
830780
830992
831083
831153
831180
831570
831604
831657
831776
831830
831954
831972
832027
832105
832197
832524
832655
832656
832671
832758
832792
832913
832925
833110
833171
833283
833306
833361
833418
833445
833483
833574
833678
833741
833775
833779
833871
833972
834056
834065
834160
834385
834482
834565
834695
834807
834858
834884
835029
835084
835443
835498
835532
835564
835670
835862
836031
836113
836390
836450
836741
836904
836921
837048
837413
837462
837487
837790
837819
837834
837838
837875
838005
838067
838085
838131
838227
838405
838416
838602
838862
838922
839093
839112
839249
839282
839454
839464
839467
839483
839616
839713
839752
839930
839968
840057
840324
840434
840581
840593
840593
840626
840958
841151
841164
841190
841298
841406
841407
841636
841715
841735
841823
841874
841930
842272
842365
842380
842383
842493
842565
842626
843046
843393
843506
843629
844094
844169
844276
844277
844372
844514
844709
844762
844962
845031
845079
845092
845204
845247
845254
845447
845736
845834
845856
845888
846001
846022
846040
846079
846081
846350
846437
846570
846674
846728
846730
846835
846874
846938
846944
847154
847163
847241
847262
847369
847442
847468
847510
847571
847734
847760
848070
848109
848271
848297
848357
848375
848392
848401
848625
848645
848735
848784
848800
849010
849043
849106
849257
849377
849385
849421
849499
849577
849681
849685
849953
850051
850371
850716
850867
850945
851208
851214
851260
851350
851491
851493
851542
851708
852024
852044
852070
852126
852234
852289
852295
852306
852348
852349
852361
852438
852753
852846
852970
853088
853151
853203
853275
853372
853528
853620
853643
853718
853812
853880
853881
854087
854212
854350
854363
854548
854637
854680
854869
854915
855158
855183
855275
855354
855405
855423
855546
855600
855777
855781
855792
855841
855878
855906
856133
856215
856224
856318
856332
856374
856384
856389
856451
856479
856753
857006
857046
857232
857274
857277
857300
857306
857538
857553
857720
858130
858467
858549
858577
858661
858847
858887
858931
859082
859174
859215
859219
859288
859450
859568
859689
859727
859764
859798
859813
859873
859932
860059
860079
860251
860263
860301
860384
860650
860723
860727
860729
860790
861032
861080
861115
861156
861340
861534
861572
861873
861988
862000
862053
862163
862292
862542
862712
862788
862938
863028
863041
863059
863118
863213
863242
863296
863466
863742
864012
864073
864119
864136
864238
864363
864447
864565
864646
864724
864742
864828
864930
865052
865150
865157
865284
865321
865349
865535
865700
865769
865793
866194
866308
866460
866592
866688
867073
867162
867240
867281
867358
867368
867375
867400
867410
867431
867700
868291
868393
868488
868589
868908
869294
869360
869809
869911
869949
870075
870103
870108
870243
870413
870458
870540
870614
870846
871083
871107
871227
871273
871376
871386
871534
871579
871582
871591
871817
871873
871932
872027
872036
872206
872222
872640
872981
873162
873385
873488
873570
873740
873808
873925
873955
874146
874155
874231
874315
874568
874624
874672
874929
875048
875136
875204
875489
875587
875700
875853
875871
875898
875944
875961
876003
876315
876485
876569
876822
877014
877041
877050
877057
877090
877191
877234
877276
877441
877566
877697
877901
877907
877937
878604
878682
879061
879140
879279
879362
879386
879586
879641
879674
879679
879763
879765
879817
879834
879878
880118
880250
880298
880353
880436
880463
880758
880930
881120
881272
881337
881356
881531
881621
881692
881710
881792
881832
881892
882175
882831
882990
883050
883131
883181
883194
883340
883475
883579
883854
883974
884322
884428
884567
885063
885187
885213
885270
885270
885490
885529
885584
885649
885650
885690
885701
885724
885745
885875
885904
885972
886015
886051
886226
886228
886301
886363
886431
886616
886750
886814
886902
887028
887119
887365
887403
887413
887467
887516
887607
887971
887995
888670
888697
888754
888773
888847
888951
889240
889246
889582
889640
889716
889751
889782
889915
890060
890113
890203
890320
890339
890487
890498
890561
890629
890785
890844
890856
890965
890999
891274
891464
891664
891786
891850
892138
892142
892148
892226
892405
892520
892578
892644
892655
892669
892783
892888
893025
893130
893199
893220
893340
893805
894204
894236
894242
894243
894319
894365
894478
894599
894993
895078
895132
895300
895400
895865
895900
895961
895991
896226
896239
896240
896308
896483
896489
896493
896511
896634
896680
896747
896830
897038
897529
897792
897867
897964
897976
898175
898715
898772
898781
898836
899086
899211
899266
899484
899505
899747
899855
900077
900094
900491
900534
900647
900778
900790
900866
900871
900941
901087
901128
901358
901436
901443
901494
901666
901810
901888
901944
902003
902135
902177
902431
902691
902832
902941
903027
903214
903398
903508
903739
903852
903881
903928
903951
903975
904134
904234
904362
904592
904642
904715
904727
904884
905008
905203
905319
905415
905419
905494
905538
905577
905624
905629
905746
905783
905927
905935
906013
906164
906190
906492
906547
906550
906566
906756
906903
907021
907118
907166
907337
907350
907361
907404
907459
907762
907979
908029
908189
908216
908559
908581
908584
908644
908660
908824
908870
908871
909042
909138
909146
909146
909222
909365
909507
909555
909770
909983
910029
910249
910520
910726
910733
910788
910817
910875
911039
911169
911290
911328
911507
911700
911750
911753
911756
911808
911871
911992
912008
912266
912477
912593
912599
912744
912756
912772
912825
912920
912942
913132
913216
913389
913415
913630
913657
914118
914133
914182
914426
914545
914626
914714
915073
915196
915336
915374
915429
915498
915507
915669
915717
915756
915996
915996
916334
916343
916345
916425
916507
916565
916741
916859
917207
917225
917274
917289
917536
917562
917681
917805
917831
917973
917980
918176
918235
918302
918708
918763
918775
918852
918884
918945
919050
919071
919123
919190
919232
919322
919337
919451
919501
919502
919591
919683
919755
919766
919771
919815
919877
919931
920091
920185
920426
920606
920688
920939
921191
921200
921379
921624
922024
922055
922342
922393
922478
922520
922611
922612
922614
922780
922931
922996
923010
923044
923324
923381
923533
923720
923815
924170
924207
924346
924370
924516
924518
924658
924738
924927
924929
925015
925106
925193
925214
925238
925274
925376
925378
925523
925578
925579
925666
925692
925714
925771
925783
925867
926023
926431
926712
926800
926870
926982
927044
927231
927290
927299
927371
927391
927440
927494
927534
927634
927761
927782
927991
928111
928398
928469
928579
928761
929112
929213
929333
929339
929878
929940
929962
929970
930065
930167
930342
930369
930649
930749
930789
930794
930877
930971
931010
931033
931068
931139
931229
931286
931307
931353
931380
931391
931398
931411
931692
931742
931852
931872
932093
932139
932422
932523
932559
932660
932887
932909
932932
932941
933278
933300
933529
933562
933735
933841
934392
934582
934916
934926
934937
935146
935231
935441
935509
935633
935644
935750
935925
935927
935937
936324
936339
936568
936806
936958
937044
937142
937196
937287
937335
937414
937726
937972
938171
938225
938236
938237
938265
938424
938512
938547
938805
938880
938932
939043
939266
939385
939393
939639
939640
939906
939964
939974
940057
940146
940316
940362
940412
940419
940522
940589
940712
940823
940881
940896
940998
941204
941236
941249
941307
941334
941941
941953
941965
941988
942037
942157
942197
942202
942213
942252
942358
942401
942624
942676
942833
942855
942887
943023
943123
943223
943396
943542
943885
944000
944019
944056
944058
944081
944360
944409
944643
944833
944935
945108
945187
945233
945556
945714
945720
946509
946697
946703
946745
946808
946937
947223
947673
947675
947727
947796
947932
947965
947988
948301
948404
948424
948757
948830
948838
948900
948916
949077
949135
949277
949301
949409
949558
949609
949646
949791
949816
949938
949991
950244
950259
950332
950496
950557
950811
950941
951052
951158
951542
951584
951624
951785
951837
951905
951963
951968
951982
952056
952078
952117
952157
952335
952377
952811
952877
952954
953007
953026
953052
953265
953282
953336
953341
953573
953629
953634
953756
953839
953907
953973
953987
954297
954328
954675
954692
954743
954795
954835
954995
955055
955065
955122
955129
955202
955412
955431
955595
955610
955636
955669
955688
955952
956032
956034
956279
956363
956472
956479
956719
956787
956861
956954
957081
957099
957321
957341
957415
957462
957606
957639
957649
957666
957714
957804
958036
958048
958210
958229
958243
958266
958272
958366
958381
958402
958799
958855
958897
959378
959510
959662
959782
959826
960163
960508
960557
960739
960824
960854
960868
961173
961174
961316
961338
961369
961550
961574
961618
961669
961723
961811
961856
961903
961995
962001
962112
962478
962584
962765
962856
962957
962981
963159
963321
963330
963426
963453
963540
963642
963713
963834
963924
964021
964179
964192
964400
964563
964716
964888
965011
965092
965106
965222
965387
965501
965542
965568
965648
965732
965745
965764
965770
965829
965856
965856
965880
966029
966130
966192
966195
966235
966391
966404
966517
966525
966730
966830
966883
966928
966949
967017
967144
967178
967228
967265
967273
967278
967516
967573
967609
967643
967743
967745
967762
968199
968526
968575
968728
968920
969004
969016
969231
969520
969700
969749
969780
969849
969963
970001
970096
970136
970158
970310
970588
970640
970697
970716
970926
970999
971019
971028
971063
971173
971472
971571
971582
971685
971807
972137
972224
972357
972439
972704
972903
972910
973105
973354
973405
973488
973540
973573
973685
973749
973785
973794
973921
974019
974146
974876
974901
974928
975046
975049
975138
975357
975491
975538
975542
975587
975604
975664
975776
975887
976031
976032
976293
976691
976760
976766
976845
977095
977130
977156
977451
977781
977878
977970
978094
978305
978386
978411
978494
978661
978952
979003
979145
979226
979298
979299
979457
979528
979796
979798
979802
979908
979916
980117
980160
980167
980381
980597
980701
980737
980747
980788
980933
981046
981147
981204
981259
981297
981380
981414
981459
981525
981556
981840
982047
982127
982304
982508
982570
982700
982792
982990
983070
983100
983302
983409
983431
983460
983729
983764
983974
984366
984472
984486
984497
984521
984547
984984
985211
985451
985573
985599
985846
985870
985912
986070
986224
986225
986329
986344
986429
986459
986504
986581
986586
986645
986711
986806
986885
986913
987180
987378
987392
987620
987635
987726
987791
987827
988104
988241
988286
988370
988404
988455
988567
988729
988762
988925
989059
989097
989179
989283
989434
989497
989677
989751
989809
990102
990314
990315
990387
990420
990438
990448
990467
990725
991022
991074
991189
991404
991706
991708
991732
992010
992146
992147
992211
992292
992315
992332
992482
992666
992711
992760
993370
993431
993433
993774
993801
993827
993843
993931
994103
994140
994141
994347
994390
994429
994535
994624
994875
995013
995123
995226
995229
995266
995397
995408
995571
995913
996005
996105
996424
996634
996676
996826
996845
996960
996981
997013
997157
997199
997294
997303
997330
997417
997475
997491
997519
997584
997682
997729
997912
998029
998080
998099
998313
998453
998771
998881
998902
999152
999276
999384
999591
999683
999903
999920
999952
999952
