100
12490
28820
37247
51371
53981
61774
64342
76537
132322
134241
136994
140325
144879
148772
150766
152424
161997
165489
171865
183343
183600
205553
214161
217352
218450
226872
240187
241799
243793
248144
266506
296047
321649
324520
329768
352530
354384
361564
363952
368053
373804
374355
391016
396117
424040
431398
431679
460946
472275
484950
485666
486348
505092
506430
513263
533771
540208
543093
544965
551258
569837
584562
589910
591787
593052
595593
605176
610071
625296
635800
651078
666122
669703
683487
689395
701131
736931
753030
778028
814126
819128
848228
857716
861483
879591
886039
894240
911825
926355
926704
927499
938844
957213
959869
960422
965332
970534
978892
980823
989469
