1000
519
4879
6612
6869
6931
7173
7333
7521
7579
8169
10262
10514
10535
11062
11068
12337
14171
15700
16877
20358
20422
22019
22856
23457
25290
25487
25748
27416
28718
29800
30690
31454
32914
33690
33752
34462
34517
36161
36613
37827
39921
41264
45229
46126
46415
46938
47873
49369
49454
49811
49916
50041
50198
50760
51276
52697
58443
59619
60982
61225
62188
64913
64914
65063
65073
65504
68070
68594
69044
69405
73006
73186
73604
73635
75779
75883
76375
76394
78019
78639
80323
83283
83517
84765
84974
85632
87310
88565
88979
90979
91960
91971
92752
92846
94258
94634
95045
95888
98852
99454
99515
100280
101301
101559
101778
104697
105659
105678
105738
106690
107136
107499
107657
109948
110126
110195
110418
110719
110849
111911
112289
112546
113732
115218
116281
118160
120036
120995
121563
121714
124511
125641
126841
127349
127587
130587
132496
133628
134171
135442
137050
137139
139555
140144
140533
141886
142587
142642
143902
143934
144387
145625
146486
148194
148620
148642
148675
149427
149760
152252
152647
155349
155385
155659
156084
157614
157989
158379
159896
160425
160593
161679
162848
163555
163721
163809
164015
166057
166352
166630
167836
168250
169826
171072
171617
172620
173444
173967
174571
175268
175386
175650
175715
176524
179236
179898
180159
181239
181418
181944
182193
183013
184378
187062
190229
190776
192350
194210
195258
195590
196533
196761
200413
200734
201303
202368
202888
208527
209758
209972
211292
211520
211550
211981
212683
213227
214868
214916
215176
215809
218221
219681
220129
220404
220459
220533
220637
221111
221170
223864
224816
227472
227527
227572
227631
228329
228564
230438
231859
233481
234769
235434
235602
236274
236433
236488
236994
237558
238254
241946
242815
243925
244028
244936
245141
245777
247356
248477
250275
252629
253049
253294
253832
254213
254576
255442
257476
258909
258915
259171
259950
259998
262539
265955
266414
266550
267252
270190
271871
273063
274196
275030
275923
276208
276759
278172
278522
278880
281786
282036
282340
282697
284132
284321
285855
286886
287185
287569
287723
288278
288565
292051
292603
292877
293161
293798
294116
294721
295463
296305
298077
301892
302203
303871
304985
305695
306192
306391
307163
308582
308738
308890
309448
310838
310845
311427
311977
312336
312493
313016
319208
321526
322053
322584
322640
323079
324455
324604
325375
325893
328781
330058
330880
331215
332586
333038
333417
333490
334493
334764
337943
339007
339198
339674
341470
341510
342574
343424
343557
344559
345646
345811
346153
346554
347028
347032
349839
351110
351461
352653
352678
354330
354492
355270
356063
356898
360739
361113
361968
362825
364166
364168
365484
368228
371318
372903
373098
375201
377729
377786
378710
383473
383859
383939
385097
385728
388081
389209
389707
390166
390485
390880
391500
393552
393838
393856
393941
394475
394808
396634
397882
398740
398874
399026
400933
400970
404153
405258
405463
405680
406210
407038
408056
408899
409760
410462
410650
412195
415980
417657
422115
422645
424369
425504
425803
426024
428662
430169
430448
430519
431429
431495
433475
433564
434504
435634
437605
437814
437934
438031
439382
442237
444080
445138
445910
446135
446161
446439
448407
449045
449267
450822
450984
451348
451901
453106
454491
459519
459865
459885
463441
464475
465922
466396
466481
468275
468805
470373
470774
470794
472686
472759
473576
476428
477286
477977
478228
479164
480204
482168
482540
482882
483010
483380
483838
484940
485629
485632
485854
485933
489061
489331
497295
498527
499808
499830
500347
504030
506987
507161
510331
511457
512256
512497
514195
514926
515142
515312
517173
517265
518366
520151
520288
522997
523042
523814
526965
527014
527152
529038
531463
531568
533445
533552
534039
537091
539125
539763
539870
539958
540435
541359
541502
545657
545899
547173
548805
549168
549548
549736
549862
551194
552197
552210
552544
553146
553713
554845
555738
556345
557100
558258
559854
560065
560925
561936
563433
564206
566120
568021
568604
568696
569627
573373
574048
574153
576222
576558
576705
577532
581473
581817
582051
583028
584185
585785
586392
588203
588240
589374
589889
590796
591956
592761
596826
597422
597876
599234
599660
600038
600300
600571
601503
602649
602856
604056
604208
606697
607242
608296
608326
612755
613164
613593
613991
614917
615970
617541
618573
621512
623710
627403
630159
633155
633880
634741
637599
638948
639996
640065
641551
644180
644873
645477
645645
647731
648572
648920
649120
649194
650246
650430
651280
651653
652141
653836
654933
654950
657687
658461
659500
659536
660684
661607
663756
664061
664537
665529
666816
668059
669450
670403
670479
676887
676889
678530
680353
680908
681611
681754
682864
684401
687258
687501
689243
689483
689779
691353
691430
692132
692733
693120
694146
694653
694965
695217
696102
696739
699855
701145
702850
703744
704577
704672
706020
706681
707684
707709
707984
708585
709742
711299
711796
712796
713870
713949
714629
714736
716299
716834
717754
718837
720728
722641
723048
723761
726302
731578
732321
733595
734070
735127
737072
737873
740437
741433
741440
741988
743208
743663
746869
748464
748471
748510
749292
749677
749789
750676
751706
752074
754359
755381
757304
758138
759428
761272
763805
766824
767500
767897
768363
768741
769504
775147
777465
778018
778245
779239
779640
779720
781599
781829
782228
783364
783984
784185
786723
788555
789329
789380
789689
790236
790591
792193
792801
793070
798226
799170
799454
799695
800656
802805
803027
804612
805560
807638
810603
811472
818225
819327
820515
820746
820778
821277
821903
822446
822974
825020
825451
826704
827139
827498
828158
828376
828390
829336
830067
831444
831558
832617
832822
836154
836517
838353
838615
840785
842842
842938
845023
847971
848350
849180
850315
850515
851934
852215
854036
855638
856927
860127
860744
861032
861458
864944
865535
866289
866303
867792
868874
868891
868994
869160
869417
870956
871021
871496
872073
872634
873528
874252
877121
878631
879290
879661
880475
880786
881015
881806
882970
884770
885088
885660
887201
887367
887655
888102
888426
889146
889487
890553
890813
891105
891649
896156
897009
898053
898799
899184
899394
899495
900965
901576
901774
903129
903554
904147
905143
905372
905770
906628
907464
909304
909442
909621
911268
911637
912570
915365
916890
917681
917867
918149
920311
924956
925594
927201
930163
933131
933429
933449
934000
935092
935145
935270
935453
936431
936658
938839
939158
939783
939927
941508
941914
942821
945252
946867
946891
947389
949659
950646
951853
952840
953171
955472
957034
957624
957657
958127
959317
959912
961744
962133
964581
967334
967736
968203
968258
969863
970481
970627
972138
973021
973619
974540
974658
974977
975203
975932
976054
977845
978252
978452
979062
980087
980643
981971
982994
983683
983705
984052
984406
984549
985645
986171
987143
988052
988827
989139
990365
991718
992934
994342
994392
997131
997288
997658
997853
998149
998280
998963
