1000
5
2259
4279
8203
10859
11545
11603
11709
12430
12446
13381
14087
15420
15679
15934
16348
16461
16489
16551
19698
21665
24477
24902
29479
29534
29547
33190
35440
35923
36103
36533
39379
40097
41262
43073
43468
43583
44798
46589
47239
49363
49522
52440
52766
53910
56221
56604
56898
57006
57069
57746
57894
58336
58371
60624
61467
61683
61737
61762
63503
64550
64958
65676
65858
66428
66930
69839
72989
74617
75630
76000
76761
76786
77476
81447
82343
84593
84832
85035
85400
87715
88899
89565
89861
90622
92743
93180
93466
94834
95346
95612
100330
100436
102673
104593
107786
110372
111951
114104
116936
117582
117932
118749
119631
119675
120959
121677
122256
123263
123528
127351
129121
129176
132028
132088
132203
132376
133073
133388
136184
136216
136323
136833
137301
137452
138343
138581
139349
139747
141170
141469
141703
145436
146837
147425
147728
149008
149575
149876
149884
150148
150423
151295
151339
153288
154855
155053
156596
156930
158127
159100
159173
159191
160480
160898
161455
162032
162407
163516
165350
165606
169502
173023
173329
173337
174074
175065
176062
177235
177510
177846
178174
182289
182695
183251
183576
184346
184818
185116
186869
188212
188862
189207
189273
189852
190323
192422
192823
194408
194928
195012
195790
197021
197547
197812
199391
199457
199822
202277
202506
202527
203850
205159
205327
205820
206274
206738
206778
208145
211258
211482
212681
213813
214823
216579
218309
218936
222830
222914
223490
223718
223940
223984
225035
226802
228378
228442
228687
229136
229375
230392
231671
232145
232501
232537
237118
238809
239756
240342
241149
241788
242078
242254
243865
244356
245326
245597
246087
246831
247522
248801
248810
248927
250466
250996
251008
251117
252336
252434
253793
253885
255386
255394
257820
258721
259206
259879
260776
262934
263388
263720
264158
265052
266111
267010
268455
269399
270884
272457
273055
273189
273910
274392
274780
274891
275476
275762
277135
277217
278390
279644
280195
280366
280909
281881
282892
282906
283335
283592
288245
288668
288932
289610
290429
290610
291432
292056
292626
292869
293354
293890
295458
295531
297374
297998
299839
301209
301598
301884
303050
303414
304069
305045
305070
306172
306291
306342
307631
308460
308862
311618
311869
314084
315838
316365
316989
317226
317276
318493
319387
319390
320774
322395
326880
329173
331409
331584
332393
333394
333821
335725
339178
339575
339678
340085
340209
340857
342314
342560
344975
349893
350309
350396
350778
351900
354682
356584
357002
359451
362392
364021
365764
365896
367107
367360
368048
368570
371467
372226
373851
375248
376278
378417
378434
378860
378872
379144
379324
381351
381798
382585
383990
386526
386766
392249
392898
393036
393122
393138
393165
393875
394269
395215
395658
396543
397080
398083
398184
398543
398679
399352
399649
399673
399866
399977
402154
402679
404103
404105
405358
406296
408715
409274
410543
411547
413511
413600
414021
414461
415639
416297
416862
417298
418187
418655
419160
419755
420671
420822
421057
422941
423821
425863
425920
426888
427861
429340
432249
432443
433391
433524
434149
434868
436811
440007
444044
448826
449052
449128
450839
451388
452627
452880
453653
453673
454259
455411
457377
457518
457762
458711
459326
462887
464762
465360
466057
466390
467004
470154
470314
471168
471767
471856
473357
473410
473457
473770
474911
474946
475558
476242
476370
477562
479470
483025
484273
485788
486162
488098
488204
490105
490589
491575
491595
491704
491789
492283
494693
497189
497575
498909
499156
499513
499920
501206
501719
503660
505759
507158
507247
507407
508658
510027
510567
510664
512565
513723
515021
516774
518698
519539
519995
520301
520404
521771
522224
522449
522882
523737
523886
523949
525744
526406
526483
527975
528014
530160
530685
532456
533639
533941
534184
534397
535450
535474
535496
536455
537005
537029
537640
538129
538628
544158
544461
544682
546357
547639
548134
552117
553036
554968
555088
555130
555889
556139
559784
561814
561895
567223
573124
573471
573785
575560
575885
576783
577091
577544
580382
586668
587221
588152
588440
589616
589807
590621
591055
591676
593136
593415
595087
596665
599649
601064
601207
603168
606321
609323
610261
611743
612748
614924
615294
619032
621959
622454
626687
629864
629975
631709
632138
633293
634058
634303
634456
635012
636977
637079
637355
637950
638673
639219
639575
640367
640787
643897
646247
647410
647759
647793
648428
650302
651896
651933
652400
652574
654521
654694
655758
657372
657475
657899
659239
660206
661288
661487
662539
664620
665377
665565
666232
669837
671683
672841
673451
675312
681433
681918
683311
683327
684653
684849
685023
687522
687754
688272
689734
689829
690240
691299
693405
694474
695390
696142
696316
697402
698343
698469
700170
701395
701520
702307
704039
704432
705508
707544
710328
710993
711857
711870
711933
712996
713980
714640
715837
716178
722288
722297
722327
723589
723802
724488
725459
725669
727388
729520
730541
731487
732291
732456
732533
733231
733511
734234
734840
735685
736665
737462
737594
738050
739212
740002
740179
740243
741223
741968
745365
745442
746118
746330
747725
750513
750724
750967
752121
756344
757065
757772
758007
758927
759286
759809
760135
760951
761932
762931
763730
765798
767986
768242
768819
772510
772655
772811
772937
775002
778417
779300
779370
780831
780884
784695
787406
788766
789204
789296
791412
793414
795019
795042
795428
795611
796227
798542
799552
801040
802595
802887
803661
803698
803820
804067
804556
804792
805024
805892
808321
808405
810773
811174
811459
813240
813471
816106
816921
817086
817796
821001
821823
822873
823616
824085
824992
825408
826166
827368
827833
830237
831430
832034
833389
833494
833745
837116
837702
839556
839980
839990
840792
841044
841186
841660
842517
844234
844887
844989
846315
846668
847727
848549
849473
850284
850464
851328
853380
853565
853607
854868
855092
856233
857922
858675
858726
860160
860226
860456
861226
862469
862912
863041
863639
864905
866277
868081
869722
870577
870877
871905
872561
872789
875741
877089
877167
877515
879967
880404
881916
883301
883503
884621
885941
886508
887437
889118
889564
890444
890785
891178
892494
893961
894960
895481
896010
897019
897772
900317
900724
900783
901448
901731
904246
905791
907139
908306
909367
910334
911407
916930
917443
918022
919834
920767
920984
921109
921408
921992
922140
922160
922411
923936
924510
925642
926068
927300
927358
927758
927812
929355
929696
930275
930347
931016
931217
933036
935815
935999
936605
936732
936766
937581
937884
937990
938708
938803
938836
938987
939567
939656
940558
940808
942579
944261
944738
944905
948629
949045
949543
949955
950196
951827
955887
956110
956205
956520
957507
958229
960179
965139
966418
967035
967136
969243
970870
972073
973601
974377
975172
975700
975859
976001
976197
977162
977513
977733
978403
979877
981972
983249
985011
986532
987734
990778
991992
992825
993253
993264
994497
996295
996570
996731
997516
