10000
164
472
746
990
1121
1294
1463
1480
1503
1528
1692
1700
1805
1909
1933
2001
2052
2070
2179
2291
2303
2466
2532
2571
2931
2943
2959
3059
3540
3649
3741
3782
3847
3895
3921
4197
4248
4486
4545
4570
4577
4592
4595
4613
4795
4802
5351
5352
5371
5372
5537
5589
5688
5691
5716
5723
5893
6016
6141
6301
6384
6514
6614
6912
6993
7018
7235
7247
7262
7278
7450
7558
7600
7602
7680
7743
7750
7843
7989
8125
8178
8309
8367
8410
8456
8601
8676
8789
8956
9109
9358
9637
9671
9754
9810
9845
9942
9974
10001
10059
10102
10234
10258
10283
10299
10419
10688
10768
10993
11152
11182
11359
11443
11498
11689
11795
11810
12084
12284
12291
12588
12661
12705
12709
12912
12917
12918
12950
13057
13178
13207
13457
13474
13501
13842
13875
14318
14324
14327
14343
14488
14724
14800
14840
15188
15524
15557
15666
15779
15836
15982
16008
16157
16339
16357
16371
16442
16676
16729
16766
16840
17000
17058
17095
17112
17115
17168
17293
17323
17326
17867
18004
18005
18104
18110
18483
18593
18783
18931
19051
19066
19109
19195
19268
19376
19423
19487
19643
19959
20080
20107
20208
20264
20290
20455
20471
20584
20651
20684
20699
20713
20768
20827
20839
20859
20975
21066
21243
21506
21753
21790
21794
21817
21832
21959
21986
22053
22102
22150
22366
22434
22605
22802
22934
22948
23065
23068
23241
23260
23441
23466
23500
23625
23714
23829
24028
24044
24277
24279
24452
24477
24592
24922
24930
25120
25151
25180
25198
25214
25261
25313
25531
25627
26146
26302
26340
26716
26832
26921
26932
27015
27096
27128
27128
27246
27346
27390
27416
27622
27887
27909
27914
28098
28161
28185
28193
28275
28275
28311
28438
28616
28760
28830
28886
28933
29231
29276
29398
29421
29474
29562
29709
29763
29891
29893
29927
30145
30237
30292
30390
30548
30698
30709
30722
30830
31003
31179
31194
31303
31329
31497
31639
31688
31776
31896
31976
32139
32170
32216
32348
32473
32740
32758
32829
32916
33276
33345
33375
33823
33851
34061
34111
34200
34325
34366
34439
34512
34727
34728
34750
34793
34900
35050
35091
35114
35152
35184
35371
35375
35446
35459
35495
35606
35677
35837
35995
36045
36048
36112
36163
36172
36409
36422
36496
36515
36572
36572
36583
36664
36733
36802
36882
37116
37170
37336
37432
37446
37602
37656
37704
37930
37969
38243
38430
38472
38528
38973
39033
39146
39173
39282
39286
39430
39517
39588
39989
40052
40055
40140
40194
40224
40265
40414
40479
40559
40705
40762
40887
41043
41149
41391
41489
41491
42015
42075
42138
42262
42279
42293
42295
42338
42493
42812
42817
43023
43124
43208
43265
43680
43779
43787
43805
44014
44356
44417
44506
44528
44701
45139
45191
45268
45389
45410
45502
45534
45627
45651
45806
45946
46017
46129
46149
46150
46242
46481
46484
46503
46603
46681
46970
47006
47221
47361
47444
47931
47998
48524
48580
48661
48684
48827
48898
49001
49162
49181
49235
49331
49547
49551
49567
49705
49857
49921
49968
50061
50161
50298
50347
50403
50680
50767
51108
51148
51269
51289
51326
51360
51409
51522
51557
51590
51688
51694
51764
52007
52022
52066
52120
52370
52459
52654
52665
52920
53014
53381
53431
53446
53658
53686
53968
53992
54074
54183
54334
54528
54710
54825
54859
54913
54990
55119
55198
55242
55261
55321
55368
55406
55410
55760
55797
56237
56253
56461
56568
56609
56632
56749
56955
57029
57072
57096
57339
57659
57867
57911
57914
57956
58099
58139
58285
58440
58450
58814
58923
58983
58989
59200
59210
59256
59327
59359
59366
59375
59455
59456
59503
59592
59772
59892
59947
60060
60063
60099
60111
60114
60272
60278
60500
60653
60725
60759
60844
60871
60992
61137
61196
61250
61287
61329
61392
61416
61548
61593
61617
61726
61743
61918
61944
61948
62006
62104
62112
62139
62147
62157
62170
62532
62549
62593
62604
62637
62724
62889
62969
62977
63214
63276
63473
63600
63731
64353
64365
64493
64598
64840
65203
65576
65643
65728
65800
65813
65960
66242
66243
66422
66560
66623
66667
66761
66819
66833
66917
67098
67240
67475
67476
67508
67729
67785
67868
68118
68197
68247
68476
68587
68700
68831
68902
68942
69390
69578
69641
69872
69882
69929
69975
70046
70356
70452
70453
70468
70500
70506
70537
70787
70863
71038
71051
71234
71249
71405
71459
71512
71595
71660
71729
71779
71805
71909
71914
71948
72278
72312
72508
72510
72789
72947
73004
73154
73520
74081
74143
74173
74241
74448
74614
74645
74657
74676
74690
74744
74806
74971
75072
75158
75349
75504
75574
75715
75730
75864
75958
76246
76538
76649
76678
76908
77116
77131
77279
77368
77504
77507
77663
77810
77839
77980
78027
78043
78319
78478
78530
78844
78854
78922
79334
79374
79449
79585
79586
79612
79677
79709
79838
79958
80121
80353
80370
80466
80496
80652
80661
80707
80811
80827
81012
81093
81108
81222
81228
81267
81297
81315
81680
81846
82121
82180
82358
82591
82807
82845
82963
83122
83204
83335
83387
83394
83587
83801
83867
83906
83998
84205
84311
84322
84328
84561
84606
84714
84779
84807
84887
84990
85046
85064
85220
85254
85464
85472
85705
85877
85896
86139
86251
86294
86382
86417
86495
86508
86645
86727
86753
86985
87062
87126
87184
87353
87463
87574
87602
87699
87752
87833
87862
87918
88018
88271
88320
88489
88609
88851
88881
88948
89007
89256
89287
89366
89755
90004
90087
90184
90273
90653
90744
90761
90887
90911
90977
91188
91343
91423
91526
91544
91640
91836
91897
92005
92065
92078
92095
92134
92198
92280
92309
92431
92540
92543
92572
92627
92745
92779
92836
93354
93400
93405
93500
93603
93693
93838
93874
93996
94057
94109
94175
94201
94201
94355
94459
94471
94534
94767
94858
95024
95583
95664
95831
95871
95914
96161
96214
96239
96401
96403
96502
96678
96763
96826
96904
96938
97084
97177
97186
97449
97501
97675
97748
97931
97936
98387
98456
98511
98835
99145
99173
99181
99549
99583
99688
99696
100031
100079
100149
100199
100266
100494
100653
100653
100820
100917
101062
101250
101274
101417
101503
101683
101956
102011
102020
102102
102144
102250
102258
102351
102580
102705
102753
102790
102800
103007
103105
103190
103222
103249
103424
103430
103492
103643
103701
103871
103891
104067
104513
104552
104706
104784
104804
104899
104903
105010
105315
105321
105416
105477
105502
105520
105592
105600
105696
105749
106006
106015
106298
106451
106462
106715
106717
106863
106917
106931
106963
106995
107006
107135
107369
107404
107469
107563
107630
107673
107733
107759
107924
108043
108271
108417
108440
108777
108891
109011
109073
109286
109362
109381
109385
109470
109943
109990
109994
110045
110055
110110
110147
110162
110205
110232
110241
110276
110340
110442
110503
110618
110999
111228
111517
111528
111540
111629
111720
111959
112048
112062
112121
112233
112257
112259
112301
112326
112401
112501
112710
112745
113078
113106
113185
113187
113221
113300
113338
113379
113473
113480
113481
113498
113620
113643
113895
113968
114170
114203
114307
114317
114380
114395
114469
114520
114603
114682
114728
114763
114767
115162
115165
115283
115381
115534
115647
115785
115938
116024
116174
116213
116256
116549
116714
116748
117079
117278
117754
117861
117875
118164
118226
118249
118275
118947
118972
119082
119085
119106
119113
119186
119328
119461
119891
120142
120165
120167
120214
120462
120936
120940
120993
121013
121131
121132
121212
121361
121449
121460
121540
121604
121626
121647
121890
122299
122360
122360
122438
122486
122882
123061
123098
123143
123216
123266
123267
123297
123424
123491
123856
123909
123996
124088
124122
124122
124219
124321
124390
124459
125034
125045
125266
125622
125793
125969
126228
126234
126312
126357
126408
126684
126735
126876
126878
126988
127089
127233
127315
127348
127366
127518
127637
127874
127995
128058
128213
128325
128471
128583
128635
128969
128990
129004
129017
129134
129137
129346
129875
129899
129899
129982
130364
130562
130756
130785
130819
130830
131105
131204
131362
131445
131470
131484
131542
131746
131751
131788
131836
131872
132205
132471
132663
132666
132735
132843
133032
133237
133259
133368
133463
133508
133714
133744
133766
133799
133833
134036
134193
134196
134196
134341
134345
134480
134621
134627
134677
134788
135093
135116
135145
135145
135190
135434
135574
135771
135856
135866
135906
136025
136034
136258
136293
136334
136624
136650
136672
137074
137416
137594
137731
137769
137846
137887
137899
137989
138045
138047
138062
138291
138514
138568
138584
138605
138737
138741
138958
138958
138967
139063
139250
139431
139556
139562
139708
139964
140002
140010
140025
140326
140506
140507
140618
140623
140749
140804
140821
140850
140874
141129
141207
141303
141550
141599
141885
142090
142223
142225
142297
142608
142628
142741
142835
142887
142949
143054
143194
143236
143385
143436
143521
143628
143828
143867
144150
144237
144267
144329
144392
144474
144484
144486
144493
144580
144706
144904
144912
145155
145452
145507
145593
145727
145758
145839
145889
145969
146094
146116
146165
146206
146431
146444
146559
146617
146803
147005
147069
147073
147196
147328
147403
147558
147597
147710
147833
148036
148092
148279
148404
148880
148921
149000
149084
149144
149266
149312
149351
149448
149458
149476
149509
149524
149614
149645
149730
149946
149968
150162
150254
150362
150397
150533
150533
150594
150836
150856
150862
150984
150994
151122
151244
151417
151594
151729
151944
152043
152045
152179
152252
152320
152356
152556
152766
153027
153174
153184
153391
153409
153437
153540
153693
154299
154441
154471
154564
154739
154753
154827
155030
155120
155189
155280
155341
155392
155393
155407
155484
155524
155640
155694
155787
155972
155977
156162
156387
156452
156868
156879
156994
157033
157058
157093
157131
157341
157370
157398
157547
157567
157576
157703
157805
157911
158003
158115
158495
158732
158876
159101
159142
159245
159397
159498
159507
159584
159609
159695
159821
160056
160071
160097
160231
160415
160759
160840
160916
160937
161030
161072
161084
161233
161243
161244
161259
161333
161389
161505
161508
161679
161702
161733
161771
161926
161959
162001
162156
162163
162277
162696
162749
162854
162990
163253
163307
163319
163502
163712
163754
163896
164025
164313
164444
164742
164788
164878
164951
164964
165439
165502
165542
165685
165692
165898
165932
166017
166369
166410
166410
166460
166543
166544
166682
166746
166776
166787
166896
167144
167225
167422
167442
167610
167618
167635
167659
167677
167696
167974
168012
168080
168285
168554
168576
168733
168742
168909
168928
169038
169208
169255
169424
169683
169749
169776
169851
169909
169949
169985
169986
170004
170014
170127
170187
170250
170255
170287
170413
170462
170557
170694
170777
170802
170953
170982
171175
171313
171344
171746
171936
171952
172064
172097
172126
172151
172183
172209
172290
172394
172466
172617
172715
172808
172909
172973
173063
173120
173273
173556
173595
173705
173782
173848
174000
174093
174143
174256
174387
174407
174484
174529
174546
174758
174759
174783
174796
174977
175336
175514
175740
175743
175818
175831
176021
176651
176892
177072
177229
177314
177426
177517
177649
177693
177762
177792
177937
177991
178171
178180
178186
178577
178832
179005
179051
179235
179431
179450
179467
179578
179843
179998
180013
180040
180133
180145
180280
180298
180391
180618
180710
180746
181122
181125
181162
181243
181293
181371
181571
181576
181587
181742
181904
181951
182099
182144
182295
182394
182446
182587
182705
182966
183031
183326
183508
183623
183648
183653
183720
183916
183917
183975
184282
184378
184577
184611
184653
184730
184768
184777
184848
184893
184897
185127
185134
185142
185176
185208
185294
185587
185622
185713
185910
186012
186018
186068
186194
186390
186417
186425
186632
186831
186922
187239
187271
187309
187928
187952
188077
188433
188637
188681
188750
188825
188841
188942
189006
189112
189118
189214
189346
189510
189551
189721
189852
190016
190086
190103
190213
190266
190394
190487
190558
190866
190968
190978
191058
191123
191243
191495
191519
191571
191707
191723
191801
191916
191962
192041
192148
192276
192311
192336
192445
192482
192513
192697
192790
192860
192918
192919
192966
193149
193156
193227
193334
193376
193431
193518
193653
193859
194047
194056
194093
194102
194266
194319
194376
194575
194682
194741
194743
194855
194887
195005
195030
195078
195381
195386
195431
195491
195540
195675
195885
196047
196049
196063
196188
196264
196285
196388
196482
196580
196619
196669
196672
196849
196857
197039
197163
197190
197332
197355
197401
197443
197536
197560
197594
197597
197711
197725
197763
197805
197915
198009
198253
198476
198553
198646
198744
198764
198913
199039
199296
199377
199459
199462
199750
199869
200144
200499
200505
200654
200756
201002
201126
201514
201599
201632
201712
201729
201781
201886
201938
202134
202198
202243
202272
202295
202301
202406
202493
202547
202688
202710
202805
202823
202834
202883
202894
203043
203116
203237
203249
203337
203410
203570
203652
203695
203808
203878
203902
204102
204135
204230
204298
204365
204392
204658
204702
204791
204880
204925
205127
205355
205360
205447
205455
205480
205733
205998
206086
206118
206302
206358
206362
206390
206546
206728
206764
206827
206878
207081
207217
207258
207604
207723
207892
208181
208214
208476
208607
208724
209008
209181
209364
209407
209450
209477
209515
209519
209536
209580
209791
209828
209977
210054
210162
210314
210510
210522
210816
211031
211285
211344
211354
211380
211536
211694
211712
211865
212114
212496
212670
212723
212804
212987
213093
213096
213185
213849
213959
213998
214157
214203
214248
214736
214800
214831
214851
214915
214953
214994
215180
215224
215303
215553
215555
215676
215831
215995
216059
216072
216147
216257
216314
216380
216529
216860
217055
217248
217298
217375
217496
217650
217654
217691
217705
217804
218002
218133
218325
218335
218374
218392
218697
218754
218786
218887
219337
219492
219509
219567
219582
219842
219875
220064
220082
220153
220159
220220
220231
220528
220690
220694
220776
221279
221451
221492
221560
221728
221774
221990
222126
222225
222228
222400
222612
222742
222818
222981
223001
223055
223181
223210
223230
223276
223320
223413
223559
223582
223601
223673
223697
224060
224361
224637
224656
224679
224713
224839
225022
225095
225122
225144
225228
225244
225326
225460
225523
225578
225700
226221
226222
226234
226313
226729
226736
226761
226777
226872
226904
226943
227007
227142
227318
227346
227392
227512
227521
227569
227573
227663
227927
228054
228180
228250
228371
228558
228646
228794
228923
229197
229199
229432
229510
229536
229555
229574
229587
229632
229642
229650
229697
229726
229815
229926
229965
230049
230124
230255
230437
230796
230802
230840
230896
230991
231031
231264
231427
231699
231713
231742
231976
232012
232046
232217
232227
232481
232498
232637
232670
232725
232828
232870
232897
233029
233031
233067
233093
233178
233332
233366
233528
233623
233652
233777
233804
233949
234046
234316
234387
234519
234613
234654
234837
234868
235342
235371
235413
235532
235572
235595
235600
235636
235742
235785
235893
236037
236071
236129
236213
236469
236484
236615
236780
236804
236815
236860
236861
237119
237136
237400
237416
237500
237619
237629
237662
237687
237781
237898
238188
238243
238267
238447
238565
238629
238713
238857
238859
238900
238932
238987
239014
239173
239229
239249
239377
239501
240021
240089
240138
240246
240267
240334
240460
240535
240585
240610
240716
240729
240753
240817
240854
241000
241017
241259
241514
241570
241750
241819
241955
241977
241984
242161
242175
242293
242453
242537
242752
242806
242824
242845
243025
243066
243191
243577
243630
243676
243757
243896
244033
244106
244148
244184
244204
244230
244242
244319
244364
244504
244680
244687
244756
244763
244792
245014
245072
245226
245327
245412
245535
245583
245682
245761
245839
246043
246045
246125
246130
246139
246164
246165
246210
246235
246254
246524
246541
246732
246738
246876
246916
246945
246977
247025
247072
247166
247322
247410
247551
247614
247786
247857
247889
248019
248055
248130
248147
248207
248215
248375
248389
248413
248447
248503
248547
248682
248824
248900
248948
249007
249158
249236
249267
249279
249320
249495
249574
249636
249636
249662
249855
249984
250072
250168
250337
250426
250742
250829
251002
251004
251059
251188
251234
251290
251397
251465
251488
251549
251661
251676
251826
251998
252002
252056
252056
252308
252387
252575
252808
252811
252820
253115
253261
253566
253702
253721
253739
253858
253877
253954
254003
254022
254039
254042
254194
254218
254350
254541
254586
254591
254665
254728
254826
254913
254963
255075
255076
255341
255486
255536
255537
255559
255634
255691
255778
256151
256237
256474
256693
257138
257238
257412
257465
257530
257555
257705
257778
257866
257972
258050
258122
258136
258140
258235
258445
258486
258725
258782
259140
259229
259361
259423
259469
259560
259845
259852
259861
259932
260123
260279
260335
260399
260447
260454
260514
260540
260675
260700
260720
260894
260956
260995
260997
261318
261377
261455
261659
261711
261747
261894
261951
262082
262254
262279
262337
262419
262491
262547
262724
262799
262858
262979
263022
263026
263061
263072
263165
263229
263362
263376
263382
263397
263428
263430
263669
263795
263840
264003
264153
264186
264248
264343
264638
264647
264844
264848
265059
265110
265168
265191
265213
265281
265318
265324
265477
265565
265592
265657
265677
265683
265689
265722
265827
265991
265993
266033
266468
266743
266833
267044
267333
267417
267517
267586
267660
267838
267838
267994
268023
268083
268134
268170
268215
268396
268410
268462
268558
268574
268619
268926
269077
269119
269508
269556
269690
270006
270107
270267
270340
270362
270371
270453
270559
270596
270621
270626
270681
270683
270887
270948
271268
271360
271396
271558
271595
272184
272360
272392
272473
272567
272583
272638
272692
272780
272867
272875
273016
273051
273167
273253
273304
273309
273311
273526
273613
273686
273839
274191
274213
274374
274381
274425
274629
274777
274890
274916
275024
275030
275051
275144
275214
275303
275484
275717
276134
276261
276543
276609
277151
277220
277277
277523
277631
277658
277665
277718
278011
278129
278140
278151
278164
278571
278610
278615
278685
278789
278882
278891
278941
279069
279107
279214
279293
279434
279469
279503
279643
279729
279795
279851
279907
279921
279952
280198
280269
280335
280455
280523
280547
280650
281052
281104
281486
281545
281756
281831
281871
281886
281949
282092
282351
282493
282568
282698
282937
282949
283119
283158
283231
283235
283261
283301
283363
283428
283572
283776
284053
284250
284375
284472
284493
284557
284568
284578
284596
284701
285048
285075
285098
285135
285160
285167
285267
285413
285414
285494
285900
285987
286027
286063
286312
286635
286659
286770
286923
287174
287280
287283
287413
287680
287702
287706
287761
287836
288043
288547
288615
288667
288671
288718
289150
289186
289464
289503
289599
289609
289722
289885
289978
290083
290306
290321
290330
290454
290503
290521
290544
290563
290854
290976
291069
291173
291230
291249
291463
291536
291607
291612
291652
291750
291750
291776
291804
291875
292018
292084
292190
292283
292305
292474
292486
292549
292663
292714
292773
292791
292829
292867
292927
293051
293053
293094
293282
293414
293623
293814
293853
293874
294070
294091
294097
294101
294373
294485
294909
294922
295024
295109
295211
295293
295500
295824
295893
295912
295921
295956
295981
296024
296218
296232
296240
296302
296303
296541
296603
296706
296859
297120
297130
297133
297243
297405
297500
297728
297766
297812
297853
298039
298193
298371
298446
298530
298650
299130
299208
299241
299305
299531
299545
299730
299737
299865
299873
300023
300031
300129
300537
300616
300633
300647
300653
300730
300810
300872
300936
300958
301254
301322
301404
301408
301424
301482
301510
301674
301848
301849
301945
302124
302278
302282
302286
302426
302431
302554
302556
302588
302624
302626
302720
302726
302737
302958
303178
303271
303310
303347
303434
303472
303638
303771
303776
303800
303822
303890
303895
303898
303927
304027
304093
304101
304303
304367
304374
304407
304482
304604
304639
304820
305080
305114
305146
305220
305221
305242
305348
305390
305391
305531
305544
305579
305637
305725
306416
306431
306504
306676
306820
306849
306908
306964
307079
307101
307129
307450
307490
307493
307658
307699
307934
307962
308401
308547
308557
308573
308777
308853
308893
309101
309255
309538
309679
309762
309791
309901
309931
309952
309973
310018
310132
310189
310232
310494
310528
310613
310636
310651
310717
310752
311115
311184
311214
311555
311749
311826
311969
312122
312162
312200
312251
312470
312490
312608
312697
312738
312839
312949
312976
313106
313192
313275
313289
313557
313560
313568
313666
313673
313899
313916
313923
313932
314014
314054
314093
314176
314355
314494
314623
314656
314722
314994
315520
315563
315730
315857
315900
315910
315921
315929
316102
316358
316482
316691
316826
316856
316887
316911
317004
317010
317062
317067
317244
317506
317578
317634
317724
317819
317973
318188
318275
318279
318300
318358
318368
318378
318482
318503
318692
318763
318969
319067
319110
319150
319237
319336
319555
319690
319741
319748
320179
320202
320208
320247
320343
320421
320746
320770
320851
320857
320892
321174
321291
321322
321323
321351
321365
321416
321504
321749
321782
321805
321857
321970
322087
322116
322489
322591
322846
322863
322946
323003
323041
323098
323296
323420
323479
323568
323699
323739
323744
323926
323954
323990
324261
324276
324330
324426
324434
324502
324601
324791
324796
324808
324920
324947
325058
325096
325303
325356
325474
325843
325959
326034
326238
326242
326246
326279
326310
326758
326871
326888
326895
326907
326922
326982
327150
327241
327245
327377
327458
327694
327833
327856
327988
328018
328062
328274
328341
328357
328456
328548
328698
328725
328794
328826
328833
328903
328993
329010
329092
329132
329187
329535
329539
329722
329981
329992
329997
330181
330201
330213
330248
330343
330345
330357
330433
330493
330546
330680
330691
330731
330759
330797
330836
330859
330864
330901
330959
331269
331472
331659
331787
331855
331918
331955
332371
332432
332560
332601
332642
332808
332854
332909
333108
333134
333256
333334
333444
333480
333484
333493
333611
333771
333920
333940
333953
334002
334022
334076
334081
334087
334089
334110
334231
334270
334368
334403
334634
334637
334641
334708
334794
334821
335016
335269
335313
335611
335768
335879
335923
336034
336277
336363
336477
336555
336573
336592
336799
336865
337163
337172
337281
337451
337480
337611
337619
337764
337789
337846
338039
338118
338133
338178
338217
338269
338416
338422
338447
338478
338566
338730
338932
338947
338994
338998
339049
339076
339170
339237
339470
339601
339628
339646
339737
339920
340136
340161
340186
340211
340315
340522
340591
340653
340774
340798
340887
340942
340998
341015
341128
341148
341251
341385
341492
341582
341586
341702
341798
341800
341913
341965
341970
342148
342372
342387
342496
342537
342543
342577
342588
342590
342598
342734
342754
342803
342810
342900
342993
343361
343366
343585
343735
343806
343994
344093
344597
344620
344725
344885
344914
344967
344968
344982
345039
345069
345307
345333
345364
345478
345483
345506
345568
345569
345642
345847
345851
345945
346207
346213
346301
346393
346427
346811
346873
346901
346930
347217
347219
347413
347563
347682
347970
347985
348040
348078
348284
348450
348588
348808
349183
349250
349320
349543
349548
349564
349600
349801
350049
350066
350215
350248
350392
350424
350525
350667
350791
351131
351411
351481
351542
351610
351616
351651
351872
351891
351976
352092
352131
352171
352189
352276
352415
352418
352503
352642
352839
353025
353273
353277
353289
353301
353311
353409
353612
353756
353999
354190
354272
354457
354662
354669
354685
355033
355126
355319
355681
355689
355716
355739
355768
355959
356016
356017
356354
356481
356589
356632
356736
356798
356827
356954
356994
357026
357041
357168
357332
357482
357500
357708
357790
357848
357944
358048
358522
358807
358884
358890
358924
358989
359066
359275
359348
359518
359663
359778
359812
359830
359900
359956
360053
360098
360110
360383
360587
360628
360734
360783
360899
360939
360960
361025
361122
361203
361344
361433
361556
361565
361635
361729
361764
361825
361862
361941
361985
362066
362092
362095
362251
362396
362424
362458
362599
362658
362792
362792
362843
363027
363077
363089
363205
363359
363595
363636
363709
363741
363785
363868
363924
363942
364059
364120
364240
364298
364319
364606
364721
364728
364795
364825
365111
365192
365399
365426
365469
365492
365730
365836
365903
365994
366109
366126
366147
366153
366472
366532
366589
366607
366611
366696
366769
367046
367072
367153
367167
367250
367273
367366
367443
367488
367504
367909
368161
368193
368229
368248
368300
368397
368594
368627
368654
368844
368902
368922
369038
369226
369277
369379
369487
369514
369752
369950
369998
370092
370152
370276
370347
370669
370808
370899
370919
371010
371067
371081
371185
371213
371346
371497
371608
371840
371962
372081
372108
372179
372210
372323
372403
372487
372629
372752
372855
372883
373056
373324
373562
373590
373689
373825
373868
373903
373976
374268
374378
374423
374527
374555
374567
374839
374876
375033
375071
375116
375240
375317
375372
375413
375439
375465
375513
375697
375722
375815
375821
375835
375884
375894
376058
376125
376349
376462
376692
376712
376717
376798
376834
377048
377079
377179
377270
377299
377315
377320
377335
377336
377467
377478
377503
377508
377567
377676
377689
378073
378092
378320
378421
378449
378461
378497
378499
378794
378827
378833
378915
378989
379138
379179
379233
379456
379469
379911
380012
380030
380086
380214
380292
380353
380475
380494
380597
380655
380695
380709
381003
381084
381114
381147
381245
381612
381661
381667
381700
381872
382016
382122
382276
382284
382391
382414
382536
382539
382628
382695
382929
382948
382950
383073
383087
383094
383218
383298
383520
383591
383626
383660
383785
383813
383872
383912
384008
384372
384379
384669
384737
384752
384823
384964
385032
385081
385147
385155
385322
385482
385592
385712
385909
385912
385964
386009
386101
386215
386375
386494
386551
386552
387067
387150
387238
387302
387385
387398
387477
387508
387592
387613
387622
387670
387688
387807
387886
387899
388188
388363
388429
388543
388631
388936
388953
389050
389149
389181
389270
389336
389433
389486
389533
389568
389597
389655
389760
390068
390145
390331
390445
390498
390502
390572
390636
390647
390728
390764
390871
390912
391002
391139
391167
391270
391298
391338
391361
391467
391777
391817
391834
391857
391881
391901
392032
392284
392617
392827
392889
392893
393009
393062
393149
393152
393223
393370
393446
393448
393596
393709
393780
393809
393893
393979
394018
394105
394141
394208
394246
394281
394314
394420
394482
394555
394566
394638
394747
394875
395169
395199
395411
395515
395519
395593
395635
395730
395745
395781
395793
395955
396376
396622
396643
396683
396726
396773
396848
396856
396856
396932
396964
397043
397283
397500
397616
397693
397701
397742
397946
398029
398096
398108
398268
398549
398624
398654
398749
398916
399013
399071
399097
399099
399169
399174
399310
399315
399352
399610
399629
399690
399752
399765
399911
399916
399999
400082
400303
400349
400672
400870
400888
401184
401441
401473
401627
401652
401661
401688
401781
401884
402009
402022
402061
402128
402150
402192
402353
402384
402673
403029
403082
403170
403285
403438
403573
403650
403688
403706
403806
403956
403991
404018
404029
404037
404234
404437
404439
404683
404717
404747
404752
404806
404832
405040
405114
405124
405127
405272
405565
405568
405637
405702
405778
406025
406104
406179
406184
406199
406640
406726
406867
407032
407058
407061
407082
407128
407177
407199
407215
407237
407480
407515
407539
407574
407654
407725
408043
408088
408181
408232
408248
408289
408312
408318
408504
408508
408790
408947
409006
409125
409126
409437
409439
409474
409593
409682
409908
410007
410238
410401
410488
410661
410680
410730
410929
410946
411048
411156
411241
411313
411393
411710
411920
412006
412020
412035
412102
412113
412433
412614
412681
413027
413138
413303
413531
413626
413960
414033
414275
414415
414521
414688
414702
414713
414820
414846
414940
414997
415384
415592
415893
415947
415953
416158
416313
416318
416439
416686
416855
416900
417017
417170
417229
417268
417272
417275
417304
417362
417406
417597
417845
418000
418012
418106
418123
418160
418172
418448
418512
418591
418918
419031
419266
419314
419441
419443
419467
419482
419613
419734
419819
419851
419977
420024
420208
420309
420319
420385
420399
420451
420499
420565
420610
420834
420880
421010
421016
421198
421313
421446
421623
421680
421746
421749
421819
421904
421984
422083
422091
422416
422492
422867
422996
423012
423247
423293
423703
423719
423754
423823
423898
424066
424144
424234
424444
424468
424504
424584
424661
424680
424741
424910
425068
425179
425227
425448
425658
425754
425779
425795
425797
425798
425898
426068
426106
426106
426199
426220
426282
426294
426388
426459
426474
426531
426572
426572
426668
426691
426933
426972
427088
427182
427242
427356
427417
427449
427627
427692
427731
427883
427914
428402
428458
428471
428477
428547
428550
428733
428846
428890
429201
429299
429359
429368
429605
429668
429926
429958
430090
430102
430186
430247
430264
430276
430453
430503
430511
431210
431407
431506
431685
431741
431753
431813
432084
432260
432394
432406
432447
432452
432548
432643
432814
432851
432897
432935
433032
433260
433274
433306
433401
433419
433484
433500
433548
433571
433627
433666
433812
433977
434152
434161
434388
434748
434932
435248
435345
435425
435500
435563
435618
435623
435814
435984
436096
436225
436353
436409
436856
436994
437196
437209
437236
437362
437764
437807
437965
438032
438267
438376
438451
438538
438588
438648
438696
438743
438905
438955
439119
439154
439238
439249
439292
439420
439693
439766
439855
440048
440048
440145
440199
440222
440331
440584
440625
440639
440682
440964
441176
441205
441412
441454
441664
441728
441903
441909
442076
442149
442204
442500
442617
442727
442835
442961
443272
443273
443292
443300
443387
443620
443696
443735
443747
443856
443965
444224
444579
444693
444700
444799
444815
445011
445056
445212
445286
445408
445520
445573
445869
445956
445972
446102
446262
446283
446698
446701
446850
446899
447007
447038
447107
447186
447376
447432
447554
447718
447774
447842
447863
447924
448034
448108
448228
448256
448290
448384
448387
448617
448848
448937
449038
449055
449083
449158
449172
449252
449300
449399
449514
449550
449569
449637
449793
449893
450088
450097
450255
450378
450710
450720
450778
450840
450891
450938
451017
451147
451263
451348
451418
451534
451592
451608
451977
452237
452255
452424
452491
452528
452663
452697
452707
452720
452935
453183
453284
453487
453659
453882
454002
454038
454306
454554
455031
455384
455487
455504
455543
455557
455568
455775
455787
456014
456234
456272
456322
456373
456402
456406
456410
456521
456686
456886
456909
457062
457077
457148
457207
457220
457259
457290
457335
457421
457421
457524
457544
457549
457623
457649
457679
457958
458020
458113
458318
458377
458383
458570
458574
458655
458708
458856
458926
459268
459327
459465
459530
459736
459947
460052
460150
460173
460310
460532
460673
460744
460829
460910
461314
461367
461389
461623
461656
461663
461709
461958
462003
462100
462289
462737
463055
463220
463304
463320
463337
463437
463790
463805
463926
464042
464082
464087
464091
464114
464156
464160
464231
464252
464390
464524
464604
464656
464716
464727
465018
465069
465105
465450
465552
465668
465672
465969
466026
466105
466124
466124
466207
466243
466712
466939
466974
467278
467380
467421
467505
467594
467653
467725
467787
467844
467939
468031
468140
468184
468338
468380
468700
468721
468833
468864
468908
469032
469305
469537
469545
469627
469665
469980
470028
470044
470106
470231
470838
470968
471063
471073
471099
471173
471254
471284
471656
471705
471981
472036
472193
472407
472430
472476
472478
472537
472554
472643
472827
472902
473017
473056
473561
473601
473648
473699
473717
473817
473858
473895
473950
474069
474189
474240
474379
474430
474652
474833
474884
474932
475077
475557
475654
475685
475732
475841
475858
475904
475915
476094
476584
476654
476725
476762
476803
476833
476883
477332
477392
477439
477475
477728
477794
477833
477843
477992
478075
478154
478268
478698
478925
479278
479282
479520
479866
479866
479869
479915
479991
480109
480274
480371
480898
481169
481218
481244
481369
481483
481515
481523
481598
481632
481757
481790
481815
482013
482110
482152
482223
482377
482681
482769
482900
482969
483221
483279
483428
483455
483547
483690
483782
483982
483996
484077
484094
484160
484349
484371
484431
484465
484727
484733
484736
484745
484839
484991
485020
485083
485093
485283
485491
485707
485717
485719
485843
485913
486180
486307
486647
486915
487171
487208
487347
487590
487742
487965
488190
488228
488313
488525
488607
488609
488611
488730
488774
488775
488837
488885
488901
489094
489188
489196
489234
489315
489426
489541
489577
489707
490118
490206
490220
490269
490296
490341
490397
490398
490500
490616
490808
490847
490985
491000
491048
491101
491222
491249
491429
491431
491572
491722
491774
491830
491841
491903
491975
491999
492116
492218
492391
492452
492511
492662
492714
492767
492814
492910
492922
493055
493241
493285
493379
493569
493614
493634
493769
493836
493847
494008
494051
494112
494288
494341
494355
494472
494575
494748
494758
494780
494828
494862
494863
494931
494998
495029
495046
495053
495214
495216
495556
495691
495695
495793
495929
496050
496478
496643
496659
496706
496947
496977
497032
497074
497074
497104
497112
497146
497211
497302
497315
497403
497416
497450
497489
497677
497688
497786
498171
498301
498515
498536
498563
498603
498627
498718
499004
499067
499165
499265
499393
499460
499616
499978
500016
500026
500044
500095
500099
500120
500426
500453
500549
500850
500905
500977
500991
501021
501184
501315
501513
501515
501634
501978
502005
502007
502057
502184
502227
502359
502442
502515
502531
502825
502988
503217
503222
503962
504013
504160
504402
504544
504575
504711
504877
504912
505381
505441
505462
505468
505578
505851
505878
505889
505925
505973
506185
506228
506342
506754
506818
506870
507004
507049
507095
507184
507358
507571
507623
507630
507641
507958
508014
508045
508256
508261
508276
508333
508431
508509
508686
508840
508906
509050
509076
509227
509325
509572
509612
509810
509833
509852
510025
510184
510222
510293
510566
510597
510619
510779
510956
511238
511339
511397
511399
511411
511434
511516
511829
511908
511945
512012
512064
512114
512162
512181
512334
512360
512522
512541
512603
512626
512733
512799
512953
512958
512978
513012
513062
513102
513119
513196
513230
513248
513253
513513
513540
513621
513640
513681
513689
513728
513849
514017
514140
514145
514281
514351
514361
514404
514650
514716
514879
514985
515049
515414
515430
515533
515584
515620
515637
515730
515951
516137
516183
516240
516479
516553
516705
516712
516800
516947
516958
517021
517034
517108
517173
517384
517511
517636
517739
517746
517899
517926
517945
518016
518025
518028
518140
518297
518300
518676
518923
519142
519220
519353
519600
519608
519640
519740
519861
520007
520028
520046
520087
520147
520174
520189
520305
520334
520742
520980
521039
521161
521275
521297
521436
521449
521631
521721
521775
521788
521844
521924
521969
522044
522335
522725
522725
522760
522853
522886
522986
522996
523315
523330
523560
523563
523591
523761
523908
523996
524247
524350
524403
524450
524529
524652
524677
524731
524735
524798
524876
525032
525044
525059
525064
525230
525246
525259
525343
525351
525461
525537
525697
525748
525779
526024
526222
526399
526659
526798
526804
526876
526913
526970
527008
527113
527350
527440
527559
527670
527794
528125
528335
528394
528419
528481
528660
528817
528845
528908
528920
528952
529284
529436
529470
529768
530026
530156
530205
530312
530579
530582
530629
530675
530785
531113
531214
531634
531647
531667
532099
532301
532369
532453
532470
532482
532553
532611
532637
532851
533061
533334
533396
533578
533682
533703
533719
533845
533929
534145
534175
534215
534244
534318
534447
534552
534607
534677
534695
534906
534949
534971
535061
535238
535476
535774
535801
535893
536158
536231
536441
536532
536576
536609
536661
536884
536992
537342
537346
537396
537405
537410
537423
537497
537542
537713
537795
537818
537843
537863
537982
538002
538069
538192
538221
538540
538589
538770
538907
538935
539251
539320
539343
539364
539423
539443
539620
539674
539714
539767
539775
539775
539866
540024
540043
540213
540400
540568
540719
540755
540761
540782
540847
541126
541155
541188
541236
541254
541398
541407
541467
541472
541572
541677
541771
541783
541923
541961
542007
542474
542484
542487
542495
542496
542735
542737
542748
543048
543094
543224
543276
543463
543620
543662
543837
543851
543939
543943
544019
544085
544220
544279
544670
544685
544708
544830
544830
544886
544889
544934
544940
545001
545158
545318
545443
545455
545518
545913
545983
546078
546382
546398
546432
546433
546517
546540
546639
546717
546734
546835
546887
546950
547029
547106
547413
547513
547515
547711
547861
547877
548056
548127
548312
548396
548435
548478
548499
548512
548625
548851
548944
549074
549078
549404
549421
549481
549586
549637
549705
549807
549903
549977
550082
550129
550208
550263
550368
550527
550548
550729
550752
551081
551167
551171
551191
551595
551614
551660
551730
551779
551853
551962
552007
552207
552395
552476
552620
552688
552959
552968
553164
553222
553295
553454
553738
553975
554004
554024
554026
554056
554060
554171
554186
554277
554327
554365
554412
554432
554518
554551
554622
554634
554660
554691
554809
554948
554954
555076
555190
555222
555433
555541
555547
555618
555655
555801
555989
556145
556373
556376
556401
556469
556532
556680
557302
557317
557355
557456
557654
557847
557964
558142
558430
558474
558480
558706
558728
558785
559022
559098
559487
559523
559529
559548
559682
559811
559914
559985
560156
560234
560378
560547
560583
560659
560896
561086
561114
561154
561211
561218
561323
561402
561412
561515
561680
561683
561790
561905
561985
562015
562025
562035
562177
562208
562290
562303
562347
562495
562516
562528
562531
562583
562615
562619
562625
562699
562829
562897
562910
562958
563098
563378
563456
563592
563693
563726
563727
563790
563830
563832
564444
564531
564554
564691
564773
564955
565053
565195
565227
565233
565285
565418
565590
565642
565690
565753
565767
565809
565862
565894
565984
566003
566122
566233
566251
566257
566491
566554
566619
566635
566696
566734
566736
566738
566947
567111
567170
567221
567305
567363
567396
567406
567416
567850
567971
568098
568137
568205
568315
568388
568481
568494
568497
568866
569101
569219
569362
569454
569456
569593
569706
569927
569964
570161
570162
570396
570480
570546
570555
570568
570818
571027
571042
571130
571158
571204
571283
571339
571385
571526
571583
571783
572052
572111
572175
572193
572320
572363
572475
572527
572566
572603
572625
572929
572987
573037
573075
573135
573352
573715
574049
574109
574141
574205
574245
574571
574761
574848
574860
574900
575031
575037
575184
575423
575724
575734
575785
575863
575887
576482
576493
576548
576619
576787
576796
576856
576860
576889
577024
577057
577230
577256
577513
577605
577716
577890
577944
578021
578046
578163
578320
578423
578660
578761
579001
579016
579093
579194
579228
579637
579737
580016
580135
580252
580277
580300
580390
580437
580595
580712
580727
580749
580761
580815
580856
580879
580917
581220
581328
581533
581559
581573
581606
581902
581938
582104
582107
582141
582221
582225
582361
582627
582681
582981
582999
583053
583360
583398
583422
583638
583769
583894
583974
584195
584410
584418
584650
584770
585204
585234
585254
585324
585413
585487
585513
585642
585839
585979
586018
586248
586273
586506
586631
586635
586735
586736
586859
586904
586906
587032
587166
587242
587290
587770
587836
588098
588359
588409
588463
588601
588622
588775
588907
589198
589216
589325
589495
589605
589706
589769
589829
589872
589950
589956
589957
590048
590165
590200
590236
590247
590308
590420
590542
590600
590607
590639
591014
591130
591235
591360
591436
591486
591554
591918
591969
592019
592021
592203
592267
592326
592355
592466
592594
592775
592888
592924
592936
592961
593332
593338
593466
593525
593613
593860
593991
594018
594251
594517
594551
594719
594746
594894
594947
594975
595040
595325
595337
595381
595417
595562
595711
595893
595905
595908
595965
596144
596151
596177
596237
596289
596397
596446
596479
596489
596537
597010
597235
597243
597295
597609
597854
597895
597939
598041
598144
598219
598371
598384
598399
598462
598783
598793
599015
599018
599145
599419
599482
599531
599578
599585
599687
599687
599813
599867
599877
599907
599976
600044
600438
600712
600747
600785
600796
600940
600977
600987
601221
601293
601585
601601
601820
601840
601921
601976
602009
602043
602354
602512
602559
602756
602815
602886
602939
603187
603229
603378
603629
603704
603987
604002
604004
604300
604325
604395
604421
604469
604558
604674
604752
604756
604767
605003
605110
605200
605255
605388
605456
605464
605587
605663
605852
605980
606055
606155
606453
606485
606486
606545
607000
607231
607289
607309
607455
607547
607557
607575
607704
607740
607742
607785
607849
608012
608061
608091
608216
608447
608485
608552
608580
608710
608747
608883
608895
608974
609042
609090
609156
609524
609606
609723
610242
610248
610400
610545
610597
610663
610805
610835
610852
611008
611054
611057
611197
611327
611343
611428
611462
611542
611555
611605
611774
611792
611896
612219
612566
612675
612697
612796
612905
613155
613166
613230
613289
613588
613751
613976
613989
614109
614142
614150
614248
614325
614337
614586
614662
614835
615031
615037
615082
615250
615351
615670
615748
615812
616144
616281
616287
616437
616543
616780
616793
616870
616894
616907
616945
616974
617016
617047
617074
617154
617289
617435
617443
617444
617649
617687
617690
617743
617859
617872
617906
617961
618014
618062
618233
618287
618292
618365
618409
618428
618467
618657
618799
619006
619146
619159
619172
619442
619528
619835
619855
620115
620289
620449
620525
620610
620695
620936
621035
621172
621329
621763
621774
621816
621824
621839
622089
622152
622573
622636
622737
622768
622773
622924
622970
622977
623011
623045
623073
623182
623186
623312
623384
623389
623523
623541
623726
623815
623828
623914
624236
624347
624771
624907
625003
625062
625178
625379
625605
625626
625636
625650
625774
625908
625931
625954
625992
626009
626091
626100
626376
626467
626526
626740
626747
626865
626889
627370
627474
627603
627636
627664
627733
627781
627803
628040
628073
628195
628263
628342
628525
628525
628712
628730
628820
628990
629005
629025
629111
629127
629131
629141
629192
629247
629315
629347
629363
629378
629422
629485
629517
629578
629765
629826
629973
630157
630243
630258
630357
630440
630544
630868
631081
631225
631256
631303
631569
631574
631764
631981
632080
632170
632398
632435
632458
632467
632539
632614
632885
632926
633051
633232
633320
633376
633388
633496
633552
633602
633641
633702
633741
633763
633887
634048
634273
634327
634494
634585
634833
634882
634895
634897
634959
635152
635190
635216
635250
635321
635459
635662
635884
635935
635940
635949
636165
636226
636357
636390
636436
636550
636555
636587
636589
636619
636696
636849
636908
636998
637043
637404
637443
637473
637554
637561
637589
637605
637757
637808
637908
637927
638235
638282
638360
638455
638476
638567
638615
638706
638834
638862
638936
638945
638949
639337
639536
639761
639873
639949
639950
640066
640364
640578
640585
640622
640638
641035
641062
641086
641144
641145
641163
641297
641344
641588
641716
641780
642063
642092
642208
642299
642320
642372
642511
642526
642541
642614
642672
642700
642741
642765
642873
643201
643230
643299
643405
643653
643731
643738
643787
643808
643867
643892
644176
644516
644564
644580
644604
644608
644658
644681
644699
644717
644769
644797
644849
644978
645135
645397
645428
645675
645679
645896
646122
646238
646326
646357
646460
646498
646505
646520
646556
646585
646704
646750
646847
647220
647414
647538
647698
647714
647734
647960
648442
648460
648463
648515
648835
648882
648938
649059
649166
649277
649365
649382
649610
649883
649885
649910
649976
650005
650015
650054
650083
650116
650185
650236
650276
650360
650384
650445
650600
650641
651273
651345
651387
651588
651592
651680
651708
651750
651929
651942
652004
652006
652007
652008
652197
652774
652896
652911
653033
653075
653187
653323
653643
653662
653677
653692
653830
653888
654090
654100
654423
654493
654723
654801
654963
655217
655246
655326
655339
655466
655857
656090
656103
656385
656465
656496
656567
656767
656811
657019
657032
657049
657080
657228
657242
657365
657408
657626
657670
657691
657723
657728
657853
657860
657967
658085
658170
658214
658240
658263
658313
658430
658451
658843
658859
659026
659049
659105
659367
659412
659436
659455
659750
659907
660140
660334
660386
660698
660791
660795
660947
660969
661383
661415
661426
661483
661503
661665
661690
661732
661918
662109
662250
662374
662475
662534
662642
662749
662888
662936
663059
663165
663324
663364
663396
663406
663493
663510
663605
663861
663976
664165
664376
664488
664528
664751
664988
665051
665223
665363
665532
665666
665731
665735
665802
665840
666010
666018
666091
666147
666404
666426
666599
666683
666691
666772
666827
666877
666966
666989
667030
667053
667167
667190
667247
667312
667325
667371
667430
667517
667558
667695
667910
667974
668035
668100
668198
668389
668450
668476
668613
668622
668641
668681
668726
668854
668866
668949
669001
669157
669294
669312
669414
669450
669520
669599
669606
669754
669783
669917
669928
669951
670002
670008
670342
670460
670473
670531
670720
670783
670870
670924
670975
670980
671035
671164
671169
671393
671540
671612
671769
671806
672476
672513
672711
672748
672770
672808
672854
672990
673046
673087
673106
673251
673406
673423
673490
673712
673911
673982
674014
674043
674136
674216
674341
674448
674626
674641
674858
674982
675165
675182
675198
675292
675472
675559
675582
675614
675671
675729
675774
675797
675801
675973
675986
676155
676230
676281
676403
676579
676632
676848
676992
677417
677453
677478
677660
677851
677917
677977
678034
678240
678316
678398
678433
678748
678783
678937
678991
679121
679206
679206
679261
679266
679322
679403
679506
679522
679563
679564
679654
679679
680071
680072
680128
680225
680625
680782
680860
680966
681018
681533
681856
681998
682100
682181
682339
682643
682662
682756
683084
683294
683351
683358
683388
683444
683459
683605
683672
683725
683759
683873
683901
684102
684295
684441
684489
684832
685289
685422
685806
685826
685930
685934
685941
685984
686209
686370
686377
686515
686640
686710
686776
686789
686847
686868
686932
686960
687110
687283
687316
687390
687571
687718
688092
688162
688163
688257
688353
688358
688400
688468
688593
688721
688896
688922
688979
689049
689083
689250
689406
689411
689597
689611
689760
689828
689921
690087
690192
690194
690206
690279
690383
690415
690460
690510
690546
690643
690649
690676
690722
690739
690766
690851
691129
691151
691192
691296
691406
691429
691697
691732
691784
691805
691832
691857
692101
692183
692200
692264
692349
692747
692791
692853
692956
692961
693233
693488
693524
693669
693671
693745
693899
693936
693990
694120
694167
694171
694304
694377
694534
694737
694794
694954
694974
695014
695120
695189
695199
695292
695373
695399
695509
695565
695615
695670
695678
695745
696285
696327
696416
696490
696568
696737
696748
696749
696823
696829
696865
696996
697023
697273
697362
697391
697422
697453
697634
697635
697670
697679
697686
697877
698071
698220
698470
698473
698589
698637
698647
698887
699102
699381
699691
699797
699840
699977
700066
700157
700223
700236
700253
700270
700297
700608
700708
700737
700785
700941
701237
701250
701266
701441
701449
701655
701696
701734
701961
701972
701981
702005
702013
702058
702061
702081
702106
702262
702305
702338
702677
703516
703580
703610
703632
703920
704070
704115
704333
704336
704484
704502
704510
704621
704746
704920
704996
705163
705181
705322
705555
705601
705803
705883
705909
705950
706044
706188
706233
706250
706424
706430
706471
706549
706615
706804
706851
706888
706933
706957
706982
707205
707214
707230
707300
707625
707739
707935
707972
708024
708025
708059
708104
708106
708327
708406
708443
708454
708469
708607
708764
708824
709070
709099
709105
709124
709189
709221
709263
709273
709288
709513
709577
709640
709645
709655
709727
709828
710013
710080
710216
710228
710494
710537
710548
710578
710626
710763
710806
710848
710949
711077
711147
711316
711317
711319
711405
711414
711474
711916
711924
712104
712229
712287
712298
712315
712390
712541
712614
712706
712815
712929
713028
713190
713215
713230
713513
713561
713589
713659
713732
713766
713827
713928
713984
714179
714321
714426
714730
714742
714814
715082
715328
715369
715432
715439
715485
715514
715515
715668
715834
715979
716075
716241
716495
716581
716712
716758
716793
717260
717343
717376
717389
717468
717474
717519
717708
717717
717854
717883
717940
717951
717975
717991
718061
718065
718088
718135
718550
718714
719149
719248
719262
719359
719380
719438
719474
719721
719723
719851
719937
719956
720088
720318
720360
720379
720537
720601
720616
720841
720879
720966
720996
720997
721077
721104
721218
721352
721371
721378
721415
721476
721501
721657
721730
721884
721972
722033
722209
722421
722524
722698
722740
722766
722790
722798
722870
723244
723267
723304
723319
723347
723536
723632
723647
723658
723680
723805
723963
724256
724444
724515
724517
724659
724717
724817
724835
724841
724873
725099
725260
725330
725633
725827
725929
725987
726253
726308
726329
726329
726390
726487
726659
727018
727071
727076
727271
727369
727396
727464
727586
727603
727672
727706
727828
727834
727882
727888
728009
728075
728106
728202
728249
728558
728817
728852
728866
729164
729174
729340
729367
729482
729502
729631
729713
729746
729932
729989
730086
730187
730195
730254
730274
730686
730786
730811
730815
730981
731078
731210
731241
731322
731330
731438
731473
731509
731558
731627
731647
731732
731805
731934
731951
732174
732250
732384
732393
732400
732479
732556
732684
732710
732780
732851
732858
732864
732950
732953
732959
733335
733570
733931
733958
734038
734073
734075
734100
734661
734835
734939
735023
735062
735555
735752
735786
735851
736086
736151
736415
736437
736455
736469
736612
736725
736838
736841
736875
737025
737112
737146
737494
737676
737681
737824
737853
737866
738095
738161
738191
738210
738275
738279
738424
738462
738797
738847
739124
739190
739203
739331
739361
739429
739451
739467
739548
739612
739663
739744
739756
739874
739878
739960
740049
740231
740246
740258
740346
740431
740502
740539
740701
740733
740872
740918
741217
741280
741307
741346
741553
741715
741817
742034
742171
742323
742356
742365
742497
742580
742829
743119
743243
743336
743354
743387
743550
743648
743768
743842
743872
744453
744482
744512
744554
744631
744638
744749
744789
745001
745212
745300
745456
745470
745562
745564
745872
745940
746066
746132
746237
746238
746511
746544
746657
746764
746827
746831
746945
747263
747313
747319
747452
747517
747542
747750
747753
747794
747945
748042
748085
748278
748318
748327
748348
748561
748706
748795
749012
749035
749494
749562
749578
749714
749815
749914
749954
750087
750154
750186
750246
750267
750351
750377
750831
750849
750983
750986
751207
751271
751416
751483
751548
751742
751784
751862
751884
751903
752063
752100
752116
752125
752350
752391
752416
752504
752588
752762
752840
752852
752904
752945
752954
752960
753035
753057
753062
753220
753271
753446
753545
753721
753774
753846
753848
753913
753997
754059
754068
754114
754286
754295
754350
754441
754486
754502
754561
754601
754863
754906
754977
755160
755251
755339
755364
755409
755444
755729
755783
756133
756156
756183
756213
756225
756340
756355
756417
756433
756453
756455
756531
756708
756927
757264
757358
757507
757754
757762
757977
758023
758155
758156
758312
758487
758583
758590
758681
758795
758836
759025
759040
759108
759129
759141
759368
759749
759821
760066
760139
760168
760181
760251
760269
760299
760302
760385
760411
760772
760890
761166
761278
761322
761365
761534
761825
762073
762122
762124
762231
762234
762254
762303
762315
762684
762783
762942
763211
763270
763284
763366
763453
763698
763713
763731
763797
763978
764010
764027
764177
764252
764257
764407
764464
764526
764686
764766
764921
765084
765085
765192
765381
765413
765532
765579
765620
765624
766323
766438
766484
766504
766598
766731
766796
766878
767023
767131
767236
767245
767304
767495
767501
767559
767582
767639
767651
767832
767932
768171
768447
768583
768726
768817
768824
768835
768928
769296
769337
769385
769496
769604
769651
769757
769797
769856
769904
769943
770066
770302
770311
770385
770511
770737
770855
770984
771058
771199
771203
771605
771638
771650
771763
772183
772229
772260
772299
772731
772744
773064
773106
773222
773324
773326
773420
773564
773775
773775
773808
773862
773868
773931
773945
773967
774201
774203
774242
774361
774378
774558
774580
774588
774764
774785
774909
775089
775109
775110
775300
775486
775495
775510
775540
775556
775584
775748
775824
775857
775878
776075
776124
776164
776222
776341
776641
776685
776715
776760
777018
777034
777041
777066
777228
777278
777607
777649
777735
777854
777921
778333
778541
778661
778662
778969
779028
779294
779478
779771
779867
779980
780230
780257
780260
780473
780550
780571
780637
780815
780829
780834
780930
781134
781364
781652
781666
781756
781806
781921
782047
782123
782169
782204
782249
782522
782865
782913
782930
782986
783033
783294
783577
783864
784089
784195
784270
784270
784285
784393
784600
784613
784681
784717
784751
784814
785017
785056
785159
785200
785330
785526
785542
785731
785784
785815
785833
785867
786292
786445
786490
786534
786554
786624
786664
786757
786851
786876
786878
786906
786961
787072
787120
787277
787337
787446
787517
787614
787619
787642
787718
787760
787972
788158
788238
788294
788443
788774
788835
788885
788892
789182
789242
789269
789354
789404
789506
789574
789777
789809
789865
790102
790112
790214
790230
790233
790237
790330
790553
790674
790759
790800
791076
791222
791296
791458
791556
791573
791590
791636
791713
791928
791928
792084
792130
792470
792471
792508
792721
792819
792831
792870
792926
793050
793065
793242
793375
793598
793769
793954
793966
793997
794038
794240
794341
794595
794683
794774
794925
795031
795034
795445
795500
795612
795629
795822
795827
795906
795994
796023
796070
796150
796340
796341
796438
796443
796592
796685
796702
796716
796895
796913
796933
797677
797735
797788
797941
798014
798037
798226
798362
798393
798650
798817
798903
798969
798973
798996
798999
799032
799036
799111
799203
799225
799243
799397
799439
799584
799675
799925
799934
800197
800286
800292
800328
800526
800555
800618
800657
800761
800766
800768
800884
800887
800921
801145
801380
801383
801441
801473
801761
801761
802079
802125
802135
802278
802402
802610
802990
803008
803214
803215
803345
803458
803518
803600
803632
803905
803983
804059
804104
804155
804166
804235
804271
804504
804647
804680
804751
804769
804779
804823
804859
804863
805235
805237
805312
805373
805577
805611
805751
805788
805891
805928
806119
806226
806450
806460
806474
806481
806485
806635
806656
806802
806854
807049
807219
807245
807504
807687
807792
807897
808000
808194
808243
808274
808429
808570
808623
808677
808770
808958
809036
809039
809250
809346
809487
809527
809592
809657
809659
809727
809736
809737
809782
809871
809884
809896
810188
810261
810627
810891
810924
811081
811106
811154
811425
811515
811590
811745
811803
811995
812043
812069
812081
812297
812510
812527
812535
812640
812804
812875
812970
813043
813149
813411
813411
813609
813702
813784
813943
814098
814114
814180
814283
814456
814588
814644
814704
814718
814741
814860
815052
815160
815177
815445
815572
815590
815676
815681
815839
816000
816093
816101
816140
816258
816516
816710
816738
816782
816807
816978
817016
817133
817176
817200
817203
817349
817453
817566
817586
817901
817914
817999
818055
818162
818165
818344
818375
818393
818471
818538
818559
818566
818654
818737
818835
819216
819260
819280
819409
819479
819606
819742
819786
819980
819986
820199
820298
820327
820546
820708
820852
820859
820862
820914
820994
821035
821060
821105
821146
821153
821501
821513
821523
821877
821930
821950
821951
821980
822063
822088
822088
822130
822281
822302
822342
822343
822466
822493
822618
822743
822802
823055
823094
823138
823320
823348
823477
823766
823818
823923
824022
824120
824137
824331
824402
824403
824574
824676
824687
824945
825095
825114
825151
825199
825257
825462
825565
825567
825657
825686
825724
825725
825845
825943
826020
826070
826202
826244
826294
826323
826664
826774
826799
826844
826927
827067
827239
827395
827437
827641
827690
827747
827781
827887
828012
828022
828154
828174
828465
828655
828660
828673
828697
828711
828730
828783
828886
828889
828984
829005
829222
829295
829311
829389
829499
829552
829677
829883
829900
830036
830037
830090
830094
830128
830184
830387
830538
830686
830977
830978
830995
831147
831219
831272
831604
831667
831813
831837
832082
832105
832112
832160
832188
832365
832461
832471
832633
832645
832702
832736
833063
833097
833130
833161
833248
833328
833385
833415
833491
833644
833749
833802
833827
834064
834199
834562
834615
834621
834754
834977
835183
835212
835284
835481
835670
835686
835734
835813
835819
835829
835853
835907
835981
836088
836129
836169
836225
836439
836448
836571
836615
836816
836966
836977
837117
837224
837255
837284
837336
837423
837430
837465
837506
837795
837891
837956
837969
838323
838364
838459
838486
838628
838634
838696
838749
838787
838822
838832
838840
838924
838972
838979
838998
839013
839211
839225
839274
839479
839485
839528
839730
840082
840240
840278
840331
840366
840375
840400
840405
840496
840573
840696
840751
840851
840979
841141
841554
841603
841623
842026
842029
842130
842194
842297
842328
842339
842532
842846
843201
843325
843370
843436
843439
843493
843543
843596
843606
843651
843741
843781
843910
843941
843947
843958
844328
844393
844437
844477
844512
844517
844518
844688
844801
844828
844857
844866
844919
845041
845054
845177
845218
845367
845506
845626
845806
845926
846027
846447
846457
846532
846571
846640
846675
846791
846934
846991
846998
847040
847057
847085
847222
847409
847490
847593
847841
847886
847901
847925
848069
848098
848220
848226
848301
848550
848598
848711
848816
848826
848859
848913
848936
849048
849085
849174
849458
849620
849720
849783
849948
850115
850267
850276
850457
850522
850674
850875
850905
850911
850967
851032
851097
851114
851260
851265
851293
851436
851604
851672
851807
851903
851905
851907
851956
852011
852066
852119
852317
852610
852756
852854
853028
853081
853223
853412
853422
853450
853460
853497
853523
853538
853646
853726
854011
854110
854163
854244
854265
854321
854426
854436
854459
854497
854709
854777
854777
854788
854917
855091
855101
855222
855232
855547
855575
855602
855865
855879
855955
856131
856344
856718
856752
856920
856992
857095
857183
857237
857522
857658
857781
857915
858052
858132
858157
858408
858429
858585
858627
858833
858851
858973
859112
859122
859153
859361
859425
859519
859622
859796
859873
859908
859974
859986
860069
860279
860378
860595
860867
860959
860993
861069
861163
861234
861301
861428
861590
862036
862155
862234
862235
862324
862434
862474
862543
862563
862605
862902
862911
862918
863068
863078
863144
863197
863199
863201
863378
863409
863473
863504
863561
863653
863683
863799
863928
863985
864177
864418
864546
864550
864590
864593
864637
864667
864768
864914
864944
865120
865209
865213
865350
865363
865452
865494
865602
865626
865802
865943
866009
866026
866153
866348
866374
866454
866686
866864
866918
867012
867162
867370
867577
867605
868029
868104
868175
868266
868430
868482
868521
868726
868734
868740
868740
868892
868916
869146
869297
869325
869451
869460
869677
869685
869731
869772
869983
870368
870610
870627
870639
870768
870827
870859
871002
871040
871182
871241
871246
871429
871453
871541
871663
871725
871753
871860
872183
872404
872432
872735
872948
872974
873053
873176
873238
873256
873317
873356
873397
873487
873817
873827
873916
873948
873966
874065
874066
874147
874255
874401
874627
874843
875050
875413
875428
875628
875718
875745
875798
875810
876058
876068
876261
876419
876439
876493
876627
876647
876743
876887
876942
876969
877036
877084
877239
877269
877600
877686
877884
877955
878147
878226
878351
878596
879008
879200
879488
879502
879511
879538
879736
879817
879864
879910
880014
880031
880040
880062
880158
880247
880326
880384
880591
880641
880662
880719
880892
880937
881022
881099
881340
881533
881546
881604
881623
881697
881724
881752
881797
882044
882062
882064
882119
882193
882270
882352
882416
882425
882595
882607
882708
882766
882841
883092
883173
883179
883186
883213
883312
883358
883384
883426
883608
883629
883716
883929
884058
884065
884273
884324
884471
884544
884561
884577
884607
884612
884637
884760
884827
884963
885017
885068
885126
885309
885469
885822
886017
886071
886191
886302
886393
886460
886479
886495
886773
886830
886878
886899
887007
887163
887189
887258
887317
887386
887467
887557
887588
887752
887782
887979
888006
888229
888317
888388
888581
888611
888762
888786
888873
888885
888936
889137
889205
889244
889385
889556
889578
889587
889607
889625
889702
889822
890142
890347
890394
890419
890535
890679
890835
891045
891146
891160
891447
891500
891545
891557
891612
891644
891804
891830
891847
891928
891966
891975
892091
892103
892116
892130
892199
892236
892258
892332
892399
892409
892411
892427
892632
892636
892685
892825
892932
893033
893110
893366
893429
893501
893783
893795
893819
894062
894086
894136
894183
894228
894246
894259
894278
894309
894325
894345
894583
894749
894865
895245
895352
895670
896052
896115
896213
896226
896424
896573
896626
897072
897115
897570
897698
897794
897810
897874
897883
897972
897991
898020
898061
898128
898663
898676
898854
898974
899136
899178
899310
899340
899460
899508
899679
899911
899925
900118
900202
900225
900480
900610
900891
901080
901206
901265
901758
901990
902079
902200
902546
902725
902727
902799
903046
903170
903375
903448
903481
903652
903999
904005
904122
904345
904388
904450
904796
905061
905119
905141
905166
905183
905327
905330
905430
905446
905560
905590
905664
905680
905791
905796
905804
905920
906051
906125
906202
906247
906320
906453
906515
907050
907067
907282
907505
907660
907703
907901
907913
907936
907968
908086
908333
908423
908579
908657
908862
909009
909067
909186
909462
909540
909545
909560
909940
909970
910032
910067
910153
910222
910253
910269
910296
910306
910307
910356
910419
910536
910538
910539
910624
911055
911223
911272
911443
911580
911624
911635
911751
911797
911890
912010
912107
912188
912205
912347
912593
912939
913050
913096
913231
913243
913368
913403
913473
913473
913541
913544
913617
913637
913647
913769
913825
913851
913867
913964
913987
914005
914074
914170
914263
914355
914642
914687
914698
914725
914769
915004
915223
915288
915579
915595
915766
915804
915947
916175
916236
916509
916626
916806
916851
917257
917350
917374
917397
917451
917562
917806
917877
917913
917960
918209
918235
918292
918450
918678
918813
918826
918924
918988
919000
919081
919108
919188
919188
919449
919508
919649
919649
919678
919706
919792
919922
920000
920016
920071
920381
920649
920724
920877
921283
921356
921735
921893
922146
922182
922377
922407
922568
922621
922679
923025
923093
923106
923142
923160
923287
923397
923398
923426
923492
923623
923676
923771
923804
923808
923814
923902
923945
923971
923975
924006
924170
924253
924273
924283
924422
924474
924620
924677
924877
924947
924966
925029
925031
925046
925167
925324
925381
925478
925616
925965
925998
926088
926149
926457
926563
926574
926728
926751
926752
926781
926884
926907
926956
927098
927139
927197
927578
927580
927601
927825
927897
927904
927922
928053
928134
928393
928393
928412
928471
928558
928561
928981
929058
929360
929589
929616
929636
929675
929988
929996
930056
930341
930344
930375
930379
930463
930533
930584
930650
930675
930870
931123
931201
931328
931385
931667
931794
931852
932004
932008
932163
932247
932448
932460
932614
932647
932781
932796
932943
933091
933392
933438
933593
933693
933760
933789
933996
934128
934132
934162
934195
934519
934569
934705
934771
934781
934887
935053
935122
935128
935305
935320
935428
935567
935603
935652
935753
935773
935887
935993
935999
936003
936106
936210
936291
936316
936419
936431
936601
936669
936886
936969
937105
937170
937249
937373
937436
937519
937535
937674
937689
937726
937845
937910
938113
938182
938253
938359
938463
938476
938551
938619
938717
938889
938958
938997
939166
939168
939284
939293
939316
939337
939360
939396
939399
939400
939420
939431
939638
939825
939924
940025
940137
940302
940372
940752
940926
941100
941185
941204
941301
941329
941661
941731
941751
941830
942005
942234
942236
942311
942343
942740
942769
942859
942907
943003
943011
943013
943066
943096
943131
943207
943456
943520
943776
943923
943929
944293
944411
944561
944573
944592
944622
944643
944644
944701
944792
944917
945001
945096
945153
945255
945256
945506
945651
945782
945810
945815
945854
945900
945928
945939
945961
945984
946111
946127
946281
946428
946482
946519
946618
946718
946739
946813
946964
947162
947259
947347
947399
947561
947599
947602
947703
947790
947832
947976
948022
948064
948087
948094
948352
948464
948493
948756
948761
948851
948917
948920
949013
949038
949081
949145
949159
949262
949281
949368
949414
949450
949508
949517
949700
949759
949915
949940
949962
950115
950257
950263
950264
950396
950655
950663
950699
950901
950965
951048
951234
951382
951526
951687
952132
952317
952622
952761
952969
953037
953039
953145
953197
953262
953269
953279
953281
953382
953402
953562
953599
953600
953613
953705
953740
953853
954194
954393
954520
954639
954667
954672
954806
954819
954944
955102
955172
955435
955441
955591
955753
955763
955786
955835
955852
956061
956159
956308
956395
956431
956508
956718
957064
957272
957274
957416
957592
957739
957988
958067
958175
958389
958601
958643
958833
958854
959022
959921
959960
959994
960050
960091
960200
960293
960301
960535
960683
960727
960922
961133
961322
961326
961347
961382
961428
961615
961649
961721
962139
962151
962258
962365
962397
962561
962663
962671
962681
962717
962828
963036
963059
963117
963290
963502
963623
963630
963734
963749
963929
963945
963964
964247
964258
964373
964388
964454
964489
964999
965005
965070
965193
965198
965824
965987
966113
966174
966253
966274
966282
966537
966615
966641
966960
966960
966980
967145
967151
967162
967235
967324
967340
967467
967472
967498
967521
967524
967571
967610
967749
967776
967810
967954
967969
968061
968133
968168
968184
968336
968421
968432
968846
968852
969003
969063
969322
969386
969416
969525
969594
969963
969988
970101
970270
970271
970353
970481
970566
970778
971130
971136
971289
971442
971448
971536
971594
971626
971657
971687
971699
971834
971891
972204
972294
972401
972459
972480
972521
972556
972626
972646
972667
972677
972693
972824
972841
972877
972918
973173
973195
973258
973302
973633
973644
973890
974025
974063
974141
974141
974146
974287
974362
974404
974639
974810
974895
975047
975150
975198
975200
975275
975350
975398
975542
975715
975776
975879
976133
976242
976312
976381
976381
976536
976565
976602
976765
976921
976979
977160
977181
977361
977437
977460
977596
977689
977705
978034
978152
978164
978213
978279
978288
978303
978349
978465
978513
978539
978626
978730
979031
979242
979595
979645
979850
979923
979947
979955
980013
980107
980119
980154
980284
980337
980356
980367
980445
980589
980859
981198
981330
981475
981489
981496
981600
981642
981713
981736
981832
982100
982121
982205
982345
982407
982502
982505
982780
983136
983271
983308
983451
983554
983729
983738
983744
983758
983899
984127
984342
984351
984410
984485
984741
984749
984889
984913
985000
985146
985188
985399
985422
985513
985570
985640
985655
985727
985781
985787
985841
985913
986036
986233
986251
986325
986470
986494
986861
986916
986986
987261
987310
987339
987397
987418
987532
987536
987623
987668
987705
987707
987778
987885
987935
988108
988233
988482
988687
988716
988720
988824
988895
988955
989116
989368
989483
989623
989650
989661
989899
990014
990057
990342
990374
990438
990528
990738
990833
990890
990903
990981
990982
991443
991505
991535
991604
991657
991719
991771
991884
991962
992027
992091
992142
992179
992318
992531
992704
992759
992973
993327
993334
993420
993459
993563
993573
993670
993709
993956
994199
994246
994263
994347
994498
994537
994719
994905
994984
995162
995171
995193
995208
995286
995336
995364
995366
995740
995749
995834
995855
995941
996118
996243
996277
996444
996483
996594
996796
996846
997039
997249
997277
997580
997644
997649
997711
997795
997911
997967
998077
998086
998201
998323
998353
998361
998584
998634
998672
998724
998881
999069
999135
999165
999176
999191
999254
999268
999297
999310
999445
999688
999711
999874
999970
