100
413
20534
21078
24348
31659
35868
44231
45922
47251
50197
50353
58862
87548
94790
94836
100442
111509
111602
152618
155008
174141
176199
182500
182794
188435
201804
204612
230510
230796
232559
239206
252621
252930
272753
289917
298327
320298
326126
328595
347267
351460
395342
396711
413482
413854
415837
437148
443930
449228
470810
481070
499540
500371
505923
533690
553088
561902
584697
605605
624031
624970
625218
631383
649407
671954
674977
680934
701996
706704
713489
723839
728827
735040
740670
749171
749499
761331
773384
776678
792113
813093
815943
818976
819317
821107
821397
821643
824976
831848
834815
849370
876376
885704
889229
892288
910093
923704
952811
963783
978893
