100
122220
130031
313110
38233
687491
393139
254930
810884
873518
997625
286424
821339
979594
756984
984953
355193
762304
176376
965483
821341
847311
290960
974709
772260
586848
770009
48229
981999
819631
41725
615817
880227
164506
635445
112780
761537
152690
212744
722394
654284
781044
942807
329549
804191
469830
798860
788327
234295
222221
410375
295702
744461
774431
590216
645768
520265
816524
251338
261279
938258
330545
363317
637860
138673
198010
605459
330846
578588
435423
238226
405795
351201
637928
603777
425932
278568
46538
166761
898815
388081
934361
260882
828986
930455
694591
183200
779769
85599
554894
468853
858743
343432
333436
936565
242485
588633
602054
951006
530595
992443
