1000
252295
164617
394644
470245
843833
999715
74315
43355
458883
345840
274260
382802
928659
244169
570509
43230
110867
493213
573603
471987
10444
425109
705495
863467
39874
305608
139685
901658
289132
79194
148085
203265
805827
363643
40252
632230
923127
405455
997556
83518
988541
514522
532164
3342
324443
643576
597759
972491
326259
916420
603606
689218
872141
691642
446142
20562
188488
23338
158239
180739
16667
58347
390382
881715
566728
969748
524772
362223
662301
110533
52548
927095
626397
591961
115804
620269
212506
760472
38404
251584
925875
137733
344253
340326
343858
752448
836486
134969
679120
500233
949330
870054
693093
716475
637235
697597
801067
710622
66589
556006
439820
376981
200018
205074
822897
384632
931131
563366
988243
40760
809726
650732
477470
823907
157616
621132
210932
623722
931898
802472
30272
490815
161007
998979
898501
921265
406291
488952
392352
972942
284451
469839
138690
111408
625837
358393
659338
22989
442820
85798
921667
107762
392310
614359
818901
931946
393137
751981
914221
953332
684161
840136
632087
150523
943328
357229
300449
116406
492980
857285
795504
86722
783217
91526
798726
966368
867054
423381
271406
220288
16710
315806
667631
162874
408173
618056
18092
999354
213776
660463
956962
88968
360376
750464
506797
167789
859617
618865
30530
458020
225696
830248
677894
19198
894009
928059
978898
789960
609678
982786
321293
870951
263094
580035
803229
380785
639875
248286
909370
459689
481555
376785
510730
752673
109436
467801
317597
463381
266491
999798
447770
648815
244287
53678
199680
993631
656873
753603
100214
596847
828339
333086
613705
743086
708578
472239
146639
737451
566332
732682
168227
373609
612470
436286
428095
777265
52196
601779
634197
121201
545925
390717
483913
9695
216002
438287
609858
60732
451308
808150
121021
480679
219941
743950
705268
281112
276469
554453
354627
650878
16712
310331
324143
316117
147294
175931
580791
111581
444290
885858
361176
140914
26087
351795
953896
663302
977627
850701
429519
690742
245108
793986
568478
307206
52438
692644
155276
14741
129584
418093
876754
891292
337221
648402
413510
927937
227048
334241
430809
30997
228979
301826
976069
702205
95620
135059
692581
618244
134693
236129
738949
269786
880299
547019
617823
263564
782477
842147
281369
134630
479896
583086
319893
651911
656955
522050
386209
696028
241745
823852
246763
833930
843012
692339
654343
76587
529684
845154
52277
837775
341391
260557
748647
444724
903230
698763
242201
268088
832493
148140
783920
42682
398761
21703
875526
901289
33722
243775
91394
767796
435647
878934
615951
299427
65782
159672
502350
542945
227575
594752
340541
441621
162325
596216
874890
558876
597017
927255
603534
675824
825665
617257
571820
210775
257976
526912
350316
652811
156367
59694
745180
283047
26316
359087
554195
470374
878584
386758
473520
458362
701029
675599
230108
367999
651644
779396
879392
466145
791931
205230
386511
126910
942816
219729
21343
140973
117156
201336
910681
465695
273149
696630
427652
861989
236607
502111
697862
630091
204493
220660
478705
906545
918907
626674
73786
628119
230405
564065
61051
175775
382064
673293
448395
299092
7338
550756
959194
515406
757200
829057
301733
823607
475258
160393
629244
40034
175686
824026
405265
90360
168883
612672
957396
348417
787420
838597
615725
580264
691980
849022
384688
534030
373322
537196
189034
524095
640366
304743
953000
418484
115561
25995
610815
950388
264167
133414
725842
710198
379262
832369
686264
549850
822679
273772
410893
425225
646082
720624
112459
732124
432674
576287
851070
484169
92395
87386
514554
2004
65043
604539
533714
194378
782591
211349
336541
794852
897765
272249
295475
937587
530924
99096
287347
291621
789534
954356
293059
275745
433042
772841
356385
679940
714812
539537
374725
999422
76978
456459
301094
439317
869468
619740
579627
448822
168883
738508
375001
490169
808784
264958
748675
96257
310605
311170
383343
871916
712137
694645
672437
64285
709773
910478
639877
85188
821112
512543
236795
538707
23356
608099
454103
134448
98041
344966
372780
961585
55071
896030
224725
93914
428590
412187
556367
713103
516383
660934
14273
465416
390202
420369
231305
530892
926378
573451
821104
523324
266993
379194
265860
43842
785017
6813
958466
565817
988582
346524
699266
621075
383471
782949
918135
228626
299146
967298
650959
856266
812770
738667
772024
100139
159642
277577
28339
881765
680000
593581
862659
87595
884501
959864
809622
574412
88215
766383
537565
309180
263754
599275
812191
735800
344087
406293
618381
513208
651414
350497
565013
567084
327088
128112
319443
979246
586028
32129
198073
661497
617223
350208
508022
417797
158981
734114
36595
834677
295889
604670
442211
647081
127070
269785
762421
780753
354098
294457
698864
921225
644785
365567
92075
549150
236173
718361
635333
606533
244561
393804
441290
977902
288848
628274
278628
974416
10074
830253
79919
596853
728734
496987
619635
955800
493347
622489
954840
598173
900037
806431
996627
485120
755217
777083
423770
597012
597698
312630
779303
794856
204791
605817
592342
270037
421728
74084
8262
139991
268746
180415
226010
763214
775110
826049
23280
251232
780660
519059
735915
502066
578674
681580
420320
803145
127883
957476
864324
518952
920124
817041
517884
858619
112541
516856
22917
55502
246321
280139
111528
986376
765450
524109
235253
258700
683403
148137
543449
162516
148655
407220
167991
224513
983530
387419
675479
584656
515065
317368
974687
796675
351200
769204
9193
544923
532044
315956
34258
498156
933094
611104
310921
268149
879140
701173
792418
249497
5806
931416
107422
385031
101297
936962
15591
57169
630991
262507
686422
98889
555163
378549
2541
434236
528514
845848
496564
615576
700688
528589
877616
732872
98682
821950
917118
800546
657297
377
646540
999535
247543
698068
548192
695128
422283
914667
78563
248111
731630
131719
105729
116899
704824
891203
360799
188071
154613
715079
904154
285951
503796
983887
268910
627660
595357
112832
676196
909225
479041
633043
156881
769670
454633
410229
996984
669116
305072
835176
525057
290904
269867
474005
429013
715679
218346
259452
143250
910830
436460
428497
399065
581301
857365
374281
513246
513633
288542
811563
572545
898187
291676
81584
81495
184775
310989
106015
622933
607245
634902
853477
148855
884140
661095
833564
599393
83087
656129
395303
512429
816061
249979
107634
686685
206202
149413
448437
630841
993613
924310
60787
796756
83683
407598
666039
205974
225495
619889
693385
26532
911867
724730
97519
12243
738636
720033
100789
434923
698921
772849
212946
33944
147919
60394
986442
507220
743982
576918
428470
509921
827653
804479
630898
208711
972076
933621
739344
430421
248036
562444
229067
4764
598422
942150
481677
294194
741169
311739
790542
762158
319568
84108
202113
852252
160953
983170
348315
394640
382149
559174
747033
509175
315363
516504
128774
809234
164586
643575
256768
587849
758897
754520
532437
985017
599055
866380
180022
