10000
163620
476727
359655
428185
973868
600334
306067
468499
317892
60845
950259
994844
793424
168665
2669
798466
803149
959402
408434
761602
90664
898090
396348
348546
524501
672686
588533
255246
989908
772806
388503
138304
34848
59991
233028
988167
212286
530453
118315
362937
337200
846389
776898
668156
317680
139773
643862
927553
543046
404188
516362
947307
962257
743773
375660
69426
825826
728232
1289
945139
668293
106594
424845
886504
912098
821161
730218
970491
756063
195569
667203
229596
471981
569116
987081
277562
668171
605988
362525
637759
901554
704134
430122
55497
335001
873905
835102
555681
452481
20494
349871
388236
631241
355437
28330
631824
168800
623052
541326
583384
111982
329800
405250
564342
773006
544066
675590
605637
186262
367313
154053
618598
823003
985110
176351
984877
720274
898623
687026
369192
697436
148390
600591
23509
503090
83312
58488
349276
640382
983718
312227
934031
255467
413385
620592
87357
879011
209513
81850
293330
87272
519238
858176
110493
389151
743113
923835
713212
342436
658629
662932
811827
621376
862422
964218
824029
847945
334365
500515
319722
448638
317088
18788
356685
781697
760775
331740
697053
495831
771512
190982
557829
118120
761837
268100
634352
90164
148677
364316
526079
364011
319140
459250
828995
34963
17140
676966
318586
453284
42506
510337
353446
487217
938253
203866
573215
339064
56678
663729
218473
843513
103878
513011
616703
328167
671900
960857
625178
704611
801591
343763
794890
119848
213378
598689
388497
103954
652756
294649
29432
317808
322069
822939
754898
820514
766522
111340
728747
250785
884367
585964
283536
654012
387792
705540
686799
568530
864030
952868
980611
25408
423631
118262
33521
271872
720695
248682
274761
861227
600634
982789
48382
847856
587532
323455
686906
561104
851556
67524
808759
499403
475961
834408
559254
304439
402742
194015
705132
578550
516733
487667
747018
26849
452844
672021
566457
187370
571728
217436
926752
461563
266441
362833
974585
836166
590122
442667
500632
165894
505111
149792
231785
137586
381708
857120
321736
274319
491917
784807
506686
92637
832794
840718
549658
98541
605345
10635
55908
950926
224864
271823
883004
958449
531983
916395
926485
337274
338082
923361
591819
533354
337797
302338
57569
598615
29276
425361
917741
481669
833356
935166
561285
443003
82050
68772
861445
252467
446504
392593
96653
697446
883574
186121
186359
906324
622705
240098
828930
117677
333173
355598
189467
967290
531006
98443
373400
901118
652606
569257
763042
569979
893155
63307
775144
49775
795704
52376
504259
807309
670762
508231
215068
681866
882452
669781
420556
91647
307294
667884
438745
714025
968091
450947
801316
937293
291108
479081
606697
624525
889326
554108
488927
873356
348535
266114
550721
127179
961022
137764
416341
9382
947457
311011
619719
306812
16206
916536
155728
177328
249806
787896
763259
234514
140219
81661
956734
288433
339468
436130
52778
263188
423972
943027
251056
261091
980709
690770
167825
232442
153648
539027
71052
204446
528772
834062
705391
627968
854151
553795
134584
529595
21010
431410
708206
835775
414675
307481
352232
134317
280059
898668
469136
533979
5211
76662
615719
623904
861185
785040
96684
245187
764539
617676
254685
508784
498263
4527
915743
342300
793306
102454
204932
945866
960157
975983
507971
380703
345029
262232
679627
362567
711883
744570
258008
41446
481991
138951
17119
526032
650058
978292
274017
249489
220927
917000
502886
131446
473760
330366
416496
184851
458000
321185
825637
329919
655887
337747
31614
971815
837682
839542
503826
473170
764777
989191
441193
661855
876403
131562
221492
367238
826872
347246
151320
471532
27237
369115
37593
904121
287737
208519
517144
475862
922151
795001
520305
416646
411832
12226
610301
337973
755151
973799
207911
792151
791424
546468
941353
727149
79691
957684
487338
830836
429984
168769
233604
380350
769221
881892
348750
782351
625118
166336
688676
801050
214287
549905
300966
889217
275869
857956
16308
942267
19312
130605
23677
282529
157870
844295
759539
187139
258329
394191
386019
611000
369912
503339
527318
350720
996495
322347
123666
525774
519383
548430
158726
109974
247404
677326
188656
77133
660684
4673
502657
582652
392103
701815
946027
255989
890544
151872
140704
649770
741529
9762
779389
158714
913278
225298
415988
815842
187578
531204
755148
171996
738796
129145
43596
89861
458014
295372
623970
318565
679922
517273
365052
649719
923918
178929
199569
524879
834805
175510
57098
343678
995893
446981
433281
515794
101354
890683
575645
325041
584040
997129
67824
454293
564252
51822
419444
706523
998118
29493
782150
472442
119431
195299
120244
418641
926160
459740
850759
346229
621944
167231
54782
312358
969473
393472
705154
747829
212873
676526
149397
627598
817800
633776
967675
90703
404821
610719
162523
811860
466631
792392
27504
673128
656659
786628
908412
643931
409715
831442
394506
943963
4699
332540
883758
298500
839403
516058
819337
723254
795782
685760
165331
163271
804946
736444
737556
941965
573580
7490
239504
215438
937345
59844
294580
765958
233319
259710
593513
54675
631440
226937
484233
445251
962798
626576
596085
456428
831155
403076
389066
933300
607894
249480
892825
794476
516543
141665
279148
283866
362604
369493
732028
128929
832460
727834
940356
969550
323990
479919
133072
800588
311812
289264
342981
535131
716121
533447
149576
815305
506410
702957
743628
582590
595522
160610
718732
565968
365332
246653
884570
151982
839630
716621
267560
303143
793810
733263
737168
191259
782657
168224
977245
411486
55853
38612
953271
432079
32373
714171
421474
325327
874806
468850
447347
850074
404287
358252
419752
18485
474720
683867
709053
470209
861138
451223
748543
474491
364074
911179
244434
682956
747114
296882
297836
651520
862207
367643
317050
882786
946331
885901
994915
280039
741744
438795
555501
678904
544658
950700
52066
525919
802751
442347
719577
274122
54348
87980
929643
676332
34264
637237
628508
201854
55916
286237
180012
165833
637000
248956
950111
843442
520099
114408
796502
537886
574162
412112
740159
768800
586882
709131
263572
652300
368989
680407
128954
431847
199980
877124
140056
919572
74160
265198
888651
322826
815561
848342
830413
232954
196161
85941
920407
321527
643944
355720
809103
5720
630684
62029
79487
551284
551895
475931
889703
104539
127263
624139
904666
556925
339937
595241
420644
530224
486062
1255
458962
199638
622383
68785
216407
968451
284191
516172
527515
635061
804760
704324
712533
161353
946876
813885
279251
586391
738231
884593
539267
21462
162204
244393
127118
51885
18646
531525
906373
580786
209229
960317
549334
314584
574358
709883
203027
728759
737796
350348
496391
721911
897416
940539
611829
423592
242756
497620
473997
225076
899497
147309
337760
974154
37773
4086
58151
522530
440024
975452
798894
989934
160084
595097
428466
881462
239292
259139
825388
371017
330372
452421
833021
616415
715461
531034
644439
631516
530405
989648
458470
927794
676207
191381
404327
962676
669431
25330
90987
238423
274065
659181
909191
707859
713711
576692
554856
654538
713828
118244
556897
933710
517792
792703
553090
514416
997269
836366
665259
95173
302093
224159
417760
232904
907542
642700
509795
590562
170340
885181
601158
340555
968385
85411
600200
486734
959781
723803
532820
574868
96676
586185
505324
704068
27634
632836
117704
715272
821070
324803
383566
295591
396643
835082
964677
369017
966597
442444
282014
365094
701874
264705
157937
277766
950041
112582
3763
282533
214540
182691
23201
37525
732327
362926
185561
157740
877051
1136
560665
509727
14147
845952
103600
176302
836202
856671
243322
188939
116950
674471
800600
716288
416698
186527
103077
965234
974519
996904
493299
350887
630548
738167
426064
56665
139303
241725
473836
60829
174492
22192
316715
60273
65480
859885
923568
871421
982948
765250
724171
150841
466467
68540
897082
402188
641682
852976
6229
63740
998403
472829
592760
400571
759423
956803
99539
195583
555023
578452
768501
480163
922088
950341
257764
838101
915478
496634
132647
938435
948431
316120
512113
865412
131459
628698
683300
127054
644707
96414
267264
848045
125263
589813
960894
298440
68870
520604
705165
627071
397610
907178
357830
651566
729438
744295
309791
331072
522083
352458
107040
177685
962455
490018
317393
453926
944775
914150
556948
543607
125305
828691
734514
553650
877920
36539
22001
830865
441125
138419
554505
657611
760621
164383
706617
247094
24980
425259
537450
136802
95501
504813
864288
936411
121665
260007
821188
770102
733997
91880
460682
646054
893165
354998
494213
749184
954028
369056
458579
858925
882591
425032
15251
326016
927307
76638
489245
882398
851063
37067
562044
804666
862647
491233
347177
986008
847289
576173
389980
93480
212071
556523
625359
984532
734626
284051
296785
205541
399935
191732
417828
257185
527484
394595
710702
216859
79352
606551
938694
620534
803302
189956
906043
381013
887636
497285
930176
167357
826712
386680
427684
875063
184260
147235
506420
365144
914243
299490
928648
619093
330038
867727
194891
125651
737287
563590
5577
809360
674961
79655
359485
782808
209851
912759
917400
576880
117820
760424
145134
788274
297839
632205
58098
970184
854032
187851
888956
29759
695142
49132
884808
780198
512566
775699
936813
910759
383516
990146
329434
470129
612280
454614
344736
32693
705291
233932
707720
986969
269786
150749
363898
817269
168768
224105
343917
197201
268818
673226
906898
331207
381729
908894
876961
723754
209356
167327
593997
395650
312242
892921
383689
133645
233025
275362
907450
15884
939859
28483
83274
744315
160352
303222
252042
724020
248809
868023
761392
954683
760974
846224
523131
800464
175906
664027
959825
514340
776029
514619
944363
181689
202720
625476
395997
705949
226150
27987
974551
770943
217188
269500
62517
715172
417018
586425
638970
887836
97674
889251
693737
735873
404749
223144
386202
778082
860518
376999
631258
765121
388141
330414
114928
120772
285864
922316
649522
188752
845299
667965
860344
152942
710252
23919
572352
925232
211181
564574
546918
428597
974773
801388
873000
392385
913727
9834
586910
309805
86538
604463
467884
587373
786430
89772
75960
401732
411652
408272
542626
85868
598745
263961
637047
3982
721372
687304
628798
916725
431720
879373
319584
661842
318596
285146
805645
91377
817104
787954
56000
722482
307709
399614
782850
898132
856804
787485
663653
495983
990891
199456
722936
946023
641438
489614
893811
717216
384860
304601
269174
443154
893869
958522
612092
681552
611931
232114
853456
551925
930534
111830
145041
329875
276036
883420
929672
46517
220976
829887
660009
561699
771062
290925
755159
171830
162591
363090
649619
270156
31814
70723
948899
961032
976324
182868
553918
437588
449125
438862
329243
995001
883626
83343
120359
318677
282285
655610
554599
407401
876113
340836
98428
679406
657035
814113
628587
408368
261892
667892
228274
412766
221028
2212
239097
133279
170047
228875
751797
614372
738230
724390
87136
54589
163683
176970
636977
934080
884253
597809
649769
661242
213905
388797
711285
90196
753542
465363
874327
720585
131212
5391
199781
768503
780096
311825
620527
291553
684191
225080
17652
379026
385662
503530
238476
232047
892959
783709
222629
462955
309123
999651
985001
930230
951719
225646
291244
715452
716078
532183
31126
986781
359291
411058
675876
519895
711476
982452
612121
474243
287582
709547
265995
570583
555509
857893
128104
480803
405266
757686
568733
493238
91113
93771
546299
427461
566008
887102
62941
246203
4080
120675
752993
600387
52185
505028
283227
975026
49362
248409
62102
576624
458707
598852
813274
699167
671235
197935
44577
611285
949457
882245
285415
144699
75579
580399
985956
880457
442700
119196
976507
389572
786902
255752
220809
759071
588176
293501
292395
862881
14334
821454
609578
941551
113378
536483
910111
833523
685240
409026
956732
674886
748538
321416
880293
21695
448678
955671
687181
601887
53018
797933
449377
489148
196278
187578
103737
385798
68999
432063
413856
742439
585481
27395
246443
885353
119121
854425
200244
659398
198596
827655
660055
865187
135791
618383
142961
636831
320945
169079
852307
181299
22320
823611
257447
512200
913414
937537
852881
810229
340926
110488
488186
453317
121962
827074
159722
703530
10952
313607
38497
681020
20805
312259
306757
817534
7787
49617
335497
940894
581184
324491
361427
414379
556726
463950
330588
353409
721666
718432
715022
771960
823891
939361
503529
263028
542869
119623
495367
488188
375699
871634
249279
199350
167110
585890
346065
506848
449307
384031
48774
901339
664299
543653
148607
325053
903995
193059
109303
687967
70432
506039
536857
984144
619425
689769
98820
540920
328469
25363
877534
981641
464198
366053
764530
491731
465393
33773
173950
291955
245992
274621
927915
985672
261317
421664
268591
443253
849820
667137
777054
363344
926521
549746
75102
470420
56895
958435
688735
405789
634687
321084
921757
289231
134225
554653
572789
27651
618617
718406
404959
529831
59496
970631
960554
913538
367419
945810
159050
120641
744170
782388
923682
30013
643800
111547
647164
954067
571200
552227
935918
655262
474797
677821
511197
595841
650552
819890
155775
867580
681723
441064
191074
232037
536840
393684
600687
529819
261816
998297
279776
984658
676672
514196
587335
951385
568008
660499
521138
1955
753394
950847
364062
107241
825555
697687
727711
553112
233923
631351
345626
243284
902355
115700
53514
731696
524509
934887
514356
279085
446733
241974
440759
874761
375355
761770
67609
478769
888116
935699
435066
594644
671254
301893
226932
391126
979642
973838
184092
998019
814630
421605
136424
691929
924724
955096
577435
197689
962286
67635
300334
107211
515961
503118
424123
89148
400865
893307
832326
619911
955752
569174
77082
768905
599096
971824
848752
347847
123498
882138
248138
380740
901043
382778
992786
685405
140493
533204
749973
623130
214847
170811
918564
258446
940120
418839
431722
686140
260893
75749
874747
919846
885528
855764
167952
167656
804361
102680
681130
310435
901447
880835
901621
203694
561229
176346
448865
472082
973375
894339
506819
413093
44807
357443
917470
849164
894797
805404
101578
714040
826013
288839
567258
951305
176186
744126
967295
1355
440605
364618
817441
955678
128726
455460
122279
792181
245643
975800
155239
634542
318615
923031
26895
28982
39196
604324
512292
206479
846136
249299
729054
729746
803865
853555
196604
757336
899010
8438
559639
30560
380735
215695
788214
407020
697091
1242
202901
969378
623037
659779
657385
779497
380068
694503
972541
925969
775820
552797
289943
254827
91293
235231
629212
626444
940554
908688
560195
75301
830464
677564
506476
729083
255886
434982
464192
277877
334732
37014
892091
786064
691362
262291
168137
298030
372547
621660
534067
122484
979056
552564
625139
838657
41893
812794
929778
122993
641509
902277
271447
312976
859623
131060
728709
896300
663967
88101
254854
666074
636761
331982
728390
31232
98513
273850
894478
79215
480491
970654
927938
215781
599613
189697
349421
155924
749647
189892
514976
462585
141181
37944
841039
86121
283634
242727
739189
391850
680836
569732
169609
798319
5721
106483
411462
81887
777747
857609
927328
381865
473061
701211
725772
331910
636816
992344
864542
67699
700542
913543
605941
579860
119540
133017
801398
972540
405484
665754
334795
821844
239347
776388
301802
919235
695301
731917
128849
475516
75330
226151
835762
636924
229793
694535
813291
614460
691046
229096
259719
234739
454398
618141
746941
412769
365590
507026
613430
568328
50718
928465
292260
708228
388737
87580
419873
457297
558026
615761
152214
541715
193155
333677
911024
288733
638946
846274
9205
101510
706813
905709
75368
59255
475022
485974
203284
557216
597888
859798
326705
968163
140354
13427
172990
298291
809524
560516
558003
707740
263018
263768
5156
944717
172306
106871
888155
154938
638474
966979
452708
350759
765958
12690
366351
908145
775156
337463
887164
719509
967670
266514
796520
308201
10452
417055
576110
419675
603902
788518
587998
176846
690814
375118
377547
488294
312325
102439
300124
207480
292219
528623
803174
172118
948423
47585
74490
552172
294010
239204
921461
432496
777034
967416
707118
985497
336577
873751
936777
340811
546936
88796
790339
560229
507877
321763
59227
400938
555944
539875
404078
357519
376033
377623
85590
587652
112238
600660
977806
782924
610220
214398
837980
921942
809437
279369
464817
516596
947799
155366
307330
839824
871480
609649
177450
51629
397545
222028
898
580174
986828
546768
32059
583394
286043
149706
571346
984175
894799
613275
769313
931430
599518
988598
760216
809615
763913
573946
783280
510576
972279
302283
793181
217994
5041
866324
928012
980792
233132
62635
84276
571872
76922
472691
255389
124098
479140
70511
146420
560963
932636
261603
889944
897695
940245
566876
83560
533903
287909
270525
579504
21644
780614
675179
935015
611475
547405
434661
301920
769586
284679
42577
430465
461189
694684
329596
300894
23072
836276
258858
124256
373353
19472
600522
410098
753351
982161
654226
931822
14820
731111
489740
878362
980684
98226
945536
620117
282242
55461
285377
672004
393445
246484
652976
45148
766043
474091
766854
235731
502374
801999
690584
110322
670450
613869
150302
227958
673925
771686
252980
218154
368767
822587
79446
734183
415476
594430
830737
812389
520666
880383
646936
916009
701237
714509
190876
285412
836242
811920
664571
890949
875765
278066
150161
20671
339299
912424
19107
934479
941825
846092
902294
124915
873229
200979
140435
686989
969913
717507
908745
422893
379777
863720
277919
547847
12507
812991
609330
290834
329785
922678
607468
409201
866051
84000
206765
816836
354310
465677
168716
132324
854267
284893
986823
73661
408843
561098
719983
76388
491018
656361
43693
158698
271153
618748
865662
472059
22882
714758
607136
642701
783949
51236
229430
709303
162601
164986
510720
420514
442231
610743
433189
591270
135534
146261
631367
107102
79811
639964
595554
986905
781612
894861
468543
748249
631083
967620
322535
191268
406224
326222
588988
768564
87353
797443
600796
495206
96048
694376
28446
628543
764370
617961
583607
71500
338352
277461
58966
764851
370617
11312
964835
997693
283064
675254
549426
443328
842314
465226
290845
542236
196536
932613
953179
938008
592597
507186
473742
98096
747688
532590
673716
278265
576114
794952
365658
38250
733596
112626
469879
789340
270430
315210
367496
651420
114457
815399
889723
537791
538495
296288
5482
74016
249209
316760
227061
956580
299738
772128
462343
494191
359881
820883
629724
618895
985231
533080
221144
214869
913154
829778
357502
756727
65225
829578
494023
930395
991319
290646
418824
207712
427794
945075
711081
481015
286282
634868
133750
766867
461929
495885
283534
477563
734030
482485
68919
932443
4613
797748
774686
142873
190838
819388
458639
308302
494217
563685
198920
37237
804952
723629
296056
941704
45829
432251
311525
317224
140125
228351
298066
870834
994345
242488
915745
966217
837444
661843
857597
172357
40928
406225
482584
394473
8145
377552
196906
200176
449032
834162
156341
151896
5353
689994
520785
975452
554479
413556
492107
746809
986077
291587
183486
185560
292028
555125
657017
830935
335802
477390
738413
470850
946433
656827
350129
107946
809871
470861
990383
916050
716244
809998
885336
786287
954217
135550
343541
939405
37361
617373
159194
521694
965585
128361
661491
554180
378043
89521
261264
812853
338105
214187
345361
15941
192481
810667
582833
563233
462352
293788
743028
64292
989809
168709
855348
813283
839440
588225
859859
626002
156159
368460
233295
271882
276429
938055
722512
865808
699647
736048
659550
781826
690382
934640
964921
485598
246605
487887
539398
637519
604196
889111
723368
693567
296019
583532
822936
567099
67714
702947
842364
318253
870042
210984
933113
980026
987546
154583
727914
63409
936820
313717
510543
186455
770558
530858
166578
321931
688790
926297
35414
410860
533922
230284
554346
656731
247064
414647
583827
946839
552450
960056
300661
134815
836283
154945
142705
867994
689778
691627
409963
34191
823749
67168
639701
134663
87307
262477
734825
250172
441073
959297
234547
711826
994047
630830
399747
124737
93673
550781
920362
628185
934646
215206
628426
513989
121483
131704
230248
647332
846790
728444
470842
762088
359516
612386
506459
667720
270308
284909
691267
546968
772506
891153
796314
463867
261323
893953
621074
713929
977130
426300
260480
739677
911551
566443
406449
413740
542485
731785
291319
151196
839963
110308
719365
933881
780120
920050
250078
430832
474031
17878
946037
887607
462676
574750
819587
149395
612568
998670
961757
929973
582616
303378
731775
20952
218381
228996
676636
741884
385972
392887
271151
976329
427881
872403
394254
345665
160604
367701
588585
919991
233856
857543
852040
153145
158811
701736
292234
82718
724702
371318
103077
101115
785608
571544
679176
925162
672276
397331
296401
564719
816540
544939
781847
407768
693147
975865
398751
130275
86983
617143
311971
560246
667220
947757
503551
81193
497426
700502
322960
756055
170103
540252
681032
842802
443366
639586
917234
351395
370248
343480
744527
875745
309322
248172
643247
251331
342771
638832
53235
58033
787696
376012
931441
998223
337032
42268
953110
637719
700688
714672
873108
507279
854943
733456
458099
506255
901290
633331
721472
53579
705708
260446
955170
291793
72772
361968
402970
255878
58194
947369
997277
330204
650918
730625
626092
748094
643638
446679
78382
998351
727257
330932
934866
841525
838187
654292
663558
867749
192265
823146
7142
801982
771357
140289
504475
546106
593795
321231
108679
618913
771522
829819
549692
318345
917301
989947
975151
348874
498940
214130
740972
925575
495054
665301
668847
963040
58526
601064
844633
81942
35080
31342
558172
526643
39639
97151
956128
414728
474534
948415
921686
432073
499615
739653
4738
975079
526935
286491
822751
126451
385423
29361
967548
10789
432346
584925
102135
739853
896405
930020
347335
76555
870611
715182
192967
612742
247621
24407
517088
108838
605193
872600
938516
770647
712045
651397
637912
98578
638709
621298
387937
192380
624591
427938
765860
69362
753961
480526
470567
948845
724
403118
741473
244078
505363
527766
335093
874091
917563
967527
114457
890977
42113
378227
527875
739792
679522
737989
253337
690174
170574
260744
798751
283975
592608
120838
944830
53419
563055
844437
131166
643625
776266
615490
322881
261250
505607
881664
494496
239137
279158
948544
227292
249508
747773
471
940458
873108
716855
130430
629305
1091
341051
8600
104796
383906
638825
405123
277879
375372
726172
41925
638286
927208
6515
546861
20288
461225
64403
351412
287556
343729
45349
559501
440960
352929
197300
900573
120565
456737
252729
288135
834618
377954
272256
713007
550402
778165
790062
177374
940512
922540
893562
778022
361475
989042
574443
769190
129887
587873
437375
456363
631515
651035
141757
136659
896933
882707
616040
348125
473075
421855
519403
906085
273006
883255
375523
813986
896509
127386
144418
455506
903054
402096
50815
306615
543511
891272
288911
957900
94131
129847
762696
257556
516853
555290
458475
839444
287997
563211
579786
863163
740660
409741
258406
618220
21982
37864
381162
586718
840737
99275
208846
928591
450472
697210
443575
679377
572076
602214
570724
804717
311682
733814
737267
483475
695404
418103
774495
129799
242992
186966
954842
645683
554712
299531
865202
203614
162419
861739
536576
748481
914697
975846
710751
959420
266459
598889
873813
856811
406099
256273
909670
495953
974383
562934
748689
817671
353422
631299
976684
123632
690465
257958
244084
138345
393825
260688
142925
32639
735958
99580
801083
982869
940549
304926
184878
173489
211012
174041
98660
117359
868703
889725
6691
807273
288035
929289
447196
142341
801618
230140
602859
310548
952032
269603
659568
432114
444016
309485
561906
746455
525579
348209
71984
338805
399109
792182
735520
270370
438059
332589
980045
646269
2634
931581
633270
728110
279228
50611
810028
54633
321339
443585
363722
939851
783472
841550
934947
854966
93857
944914
50259
927081
400709
282281
308535
8567
387867
686580
183842
555316
629487
849293
603101
355599
769586
383771
741558
651619
987391
186149
111263
709102
457313
527762
376249
819539
38810
355947
383669
433669
920748
844984
958131
974577
329958
107385
420847
548731
828498
126381
123760
19622
695085
123286
84850
653684
426677
736556
225428
84839
428957
461198
404285
145990
213375
870979
44232
268297
195632
920782
711095
867518
595236
880047
722098
20669
155669
981294
712021
968054
486697
908265
197022
817741
379398
675981
917930
463767
144487
78422
918108
721890
431026
397121
61901
670678
339281
954885
372126
95919
443483
211221
480997
160358
611232
592738
872259
594512
355465
24843
767222
427564
666621
3059
626502
284196
17849
326846
687968
951626
828832
656266
485073
335331
953025
463975
602557
959882
693252
519775
27427
299641
351940
612875
289619
920456
724344
747009
85071
213345
600123
887232
583726
748189
17974
230059
876961
215884
677233
720008
325456
301756
551199
164009
935313
858198
795774
735361
137129
432024
243848
1810
533192
220365
603550
537176
921155
552891
896333
824348
912983
744485
779682
223026
75251
24502
418919
906696
720386
89853
9738
203684
701173
558248
432612
975699
146258
346160
836586
659214
794709
140705
868479
791754
414414
196930
972579
336412
522562
751014
908692
757674
908368
953863
496812
458973
721784
230511
823838
788365
759113
941190
750334
523369
867637
40201
846655
561920
9286
792487
981266
485376
466088
535932
137187
837555
221369
500288
947930
155085
107578
741140
215267
119668
405096
323049
724955
835638
580689
293024
380577
196005
769530
853342
694340
382757
70506
935266
580742
615083
852599
319969
139956
536679
412635
419637
542170
389176
696833
863003
681332
179985
752142
19732
69131
991896
296538
451759
433001
770431
396004
367394
739423
741839
637646
607338
879991
329619
905797
183414
586572
817223
724019
69537
639386
732864
150680
222801
756750
980872
880403
605141
491484
205155
589776
4374
3733
786048
272012
156023
212053
378122
348682
753808
800237
75033
26671
872298
247814
426362
486168
670230
81293
606973
637520
448869
592238
756629
57880
832305
201144
56433
355095
761840
727605
263326
739862
667092
8281
86991
590909
124859
379019
318180
731854
683029
709559
775180
856474
819925
814289
384843
305142
885351
615317
92409
597416
343749
743662
890488
519649
929924
561825
92951
947703
956501
135335
276633
395509
421189
490511
329292
107181
791692
290114
868410
24061
234244
795038
782394
940170
126224
754648
660425
327236
330257
524562
149025
536493
393298
276063
227691
328523
226474
340184
88656
110075
91008
985157
753571
736791
457602
320551
18392
799133
603844
388784
282019
230073
611281
382189
232976
716641
360551
756366
345022
424740
527689
11815
496298
218321
4646
545520
570161
428558
146805
349362
457075
800060
85569
875396
772076
59857
211412
805670
336082
63141
938737
882451
821020
948617
851419
573164
568503
356175
367798
693061
958967
167325
50048
319373
713196
519872
634879
475299
804386
650147
691401
502768
106147
965519
547197
121399
979400
448348
318596
803466
767362
588191
121116
686373
113635
401940
236954
421381
371537
749944
120209
862440
453565
360422
847115
328867
920153
674078
807162
656806
453560
539246
821884
793620
915246
665030
947964
925971
420549
705739
99474
688867
732964
664503
545379
18235
874849
484294
278685
320137
143814
477562
888604
190168
199323
370174
1476
123799
294773
865214
770851
728383
50790
118404
642429
59006
640736
378023
36004
887487
912992
810586
165485
167570
970379
273761
382014
54747
599688
312996
183281
262769
323555
808735
713814
311434
391304
806672
955656
715545
63539
595457
641800
124599
171435
728487
386232
716766
241967
405849
496624
823243
888641
131404
520546
399060
106606
295921
502630
16110
47894
347300
264469
584432
618346
236386
306092
564882
170597
410847
866654
530855
565948
360677
851604
872354
98848
96783
990389
972019
545725
37739
678353
468822
713208
821332
20675
271924
892414
218077
128854
237163
216204
371796
133951
760378
165969
344366
769653
544165
13467
62020
689932
44491
68917
842202
89913
923213
191714
542348
829675
507469
432950
508453
788543
551669
585454
13383
198087
359322
822890
321987
644931
934598
667962
278544
58944
777296
44165
623501
274742
324014
613379
232343
31866
738374
189843
992947
562932
849049
667199
193111
904641
414691
953428
817546
710862
474412
404614
552965
175016
174533
697188
681277
178378
575514
649518
355753
864178
492321
838811
779508
500334
114628
963501
473606
171061
372568
705737
532951
7557
105967
449457
637835
582819
383427
444399
678679
708660
911679
296619
434429
420397
528073
301535
92281
919098
891989
408075
62649
492102
212788
991410
104599
474555
481028
991485
146419
673878
139745
55781
588804
509091
346025
209864
152812
790183
477465
950077
893720
187869
994187
648938
238616
501720
39383
649163
636326
188137
663900
118048
660163
139875
659671
559020
802330
106675
74811
268582
106597
39489
411768
550468
458146
762510
380789
749732
914440
298646
745839
107363
681394
17952
166130
88985
573551
923936
968360
583432
703445
521955
962890
181137
362533
333865
878765
883180
866729
980480
675181
824592
482872
678590
50870
297696
536300
592932
462936
70929
460838
950663
204195
243749
846161
618473
506627
169683
93229
855158
114168
951861
569426
585461
734675
47998
203499
750893
764643
345003
619919
105734
551473
365314
18303
53733
882985
231724
222718
733262
946484
886344
389689
954082
169153
418404
858424
262458
993990
455347
815115
5201
615142
189973
338242
945496
367040
855838
920216
439075
408780
747861
570728
790285
207894
369731
588205
818166
41172
852108
139163
519706
586852
27651
167026
800214
992531
552692
955933
276028
845376
624140
875502
164684
795522
495278
759008
1570
421329
267901
341785
79772
463124
442562
633597
146756
819431
458854
31295
356550
691398
524008
100185
833085
822151
891674
665096
538604
66831
490755
624481
160653
367987
985927
241505
648132
280410
272311
485673
699755
787214
567584
673657
957021
286273
104955
451217
546451
365051
361810
116996
34148
840113
145159
953435
55272
301282
651344
392187
935718
521935
399307
147940
663666
389278
18417
582520
137073
553474
397036
745425
677229
510088
299385
779453
678905
13673
427105
498687
34727
467553
433968
885021
556719
256880
198719
874656
322206
102092
306904
879688
767996
792434
991720
422306
541476
722968
888485
800282
87444
172012
277686
415072
770204
342900
906696
768943
796360
272270
124495
868295
711495
99253
60176
672997
860309
670313
597126
142134
113122
606584
825441
291223
186319
526350
320601
627623
827132
586226
564783
698561
259965
241875
919081
104339
330788
515287
325705
860154
604490
561659
260741
848876
163668
638304
567485
22256
732880
211888
896155
651664
599242
846363
614146
979806
354417
920275
427315
716562
457070
315108
49391
170028
987838
202568
66477
605330
981
664176
178975
982381
659840
641470
45250
706664
638016
453099
624122
922140
918870
591175
427653
38814
269462
573217
139039
912252
515574
813600
580316
103555
39837
932458
120814
314318
738108
475586
216527
283966
374
327766
552132
289573
464939
503521
376123
871895
806962
788073
975534
67338
218558
244342
132898
309198
710458
653565
24842
540671
492575
567155
315554
672106
856073
744276
536285
755419
385119
970053
368081
942012
212798
600359
847070
945846
665285
207159
683459
240688
853123
766866
618645
187231
771982
619477
714118
2019
734969
89820
219018
296827
620459
5793
735704
623081
571363
619003
464669
173275
316144
289935
600836
292366
101857
620473
691882
669780
410584
457044
144591
593996
185236
298168
899101
919089
289325
291965
463033
162458
743837
908490
20402
14975
174314
150591
13364
274331
606737
661508
976217
631109
116364
743153
253624
723868
269942
530177
408988
694379
810862
434046
821510
732328
685161
990419
90777
53824
479544
694297
862231
562776
464125
440021
993010
560091
574376
761633
318386
584722
937658
756950
163819
440534
44652
56561
568064
158573
708521
475361
491501
143443
692301
264111
169091
655494
792727
886609
447765
219111
70520
664485
871836
452955
136833
745951
937431
883065
348880
639597
556668
376652
122749
810219
975596
270585
432115
126153
124716
9415
459189
672025
286021
270976
535364
693504
228864
873384
592682
198119
885586
228674
76409
721798
785827
882921
534581
222259
784868
772759
506340
980104
335673
928922
120490
36490
217818
511616
734878
914475
562208
542043
561892
117374
509529
677484
713041
439862
204768
884643
168693
520605
209211
121287
444197
416599
980666
640961
514141
819446
116741
196945
560567
153697
589651
628129
316509
897735
329430
84293
541030
757203
136825
781219
194110
340559
31413
907353
46939
73441
943446
80374
328321
375628
293261
628823
784710
921209
899176
768297
729367
225812
876145
505026
372732
533207
195970
112008
711380
644652
997124
770874
253466
108724
896458
412167
105650
498258
724751
156863
17179
564086
785535
228247
881643
826022
23389
264897
362414
496532
182824
317171
112670
560465
53706
140308
933916
468511
300236
133324
833745
256056
28739
655690
508908
923858
237007
977165
869942
181691
449536
885564
925650
893987
345161
965867
141428
330467
159450
58506
744541
638033
922223
792702
953024
8462
277795
283274
403238
605632
862216
836083
549558
823268
81435
319280
520335
967594
705218
843068
535261
840930
544046
992172
666091
106208
366236
241748
191376
470550
915924
484984
742007
58259
893160
279064
829491
489180
57746
907275
547592
91753
571162
924764
475726
314517
785745
68049
229899
507596
438036
219227
52548
398201
292654
768583
784576
357597
887995
19478
780532
394137
701573
887957
745009
45655
319273
158605
316548
160756
690832
84006
538557
954519
173499
510527
958548
753112
47264
617707
875307
95499
890933
977487
148785
380951
701825
297820
856160
535625
476008
221872
462798
597066
559932
545761
55114
567689
299631
146803
701552
499638
632313
675740
794913
735144
334521
453771
487279
870377
302354
107976
78814
216722
464659
467470
72896
191471
454061
504944
128442
94772
679928
337595
509371
314699
795149
711152
630956
262488
732853
437362
825446
555019
719560
655793
207091
340142
878577
315616
284190
744087
858142
475995
118086
725923
617695
32331
535334
163406
136542
731956
889759
212194
757224
109064
305814
973758
696828
438103
780823
771097
86329
415876
697434
762343
913753
778234
603814
93411
784462
790025
122779
163966
900843
686208
948119
587412
404891
553784
652168
886588
777325
415244
391568
127354
378834
926226
881287
429927
141197
974503
58170
382586
139666
698147
439635
852239
469162
282594
724700
983582
402867
546901
940469
775508
988965
663386
59729
895353
993805
16356
344185
903893
629591
337153
422204
816511
32945
75730
641566
726660
999844
913564
807354
564200
854275
473081
734471
162038
613310
92801
455294
974776
285393
774356
828694
957446
825218
307919
1366
415449
992909
592255
268182
581725
147283
388282
905081
908925
421140
152599
984154
406817
222455
45336
792932
475154
367987
194451
843222
404333
774794
919247
397679
873870
906938
501085
67435
864501
519049
908486
10688
444451
466343
280299
641630
632907
470696
53693
799819
423378
534591
111473
664244
426297
84429
187524
921780
722657
876850
474699
480848
314905
62288
6454
781740
195933
169140
935384
348591
690188
855572
592150
633304
876877
371954
516874
353181
146500
72687
386430
165576
875604
66851
122849
150011
699547
374399
591281
131593
734992
213754
118792
251475
110488
420482
374275
121508
570064
802009
392828
445287
696883
425797
216903
914185
444679
219444
390639
449332
152168
589861
140430
529596
731267
145068
242020
620381
632863
950115
210772
808779
259415
418018
191983
954754
451320
451935
303413
399596
685744
602998
425639
606674
75192
18351
123170
357241
675559
660144
273361
394646
581559
114018
40001
953345
909844
261368
748457
207283
301843
115014
755268
973903
60324
3821
304368
974263
980615
203187
766812
706341
197130
496397
748687
183678
72123
967515
729118
934051
537820
18633
946609
28881
865040
915825
828296
196858
893159
256535
645742
266077
460476
320435
592005
627440
526841
343004
374229
266491
73320
379603
131040
86435
992129
424480
423028
178178
817300
513425
422380
366531
481758
890656
787171
884208
411209
839772
509547
618286
837361
622795
9865
437791
404127
343995
586519
516341
236664
887188
757582
490959
850113
287466
278212
871923
680446
675781
515248
3445
718788
251068
263629
133509
99013
949492
498837
683750
516055
403094
80986
135230
438912
330891
289578
720003
754982
625396
672160
729152
829371
500412
249850
506016
501562
300512
266403
937670
903533
414822
430323
57837
990328
743296
632820
858319
732627
481914
607950
16988
77903
149520
917377
959591
595615
522474
975802
592100
848173
158546
956466
303237
59749
49759
377929
111342
512613
940968
704366
412196
869134
944400
508243
93509
31015
289415
982067
539665
123896
862847
736852
686481
740258
116292
459490
642537
881902
904665
202801
662719
570978
201240
858540
291579
418692
823144
62138
277320
971891
595713
280417
470500
102300
387844
977319
727563
662269
351655
465577
930779
521316
869115
691827
822054
67263
392353
959778
117824
228340
121424
499101
862586
39566
38986
124346
297886
651058
223043
711584
319831
701760
280166
573885
802366
711746
762911
740543
692181
638964
988065
461686
595571
240396
150393
87242
42222
792084
777263
560239
445644
237641
582592
221852
768733
920367
702922
438339
220907
543699
43584
982370
396852
626113
860447
930756
102440
727294
932285
86424
696821
888023
387357
377350
106049
276833
972062
504078
844594
470686
739117
126570
520147
827413
232552
893995
561597
287728
305937
265396
834626
474532
278928
922791
248742
530326
545400
474236
786135
397844
224846
458468
811476
971393
720981
757171
638555
918538
217698
976576
629294
707140
118559
267119
493255
685646
700550
119906
272735
347815
228450
244512
415202
48589
423241
391912
14045
250300
318410
856572
708646
417444
511615
186540
170912
680958
572497
790916
151173
237346
20777
529231
965136
453619
174816
152486
598761
645823
725448
145098
589317
679487
243075
67903
649491
832121
762129
964512
795015
626935
705898
246566
516725
757910
559427
489955
399331
111810
98888
617703
945759
425851
370415
368341
106544
608977
101984
315401
799787
292738
797092
162986
901001
657104
840751
459397
976642
73169
488977
754669
620479
398017
285400
951528
182491
854065
886861
166630
174533
766936
414592
141585
952890
833583
191166
31886
37831
36337
554248
639721
351282
60441
169927
361385
227707
518793
631448
284462
108949
696906
563698
788485
146946
962330
334953
259774
931165
38956
463042
42799
656706
737842
860823
641285
23348
813095
363861
357828
467950
151202
808322
914095
1639
641202
576398
819233
576703
494794
335432
892037
778603
131084
810354
984978
238546
71453
225694
700504
341003
792552
323203
48147
146780
173263
697489
612784
896733
287227
39194
621771
85734
924235
552989
233106
53806
549514
307
598256
172053
906591
553693
14398
279457
873357
588768
182680
324965
265016
817961
868263
753449
462653
964066
811401
444868
652567
577724
800335
417600
553248
955480
632468
355351
780719
229383
371656
921376
303187
347914
194344
705900
789489
830882
981428
994320
213383
958759
786890
980753
68662
650693
882178
455924
237344
979171
971444
938286
792740
296117
516493
830840
471349
609769
797536
374999
100105
410559
765243
406556
478400
269065
486372
170011
221963
140692
284162
509998
299258
528804
29597
811529
605871
951443
507146
229443
204198
752781
586713
138554
399993
242347
153007
104908
335510
949556
865116
312943
431045
503409
923727
765722
2750
523978
430761
16143
643231
587186
71518
902618
797114
314538
815368
355233
369618
763129
692823
812196
107352
505767
463116
310126
315179
838155
427258
882477
343948
527684
1349
108570
726298
451715
347526
814624
513570
886112
537960
940634
652664
403193
215781
423607
73432
59371
893012
831545
84600
171458
123542
87222
844933
372899
648922
444082
44193
732370
155455
133297
457680
810254
618712
60238
322775
60353
27741
814127
490935
818050
431278
987597
146091
247192
540257
275867
848212
631108
34391
500987
677395
737363
758000
478695
37330
188402
108789
553512
290397
492079
476835
134304
444941
355491
574263
142298
595047
308031
235183
46699
621524
538677
369461
596463
941757
880353
757140
137118
196939
62850
600751
57940
276132
902910
419434
21650
891210
399407
889490
413468
614544
503472
340146
492232
314610
848245
835038
926346
980061
596195
303265
979987
324899
834008
275309
371175
32668
246382
346600
418940
959035
536819
285320
140527
730093
73663
810177
80945
438770
185613
741398
135429
880140
610640
434703
246420
100414
730664
103994
772890
448801
848771
315438
885110
47691
640099
369232
284702
66552
517998
92596
537518
549097
448317
186793
367274
894345
114283
83998
823668
976939
888511
962347
854486
433862
953857
46934
57624
591373
163744
178294
884496
909224
929505
442449
340300
798031
331184
872741
285787
774440
775890
37136
797843
564615
720207
68691
435423
658947
520643
774954
809677
904251
214257
662389
641625
153037
728663
581152
296598
94748
534191
321929
64922
741835
187294
282483
72345
689987
647721
181240
707888
406127
221456
514884
501831
848947
196259
577182
575649
654789
376715
817515
685502
976021
32011
703012
642067
148515
64986
750739
773971
556402
706802
211574
980989
249628
599199
22670
886408
861570
790883
213237
412348
793031
443324
677971
560592
832477
251235
627760
202081
504322
817173
454791
89636
369502
367337
763936
274262
220917
570027
618032
918674
784248
280840
754108
886361
595450
733989
59330
18238
813553
228708
63400
430784
733167
728361
91598
708457
332788
454585
442979
641991
669991
912421
919272
61658
144183
465169
906435
86085
719533
995552
429279
551019
576740
581460
89550
417526
664246
322992
287897
258357
874586
752051
349580
85326
424728
623664
105597
448867
216050
568472
250796
215748
846226
394696
2145
616697
141888
747403
149550
199054
520485
397676
83226
197335
973433
152756
332534
950325
900740
782580
156391
673502
146095
186920
924392
864461
212493
430098
977244
491019
237318
170650
530052
977971
907905
545666
301543
484122
811817
857722
737514
258837
331489
232636
248776
526795
294617
432426
528100
20113
701593
830866
391580
714359
355830
73247
424094
221902
39029
109056
684537
285563
835863
831506
539290
913356
533964
340690
676307
398996
322346
955468
946695
952459
633742
24143
628794
16141
530230
202728
296069
176098
345293
401838
714749
359030
56948
769314
382660
850987
38935
763246
901983
698974
818479
119975
962848
51366
214777
877079
440810
982554
243523
112747
200723
12464
667109
438038
514076
814103
652833
399181
458000
627522
412000
942314
242525
477862
147647
553824
860154
544533
857021
473700
823994
637947
878920
661566
349974
476479
895990
602407
206962
117324
163716
364590
347865
624228
207257
601620
87213
645954
788351
29552
758222
250140
532561
291066
253097
659706
858097
495798
109209
785255
982593
83717
24220
441307
847310
244237
389088
852442
612008
657616
167413
80696
300459
133322
606607
252549
795259
997540
286243
115463
3871
702896
599339
185834
66713
529988
538595
747362
640325
755962
554223
203035
9332
791890
449375
353594
670383
449985
144054
745925
744642
550648
961666
77738
354190
839678
4185
469212
20302
833489
871917
644769
960958
571412
938880
977222
9296
962368
20247
293061
639256
763118
800990
721234
223648
335039
570885
357108
568843
96725
685505
357644
56344
194541
538575
608079
219902
655919
192594
199307
931121
320431
813667
434128
604400
342900
338195
485331
928580
236446
67076
513027
216477
425743
694929
721812
487376
480213
846601
811508
717215
459824
210196
300488
603675
799575
601935
926492
175012
1920
158762
89015
417054
903906
43223
497093
163728
356895
457953
824099
561015
70250
739482
568534
656563
699046
502877
789604
293810
909280
504987
68441
913951
123475
998238
134194
614230
641555
571096
688310
103088
241058
10524
257433
664359
732085
316378
666584
746027
639405
267226
884968
42312
303843
233099
576583
642347
125496
234364
625530
724610
747936
679229
62823
854982
387329
425834
267514
689620
181127
499002
965483
306303
169097
461252
922007
280480
508537
768094
190854
110529
884264
203516
296520
591563
34165
647213
335767
262195
568956
947026
47059
717332
973414
168314
893257
796754
162385
119750
381094
351543
509631
156273
319175
76141
816027
651619
531668
830667
993408
371313
177793
622505
444075
133057
60171
352168
83377
184306
500961
424286
791615
944141
28015
363817
99285
481402
128844
579195
898976
439979
671128
898000
108651
341921
522571
832252
55210
912021
535387
495955
552607
10528
873530
982163
200069
475189
455638
844162
458208
603468
645492
61895
539932
514122
85645
717246
34530
20787
578551
873209
600946
71550
154794
423069
319959
622491
330401
683947
406892
931497
280188
1918
454514
966049
640886
738444
778118
467923
899185
239972
348589
332329
183542
200214
887444
475992
896107
447996
252527
426365
564558
92008
395094
759128
905530
19565
158302
753838
234508
433751
187356
14675
223433
93950
137983
813805
147408
487235
690830
556826
256875
847830
62781
269310
827674
842144
754270
137512
237664
429018
196844
235743
293897
366222
429634
675538
792493
464143
772540
569348
596636
873510
598911
6667
724770
263918
341631
585211
229632
17310
876730
662004
659652
249921
107133
62716
287388
476345
843849
863164
766782
492595
772533
164318
702615
460910
107318
680993
352286
769290
23911
632447
710316
336995
534980
275749
451320
701317
729425
462851
483802
132392
827872
236615
162025
72721
598998
740308
928962
118848
336872
574249
799435
580008
39262
951494
412174
434913
202951
504424
84965
663316
938558
634064
572011
331764
16249
699283
308959
133003
180525
704176
241902
745285
243851
179207
179019
693977
293556
803295
900419
829633
748891
416541
825900
303957
48373
484806
137191
631155
58883
241246
961694
134235
838286
858305
295041
567170
886849
380636
750718
776722
725958
528677
456542
839308
401587
629327
259136
401119
445651
862434
153834
304471
558178
925751
302823
361711
391883
237337
743754
633373
544325
300720
978003
72141
174261
403352
129153
703876
159129
721206
751752
580630
333762
356502
621804
803124
290631
715234
677540
715162
686554
294321
359132
565470
218950
431122
632758
416813
535858
360131
418712
886789
465069
200291
311674
254846
578963
217861
784845
864247
950281
161684
667863
307630
787485
524103
26501
886207
988627
241300
141288
549320
841689
236932
214704
885668
545847
98895
512032
303537
402437
133832
878551
261703
98867
63973
89064
288018
694013
331455
516559
422610
754410
175712
606988
559877
82689
375001
974592
178782
218178
823500
711567
878558
491125
444645
352767
769430
821702
443191
892454
59780
198086
197811
38288
224452
849367
876487
969559
52696
724411
837881
242570
364343
494820
644914
336963
335935
140212
768441
137455
628299
920200
495658
433983
165306
999194
704062
296081
989108
474590
73403
465964
215349
402959
197628
935748
738429
190591
862601
25584
917610
18697
780113
294588
822997
222326
87798
933355
142667
602241
846181
524937
202975
121999
184042
839067
401203
72253
892080
653628
397783
704702
202470
996747
571068
992625
30085
789034
715195
322053
150091
858656
659959
158748
307020
343344
910499
270141
435951
620232
392129
158170
767861
401784
986642
515673
487648
233538
13832
277995
621602
125862
253855
310476
949123
898241
85991
868940
401629
192797
496908
313281
709913
898397
389195
464943
26474
373808
22961
675455
498731
963744
275439
111989
557307
781533
704874
601177
78221
214846
382788
381263
23123
522968
180238
203131
686205
798416
798570
337862
192521
887414
414653
124270
553373
721352
26
105253
8166
341057
904097
813121
523631
969152
12542
869122
589350
450703
662959
183670
639119
58372
871938
225353
452508
400055
117532
347646
701382
710278
488940
453257
965149
871873
8991
450352
76294
413711
396975
292390
283472
543995
490689
254627
983468
905800
95086
628420
875042
741856
351053
351581
240025
792019
534339
56911
840089
386875
772456
669714
813995
626569
788739
194933
384405
410924
56093
666316
791697
21646
114664
221835
888767
985127
775421
562606
515043
54127
523251
662769
659935
204314
468344
691396
17458
474061
111917
365309
778044
380866
654245
222199
621174
30600
642230
155299
528613
479982
458367
967479
461504
417717
506549
938065
365285
574985
7495
442376
254281
71097
963277
299783
416465
815944
487892
358880
947854
416134
157321
157912
14428
891891
640882
59634
215321
446982
245150
378924
862243
839031
933038
35023
550034
288567
866147
232620
546556
53327
496140
77961
794848
970666
575055
504908
743113
240666
824050
917395
524170
721027
479166
783699
283971
275292
324127
925351
494082
335988
894796
82224
440058
261709
552121
833580
704
259714
126538
109565
535775
507139
389267
813027
384512
835319
982252
170016
241539
61478
285874
405993
236214
678243
587644
994866
943826
697533
562083
496221
983938
697051
910071
688781
476961
550617
411155
550176
60712
164948
22122
947977
153910
942265
290916
37305
282342
81858
123705
774799
343064
972006
382957
497726
142367
193555
800615
309580
600223
501666
452998
999569
672465
971886
336102
28168
35621
548559
469777
428014
894197
921997
515126
948781
420119
509195
265082
567156
399826
901617
833300
831869
928697
316905
308614
55464
52155
148808
513232
442820
308681
716573
17459
844669
357475
775857
780764
220088
508647
600412
65977
359363
324266
367293
700237
233892
198085
788185
13398
428471
721627
661188
331676
216736
563826
348710
255388
91077
999851
720315
8886
124286
871134
915450
812870
527450
628767
806349
698696
68664
516619
270552
790623
834681
908059
874847
217845
146766
528997
418410
466559
761524
647794
842032
278189
876808
181420
914907
992626
428571
678865
751959
933448
811680
532562
970995
739689
726095
690880
632404
585373
783241
334507
91766
141981
118423
84709
346352
13980
1095
165849
326573
103559
997162
930640
707733
341634
237657
900975
136898
564963
345907
68636
239249
554975
397359
278199
679762
346517
953641
103554
245413
411342
861459
756524
908705
66293
845472
182592
675526
534216
301375
46482
990002
568063
440240
489844
901009
776881
911349
953247
311243
487657
456241
648684
102185
457100
858833
361601
295696
837209
488523
838065
4672
979421
699578
374007
737348
749460
739624
894146
900683
902816
711808
515357
623417
519052
530531
479595
56075
797644
506840
360675
400942
128766
216018
827745
832666
379374
87332
641606
912501
55651
656987
589517
648038
307996
552142
328506
290433
77279
346690
654166
123387
528594
255521
221782
374376
802137
818226
610380
175644
111010
502241
683266
621708
677696
329322
446515
693389
646151
88192
717879
418841
327837
454350
721991
992497
334890
908392
578718
237650
344177
32641
971842
319286
759095
904318
573638
487920
495633
741423
955502
11154
754872
591542
191495
519709
772185
761203
384103
975284
487631
380994
165292
941897
369011
195044
687723
208981
158806
594155
423178
259468
885170
126952
564218
175931
6050
141201
621757
533931
130137
522545
989574
802312
752680
390981
653298
447353
649936
166305
489784
760234
429525
988418
96603
276961
793313
309291
468644
83384
408963
715870
955822
195683
29321
876941
574319
230063
428394
534210
367661
690367
844814
340179
973765
548082
383485
854612
493804
756694
419353
223784
837964
454251
647818
698020
315020
991903
102055
367953
691925
286357
522401
331337
586996
46018
591438
376083
534160
29121
432315
136282
472358
485728
657043
755562
375668
601973
674233
673092
669277
56370
411627
963277
935662
431576
851800
538043
524528
879973
950841
109654
641889
958757
292326
344415
376660
33974
109049
931901
795712
30069
297650
381568
822066
904911
598332
334207
467710
183219
106078
686616
574297
257309
927421
532110
767508
84504
24851
389136
324539
30415
827069
89027
41712
772183
766245
539363
804123
294224
902786
61560
131630
402625
408496
698169
794310
358172
764556
959774
943083
980625
890358
324871
362295
398768
343195
330397
597362
912111
74331
14607
17477
665003
284758
643748
624330
993776
788743
502423
63408
776478
145791
877427
551277
923412
170396
292162
884401
338357
338566
741425
382985
179153
261785
254020
757949
270837
693753
114110
395597
337020
918198
711586
515504
959589
211466
333323
56654
932865
332965
440948
434024
489161
900013
495624
393589
582282
850408
384397
175548
242042
52905
257743
674158
767850
915739
868078
613664
667229
714597
118786
940232
376928
450628
563683
100442
564272
575698
412270
210099
326172
676810
574499
231706
278852
672194
409179
285961
161698
433751
399262
549222
246755
415473
680346
636567
375583
837655
581787
515917
483619
106698
221938
321352
110861
994115
856580
826990
647202
908325
908633
643412
948726
748823
575321
652779
200634
220531
62019
221645
359797
819728
967623
430305
135245
348234
72104
93406
285709
580616
807195
311038
22032
546172
96449
538086
224833
772763
735256
948810
637867
405936
485614
465307
830731
429751
443790
883949
43392
250950
888098
665078
769004
316213
96900
580542
687448
217247
129191
998558
59645
964576
107688
147923
40993
16094
151468
983517
356360
549916
687591
948028
257647
450766
396124
551595
205451
372869
910994
445554
239475
319943
265050
529019
591697
287956
859988
728225
501649
873641
358546
383305
414697
31125
304099
780190
994954
882539
239414
56057
628926
92018
176582
32201
414903
645861
481654
854601
552995
445975
861271
37816
866834
954147
73846
99673
689831
135782
530572
589220
168519
85800
543506
267540
377504
321049
861926
657802
606673
2538
198012
336713
958160
334712
191834
845035
561649
504695
177768
197776
961777
951138
698847
53656
640971
902357
541103
657532
875353
632777
122200
697513
154481
413303
15598
954970
837698
938767
740273
17861
588495
528680
586627
499755
572630
354238
791550
269679
951331
524870
701045
115910
796300
242878
187489
284106
134279
85411
685925
549236
47607
518257
636928
173641
276475
990846
819416
167197
964967
537762
117643
532841
178538
922242
197004
652576
645670
529910
300064
870805
659747
457957
297539
13458
41378
428418
743889
506216
116648
527342
465684
884260
915987
889491
178889
245817
564251
822228
637444
273746
702633
1626
110113
758012
17134
213774
458130
972137
479690
50779
684812
59451
873923
205950
296950
728322
687931
952119
966155
837671
508038
670626
95249
240884
953499
264804
415054
27539
635241
796522
347760
829615
762311
790627
5088
220558
716395
261450
719183
634205
445162
637469
321360
634831
532009
172421
420324
596874
500965
732155
237302
830594
972092
550036
61944
998293
818252
575774
429706
965447
654221
21741
667608
600782
44988
452438
785839
675595
468119
692817
995482
988499
932029
461588
396605
850300
602127
123413
978469
988312
947605
516033
174934
677318
366596
323025
658472
748881
10832
960772
205813
888202
316770
929753
296462
718287
821371
742301
756067
444284
380004
333663
348583
386932
251521
469682
235431
509271
789647
765669
774395
748938
959957
513169
336352
615488
896942
575911
209102
999875
644696
316266
165997
136610
573421
200367
800737
5051
858400
896045
273013
949241
429000
974257
330321
225413
111308
989748
414357
5865
52258
174852
629828
960183
569364
990670
620841
577908
725440
147161
83982
38582
547324
712247
894245
523586
929725
53967
882291
67063
415230
869246
261923
704398
917928
345532
933171
408258
943724
443278
889531
665242
821003
873289
919547
273421
5355
918732
395077
668534
122619
614020
599660
93764
825587
992597
938471
82724
661128
841763
94888
538468
898416
403022
900716
280927
614081
117428
262852
110153
141926
726107
907437
806461
138125
764186
450592
732507
163051
770754
457704
651897
450421
574292
293960
939159
786490
818042
269919
604878
548804
229316
807794
10922
109506
68172
799891
465510
126034
790884
329672
170708
82588
459379
96858
409906
11303
48314
518112
180235
774952
379009
655838
271202
857645
427971
419034
94852
812842
359081
884731
212744
853937
296283
811485
202990
818096
936777
194747
261067
945555
272600
549942
985490
317747
472519
595703
845652
461474
54882
289830
44046
22759
343669
761732
648596
442816
545786
847113
40778
255423
526329
634317
221956
657125
446729
598196
16034
857853
136250
436194
113795
353937
276255
186748
565838
41279
595579
935252
181488
661981
657806
123469
878102
742109
674494
878005
152951
785473
681046
710129
102484
652703
954541
726175
790828
771995
549625
439434
52380
988466
752588
673814
798980
411722
443807
284361
448731
847748
652885
912687
872256
343239
237816
710403
118843
385916
78079
133930
325014
848163
902831
538445
70648
474258
68119
499486
569962
139171
574376
345973
373820
559891
718810
919655
212084
60935
692700
72197
24846
529521
652075
915401
883692
718754
26574
294288
638995
802695
427960
654999
729866
839669
710217
513570
230599
762443
972010
78986
27370
46887
927377
905427
631423
393553
520550
223990
667720
316571
446149
68683
740829
477768
785068
360896
969435
896477
754090
471462
680085
118306
591548
462129
574869
742376
435588
594873
138232
798781
745210
412176
643621
690343
103087
621081
973256
754927
444924
794743
40865
152106
348608
625761
627423
999122
672043
758476
772355
720288
767089
949586
794441
199989
996026
592599
738914
831547
165076
215420
4856
82740
487118
812037
39714
223299
468568
468851
201895
428629
746776
678239
757209
164842
329040
101044
555059
759336
972808
919647
554423
949525
292227
725181
928298
139235
493832
801320
621933
889918
912532
603066
92671
883917
552653
829902
991538
247107
145380
529806
348832
453038
681362
706569
67657
848193
297031
331358
685252
198717
760008
446537
980366
75247
624389
844474
887123
175085
196391
467440
616372
766614
936234
180336
205496
461729
561054
769185
857277
747313
929630
142455
907214
394620
719020
946933
944383
85598
341781
282782
286926
677825
316108
922959
37394
141469
208572
187571
987447
505623
428402
448133
103279
423794
468580
336642
575323
679672
479058
44857
945133
946602
34416
397818
241780
149894
789567
890030
361606
864827
107965
917632
573988
653120
926569
554552
683091
77311
674602
827697
148722
116846
891711
163122
947996
836896
971603
461521
839771
447545
491048
982969
981053
972747
313858
19506
683770
95522
283176
752040
217206
543799
608688
184986
529955
679821
48898
111788
697085
955228
228803
603945
351910
839306
955909
507647
570797
525882
795654
66545
272715
760714
236437
567227
669912
866115
298068
75562
580980
536491
734594
489732
235391
724278
871565
421246
730547
587254
361403
689535
766273
768117
85327
460323
618788
727514
160459
114345
390896
492254
660059
566017
288917
712687
113090
158997
25085
151920
99932
957696
642484
710871
667139
261042
759826
453182
975434
501500
587048
210745
271777
614867
397008
171386
389689
715711
510578
276718
551853
121363
823574
319839
729577
570941
151237
292232
176581
231934
692191
799722
613245
195241
946248
123593
112836
891082
333369
545544
369659
477110
273843
908915
753043
590099
343377
554984
324214
950600
149334
150427
682059
298563
277787
553348
778025
936566
79619
675093
930046
493246
438619
57227
670415
782262
37136
527019
597912
108140
80642
609269
533449
104463
725340
955134
439235
100192
864615
845476
447714
125436
959559
789914
160946
478295
181632
489726
481685
606642
306432
512826
573874
705855
64645
109979
626130
192898
527496
42965
637466
775552
918275
773613
425260
628061
920596
376708
547442
933642
424089
855947
684127
522328
247065
363693
59920
154877
411411
48610
964525
265911
20959
119799
694597
61707
519031
631878
882464
261489
621494
628791
901419
470480
165233
695550
747053
698970
717750
381717
243388
228978
46146
950411
837718
23780
718181
164753
700394
137704
622245
57037
131622
468833
542001
601399
898016
194151
749368
388768
669482
655817
485615
445660
991456
197252
66182
483210
514996
98201
782399
822042
56009
867115
491547
390443
615166
760226
232110
413632
183209
988753
172184
939378
125547
207527
259654
44478
561888
900871
928517
712275
982297
813131
921533
543686
722384
877619
978756
530571
530189
371056
621561
235542
606600
203365
447818
319670
899673
681310
87045
506198
819264
436441
53177
703714
457980
85111
726578
613775
767887
953050
146674
213266
482986
326985
203275
394849
477073
463427
891603
742432
667587
283691
952879
234450
206910
493825
794458
831181
951002
596323
470512
66968
616765
559972
120788
442629
61546
459552
771072
357238
872245
790033
669846
921427
543666
669558
89996
333911
137870
771266
88136
958496
577873
454053
600149
359954
880662
516680
992701
461483
667906
845630
802455
74175
973130
879820
70412
442885
816513
513150
403631
353088
858770
221464
824101
396081
62261
986164
46372
664820
49149
326622
336788
343105
107615
263037
666041
647329
879741
726364
536180
26007
664269
112933
962443
706891
621748
116750
469018
144592
775446
81235
444797
29433
848783
95452
597447
145220
647875
324090
493251
882011
613439
716191
81955
763019
637174
264497
307592
795411
574183
20128
487436
996892
380938
925691
51891
214433
444738
300619
636125
88970
322086
293769
682438
583594
484352
676061
321392
768595
506770
996536
133627
199656
803538
168526
262324
804533
349505
900844
410299
148344
928539
441601
76875
359884
201831
576978
441281
856400
356138
579470
57525
139905
39899
808497
223003
102857
560289
527360
547472
115413
931286
975817
536548
533998
617792
302238
258727
707802
396178
997060
21513
730482
180514
417595
465129
841308
548091
469277
737734
624245
336980
271514
957892
570487
97076
157133
90379
717434
482044
438070
363809
670879
481448
247791
912204
229987
944344
852042
713735
764355
416227
755239
658952
386155
356703
887211
129296
729404
459988
726464
602302
867606
59449
106666
101549
103226
420619
216464
930613
955120
270714
8834
73611
266144
372665
734533
791734
778385
774544
924015
555354
490669
721354
947276
491059
489320
77448
781317
734259
268810
737641
705278
486325
551246
321334
442539
528490
997641
413216
336833
835629
145702
888121
279886
980868
990941
535659
25288
901370
132333
20724
734983
222119
519164
706511
551753
574596
85058
306618
949734
805391
691246
633899
76463
700877
796529
439355
30853
641442
311844
577201
46276
64071
664459
592179
332418
816449
842907
627100
423802
53878
348182
596542
299578
441759
726893
419951
789293
730251
545986
545185
11218
164135
233921
965969
668646
472248
709964
703591
325197
152836
879585
626421
614740
307702
750863
251358
705111
754031
451553
412823
615396
255479
279109
26577
544974
924422
217439
187570
603428
625803
616827
134839
935300
717811
815057
517732
868692
265977
354852
738742
666995
808201
594283
441453
332013
812056
272705
826574
369926
494862
676592
403633
465614
463288
695354
306100
549955
205828
273477
873333
142540
304187
919181
936936
438126
571902
763299
481358
741583
945224
716538
426267
145828
177685
184826
952771
224940
827881
803166
838259
511027
719755
95030
879195
928173
722943
992906
196194
610925
159014
139504
569341
298212
82426
541081
998930
255053
716476
987679
456073
623004
585687
36429
183636
395379
735392
211915
709767
968377
140034
518511
20254
402788
87535
481295
417605
128722
222881
675058
253474
924692
453987
156421
254501
845316
381509
509011
697343
958636
150287
798203
789717
826408
472831
31915
909014
566214
664978
934204
284637
658059
5948
155211
285052
248
728092
551063
192917
481508
394100
725390
230123
583144
309444
931100
404620
925118
990259
169271
768116
685491
931964
365757
398618
760825
925203
971867
513129
523247
176699
549888
456501
334906
131927
725574
546693
957792
136846
478306
777733
66991
314487
692833
522513
270932
183513
768543
332359
698290
607807
801448
327942
47027
265894
687
334953
504217
574104
304416
689771
325121
731001
419575
537758
634946
807831
261671
100745
727913
531989
674837
241534
4825
227119
91297
984652
482384
998556
190170
485082
931836
402584
559315
325730
433574
89866
482913
835543
838140
400669
875275
690126
25471
663151
749110
26258
72952
427317
130971
347026
1349
828781
342658
432215
511426
676618
195810
378038
859966
550093
220080
944077
427880
116660
487320
80832
86098
105569
697095
520452
997974
114069
135345
744225
526094
994079
724464
628928
860040
513583
173537
658287
947490
51295
440229
868702
196645
498025
478434
321412
21615
888655
958858
829605
765235
568344
129207
785284
876559
463710
833674
56494
226951
712108
995271
573061
538976
601838
664565
672733
972007
430674
512605
270144
398332
172997
371514
291795
273605
436708
310803
595100
833999
701986
750943
709751
863084
674746
626128
267217
103622
428013
634940
676332
678933
852111
623392
93124
854703
904861
115627
479830
704974
919424
461877
323467
191524
367073
612206
639969
803960
138829
822057
34373
656103
556809
755190
756542
84794
447063
6357
811130
199688
269985
750361
586655
569757
478763
575430
320984
449484
270586
3173
133859
744414
447873
983849
306748
9941
434393
99532
434359
472008
100777
515088
489819
385426
551445
964424
543178
244112
918894
393769
131508
708473
509852
412856
240404
444942
545408
527390
191878
888545
756615
369205
255441
719786
722736
826484
455205
229042
95723
155988
885268
311726
735092
260659
976864
962409
440462
560166
453100
20251
928783
943477
546635
78814
706700
92124
888165
141851
382062
152104
463642
364824
328117
260557
607291
835113
733451
344908
350267
487954
759364
425664
935344
259906
19117
27353
410259
202764
696666
623820
784796
307145
568148
232431
218490
286200
968741
722350
680675
110532
179801
340060
291413
443842
613306
712873
537095
918423
882475
545204
698262
310981
999279
446639
342409
204325
990413
670473
821142
708407
603936
345356
267863
879598
564965
774362
419284
669671
705750
580373
95588
250843
394638
907996
123997
364314
853710
503382
786506
118469
592247
817974
246087
60334
484175
536759
384486
207594
797213
743440
720823
901791
934656
230303
87461
29253
485565
359424
732436
62819
554521
456154
932374
194410
579035
489102
520378
906656
920022
561276
424009
293433
518820
489771
108716
647722
453475
813341
460593
291128
104451
27878
867400
323011
628248
405023
914872
213828
784986
555552
425729
999377
920743
138658
913347
777475
693827
249299
247992
343126
714786
326844
723527
486828
418985
972739
30343
2275
480304
84679
264618
49109
795629
515740
565494
830578
236954
247617
918235
209823
612129
871255
761865
562784
982753
80872
245645
491870
593673
554748
582893
94019
466453
104043
440570
370475
779813
683118
313997
350075
58613
880751
455820
404925
962766
553167
336168
942908
208703
192673
449770
5352
244364
731672
86504
762510
360682
190806
96062
206567
446688
945792
988540
252672
692174
889885
693457
357861
332595
551812
964317
120034
844740
299226
804254
798342
719602
795352
893215
385330
150234
397411
941433
975462
448506
602718
226112
887983
876065
128072
953463
473804
151545
746001
453276
889762
820481
778054
618388
605921
189457
786912
668894
808895
533317
849427
57105
478746
737311
692926
205001
777161
97908
751512
701504
175189
560403
151419
516737
183252
862577
127872
447492
794024
580557
359726
832187
803926
863566
180851
91642
457308
758139
178556
532972
263062
683285
548807
797890
521724
286364
269190
70171
586999
180275
439883
579989
488748
927195
714565
614683
697405
413883
742632
436320
246932
394561
517267
357765
76732
227830
687630
626616
348806
298387
818678
26499
175009
274422
773010
299571
86454
205303
375640
661275
181889
22125
142363
963415
998278
532081
833074
763745
690522
314353
691400
263963
236528
479678
674776
818691
514258
510562
802679
348165
938908
334068
285213
853183
916544
234229
535888
269266
65365
909129
337623
905701
901494
829599
188784
482624
854627
101457
728
271418
908335
569719
444259
334254
466269
967258
407930
344077
906993
829930
831146
955046
46530
926176
551698
643376
831704
112988
217572
784972
604181
354844
360229
437463
749493
8714
137255
29579
897610
678037
643040
794435
641941
409418
632371
393072
556916
594565
11810
639870
558368
990896
594258
306469
178099
330218
82603
961507
500611
624085
647768
823346
551636
750578
568074
401318
677996
691727
885508
943430
596009
449513
218651
949905
317449
781999
156516
198723
170355
637767
701354
12117
558391
621567
481402
444067
498449
339397
353068
509625
671833
829857
103596
761490
479292
973350
258365
551661
973837
94344
847148
990086
539000
156459
544998
647980
468996
454395
255435
211635
637542
483066
230644
86929
263010
693983
965378
969633
356690
58399
46795
559425
888214
576429
267525
931957
187376
471621
330580
838591
856194
466984
157102
526096
480912
468056
107401
765767
89605
713669
990790
252106
889185
678737
19768
830281
956544
195407
780437
620338
743524
348550
222044
945326
786392
561558
379518
439253
945882
859131
599640
237442
110061
820427
554454
264098
733290
460301
900499
673460
531201
530784
826104
720156
795618
382855
187668
298676
980957
990842
238352
234865
481358
838918
296668
489240
717980
177838
6884
625603
501855
230507
494349
1288
219707
65221
680918
356145
781277
786012
604424
705428
918747
519956
10060
222092
718212
719891
700021
818116
102631
955732
660323
221314
951871
298380
809071
874949
449932
903639
145290
742417
245241
232057
412260
889462
435369
469001
296284
954777
408959
353412
233907
448251
413693
544646
894786
626582
34006
656367
517839
404902
387379
706634
967499
117512
473890
641122
620394
41616
212391
407029
573774
86373
142319
476856
264031
657135
663044
964148
496929
769145
271395
212280
786767
550977
409886
54808
841768
275149
426572
232874
104113
778181
580219
728688
533442
702330
314937
979559
569559
667394
112284
