1000
1305
1545
6763
3053
4328
5058
5895
11249
7353
7846
8274
8557
10488
8937
21869
12602
13356
14129
18692
14227
18047
18255
19515
19402
19452
39042
23635
24882
28901
25098
26093
30976
28452
31935
31634
31998
37884
38766
37961
48917
39289
40312
43089
41156
41836
44633
43247
43351
44000
46233
44635
108164
49051
50355
51579
52840
52488
53254
54320
59881
59752
69769
63012
64230
66501
65362
65524
67842
66872
67727
68574
68022
68303
69055
79230
71106
71559
71885
72488
72481
75528
73370
77652
75828
76664
99339
77786
78589
79809
80009
92512
83621
85483
85963
85926
88730
87749
90758
91810
91859
96448
93301
95743
96271
97061
96528
97099
97228
98620
100103
99178
105204
100165
100476
100974
101615
102176
105341
102459
104305
107021
107330
107109
107121
107855
267503
110591
111785
112297
112389
117815
112517
114194
115817
122861
120603
120885
121959
146758
126687
126990
127075
127298
130867
132168
131227
133782
141646
135161
140910
145328
202969
148165
149065
151246
149590
150162
152158
151725
164363
157333
159264
160898
162575
164125
175645
164816
165313
167722
168813
170321
199039
171235
171362
171598
172881
178041
174245
174321
175177
175748
177428
183716
178552
179605
183210
182959
184375
185281
185862
186394
187850
187950
191909
188025
190180
193238
194952
195035
195679
198838
198339
201552
202008
246330
204317
204865
207725
212176
208279
209418
210700
211802
210869
211766
211910
222405
215100
218195
218283
218317
221418
219633
219758
225510
227525
228620
230454
231308
230908
233177
241100
233703
236315
236517
237085
236569
246893
238345
239105
240215
242369
240786
245039
244916
257981
247744
248112
256311
250100
254629
255157
264490
257091
257713
258500
260863
258830
260272
261833
260645
263672
265846
265111
265382
265422
265675
266962
266622
266749
712209
267641
267826
269196
273627
277368
275877
284864
280750
283485
431090
285867
286489
289368
286950
288520
290950
290186
302060
293648
298044
301094
298216
299150
299535
300710
301967
303925
302074
302839
338674
304521
306888
309265
308075
308147
315764
314655
324071
316453
317230
317284
317597
317463
319092
317881
320178
322090
322504
335282
325449
325983
328256
326216
326422
334338
328688
329596
333443
335510
334412
334531
338487
335994
361096
341257
341663
343617
345865
343656
344725
346040
352166
346161
346987
350457
347618
352106
351383
351445
352136
352969
364694
354816
354874
357106
358070
361282
362035
364673
362981
375993
364818
365242
367499
368506
368191
370168
372816
370889
373313
376061
377543
417162
378882
380695
385922
383065
384724
386444
386164
386489
388740
391922
388870
402428
392504
392687
393741
396086
394873
395232
395831
406839
396831
396891
401817
409214
402394
407731
415482
411790
412982
415013
417641
415668
416425
417055
429882
418044
418811
421831
419082
419149
426086
424229
425550
429154
428333
430279
590601
431331
431488
431567
431676
431901
434152
432600
433748
452037
434698
434832
435241
445069
435616
435683
438814
439869
442256
440095
440218
440569
441510
441763
443044
447482
448243
448411
491576
452380
454026
456019
458197
456951
465065
458742
459437
459575
459628
459758
460732
461705
461212
462823
462905
464025
474404
465375
465873
469353
473152
470613
472677
478423
473574
476872
478706
478660
486575
479935
480832
481354
482561
485638
487038
489080
490047
491334
534744
491634
491694
492455
494261
495504
494353
495412
517622
495776
497135
498273
497744
497954
498227
509659
501346
502512
503312
504695
503424
503939
512824
505137
507977
509073
509617
509662
511542
515810
511658
511900
514702
517176
515454
529358
518394
520679
523689
523360
527935
524628
525657
526926
527297
534722
528017
532339
532553
534301
537683
534790
536329
536731
541938
537492
540471
550967
544837
544920
545510
544966
547807
550125
560550
551208
551989
552558
553765
555834
555209
564379
557699
562171
562190
562276
562789
575377
564713
570374
572292
582250
577007
583376
582826
584746
583517
585397
587410
590244
641489
590695
590998
595496
592158
593323
593985
595401
602217
597876
598472
599511
599931
600467
601555
614887
602598
606060
608147
607978
610654
608221
610811
612721
611801
612514
613368
613989
613705
731959
616326
616488
619862
616497
617688
619199
632380
621663
622014
622238
623931
628137
625026
625221
625630
630919
626277
630029
630432
650527
634048
636578
636764
637076
649818
637598
638500
638892
642311
643971
644652
644947
646184
649269
660138
651078
652344
658055
655005
656898
673910
658541
660016
660267
664562
660281
661278
663137
672264
665468
668530
668668
669583
669037
671825
678410
673403
673448
674870
675391
675817
676524
677487
679196
711677
679343
679722
681779
682949
683400
690287
683667
683881
685148
687271
686273
691581
691811
693730
694417
695639
694780
699725
698358
699185
699253
699332
706751
701600
701609
704757
702457
702934
706024
705159
709880
706806
708493
710183
708666
709313
720616
712176
712253
715792
715892
718087
716260
717063
717361
727446
718168
719835
721830
720025
720179
722319
725214
722995
723936
725080
726432
728413
731225
918281
736788
737102
739572
739646
746207
741095
742319
743398
743442
743840
744825
746029
779111
747664
748475
749117
760792
750082
750224
753083
751793
753045
754419
753680
755400
758587
761985
759257
762774
762414
764073
766891
764188
765026
767341
766597
767892
767820
768862
769389
773090
770925
770977
774614
775466
958074
782975
783183
786365
786555
797368
788292
789787
790020
791468
794082
793202
793210
794867
795750
796294
797278
876973
799799
800851
801527
801964
825006
802614
803757
807876
809795
808204
809557
814079
811856
813298
813657
815319
815785
817617
820788
818144
819889
820385
824708
820872
821782
823064
824617
842584
826175
826301
835401
828659
828777
830816
831363
834050
841711
836040
836884
837171
838482
838845
840950
844241
844293
845116
847076
848792
848802
848892
849349
852719
851110
864888
852831
853679
855577
855904
855834
869520
857982
862414
863265
866477
865060
866161
867123
869932
872644
874583
876387
876645
951742
878169
878327
880695
882047
884442
882778
884129
884225
889212
884904
885581
886194
992046
890144
890603
890880
892846
903229
895402
895707
897275
896401
898598
899390
901242
901630
909015
904330
905618
905829
908132
906400
906478
907603
908617
908188
908870
919992
909633
909792
910562
915300
910929
914560
916427
916497
919465
919866
919968
948848
920093
922832
923149
930733
923354
923940
924419
924349
926061
924774
925068
927659
929707
930361
933205
931594
931972
932523
950863
937022
937534
940807
941867
941098
941657
944078
943017
945432
946170
946999
950206
950216
991468
951542
953144
953353
954336
987184
954695
955132
955827
956241
961493
956511
957745
960298
958975
959396
968362
963130
964647
967414
968075
975051
972264
973060
988274
975770
976296
976599
977927
981952
977949
978358
980863
985458
985682
996132
990210
992190
992461
992734
993312
995404
998744
995777
997144
999480
997930
998202
998346
