100
4604
15898
24661
19276
19859
76984
26992
44275
52403
72715
57406
71332
111033
79690
86684
89427
97162
107587
344701
114822
164646
166099
164762
175004
291296
185858
187065
234786
258794
281924
265870
300010
307551
323158
344054
997752
357935
383115
390348
405493
572317
426764
436786
443642
444364
449974
458584
471160
502453
531276
508789
518834
538558
532905
533813
571829
558245
565636
571169
631902
578222
580089
585873
587723
624097
604953
619261
622867
809690
657086
657316
669045
675794
672736
735328
723413
726200
732131
909001
743451
753929
783287
761233
782556
808164
831305
812753
817158
848599
856613
958038
895115
896786
946435
914185
928197
930456
998211
974428
977350
