10000
152
246
353
515
704
746
1197
1213
1518
1628
1734
1804
1973
2168
2290
2419
2518
2693
2998
3068
3227
3271
3364
3369
3407
3477
3677
3789
3864
3888
3896
3947
3957
4076
4077
4100
4104
4286
4354
4415
4503
4719
4822
4822
4842
5053
5059
5096
5124
5130
5220
5232
5285
5450
5454
5695
5718
5726
5827
5985
6013
6125
6199
6333
6381
6443
6449
6485
6678
7025
7150
7157
7235
7425
7519
7521
7582
8102
8123
8220
8258
8443
8550
8667
8790
8904
9017
9154
9736
10177
10184
10278
10387
10445
10464
10476
10514
10524
10597
10623
10755
10873
10934
11103
11229
11311
11458
11464
11492
11634
11779
11866
11999
12002
12148
12187
12203
12329
12530
12793
12834
13108
13181
13291
13348
13456
13514
13625
13814
14027
14039
14063
14068
14189
14474
14547
14547
14619
14948
15056
15073
15179
15202
15258
15262
15270
15326
15539
15558
15600
15650
15704
16119
16405
16507
16569
16933
17068
17252
17494
17683
17727
17879
17932
17965
18051
18096
18165
18192
18567
18718
18949
19030
19075
19076
19317
19343
19378
19664
19834
19923
19949
19962
20122
20462
20582
20691
20802
20879
20892
20997
21162
21190
21369
21509
21559
21820
21917
21919
22039
22043
22045
22060
22062
22158
22190
22362
22398
22674
22677
22912
23065
23166
23210
23254
23282
23369
23394
23476
23645
23718
23739
24004
24020
24216
24275
24382
24462
24547
24568
24770
24796
24800
24837
24858
24877
25033
25332
25346
25397
25780
25977
26041
26090
26447
26538
26554
26591
26774
26818
26919
27031
27203
27433
27583
27587
27736
27770
27770
27957
28034
28071
28180
28192
28253
28366
28422
28444
28479
28560
28650
28865
28882
28900
28954
29088
29154
29189
29213
29249
29274
29316
29405
29493
29547
29593
29618
29663
29681
29836
30025
30077
30244
30357
30369
30622
30775
30813
30945
31302
31419
31469
31517
31581
31590
31631
31917
31954
32083
32233
32385
32458
32467
32663
32695
32729
32862
32869
32872
32953
33005
33155
33305
33360
33703
33762
33787
33917
33938
34106
34201
34206
34292
34318
34479
34554
34643
34736
34843
34854
34901
34904
35035
35111
35200
35284
35365
35393
35483
35485
35539
35635
35656
35759
35906
36042
36056
36091
36110
36329
36408
36431
36603
36605
36629
36992
37082
37210
37233
37609
37809
37815
37856
38047
38076
38099
38218
38314
38446
38462
38520
38641
38667
38853
38885
39041
39150
39188
39235
39336
39449
39596
39610
39704
39753
39800
39829
39974
40010
40012
40054
40092
40119
40476
40518
40581
40594
40787
40830
40910
41379
41478
41631
41789
41950
42061
42092
42189
42205
42210
42253
42277
42558
42673
42688
42939
43013
43024
43162
43393
43656
43721
43864
44121
44142
44216
44516
44816
44838
44863
44900
45068
45317
45454
45587
46001
46045
46131
46248
46327
46434
46497
46589
46600
46605
46626
46750
46898
47022
47313
47378
47530
47563
47593
47693
47806
48002
48033
48127
48260
48302
48370
48454
48638
48935
49089
49095
49247
49250
49324
49328
49397
49444
49476
49515
49623
49685
49827
49875
49943
50049
50118
50390
50542
50744
50856
50921
50948
51080
51129
51273
51314
51371
51417
51487
51588
51723
51806
51833
51844
51888
51957
52106
52170
52221
52317
52335
52452
52509
52513
52557
52655
52705
52755
52766
52795
52844
53094
53115
53283
53356
53368
53371
53379
53483
53492
53511
53658
53669
53804
53820
53859
53866
54017
54116
54171
54387
54651
54903
54933
54943
54983
55145
55312
55314
55491
55525
55555
55610
55622
55695
55789
55851
55852
55893
56065
56081
56195
56216
56257
56311
56345
56412
56416
56465
56771
56774
56841
56871
56879
56901
57237
57519
57570
57598
58039
58086
58191
58285
58301
58303
58368
58442
58634
58779
58847
59037
59102
59128
59182
59221
59489
59510
59549
59624
59637
59734
59781
59794
59886
59935
60109
60293
60658
60765
60886
60891
60898
60997
61020
61065
61267
61290
61354
61378
61575
61698
61773
62011
62048
62436
62519
62662
62738
62750
62773
62825
62860
62867
63062
63205
63206
63271
63350
63487
63493
63907
63959
64052
64063
64125
64345
64354
64365
64382
64566
64623
64877
64889
64982
64982
65026
65275
65368
65402
65686
65734
65794
66044
66152
66153
66221
66329
66431
66816
67145
67291
67309
67346
67351
67354
67437
67493
67550
67576
67836
68101
68116
68264
68289
68326
68457
68644
68944
68969
69151
69248
69342
69358
69406
69779
69790
69884
70016
70030
70056
70230
70293
70324
70460
70648
70737
70842
70964
71318
71342
71371
71429
71536
71614
71714
71838
71873
71906
72031
72074
72246
72299
72338
72474
72537
72749
72895
72899
72914
72944
72954
73068
73070
73126
73220
73272
73318
73439
73440
73558
73597
73703
73824
74058
74267
74328
74508
74853
75010
75063
75182
75567
75662
75672
75769
75799
75862
75873
76026
76084
76144
76175
76204
76431
76624
76822
76868
76975
77501
77505
77562
77627
78094
78265
78300
78533
78681
78688
78781
78995
79094
79239
79727
79927
79942
79995
80147
80184
80341
80381
80426
80648
80694
80702
80880
80990
81156
81310
81351
81383
81438
81449
81467
81499
81507
81630
81739
81745
81841
81893
82040
82480
82640
82845
83005
83117
83176
83193
83217
83428
83494
83550
83783
83817
83947
84115
84169
84182
84400
84401
84421
84760
85269
85510
85673
85759
85772
85772
85818
86497
86559
86597
86704
86951
87039
87087
87140
87243
87306
87308
87409
87420
87553
87705
87705
87745
87773
87869
87953
87966
87979
88067
88118
88423
88435
88487
88618
88661
88687
88791
88801
88955
89157
89222
89371
89409
89647
89678
89708
89794
89802
89855
89904
90013
90108
90115
90384
90440
90623
90728
90783
90792
90823
90828
90933
90975
91053
91077
91158
91234
91368
91388
91509
91521
91568
91588
91746
91750
91768
91814
91837
92145
92202
92209
92479
92488
92507
92684
92709
92803
92804
92807
92859
92972
92983
93294
93311
93692
93829
93848
94366
94368
94422
94460
94461
94589
94689
94896
95007
95090
95147
95529
95552
95601
95611
95645
95694
95744
95871
95924
96027
96112
96252
96280
96468
96597
96648
96793
96882
96966
97141
97159
97159
97346
97543
97558
97565
97642
97666
97736
97806
98007
98193
98203
98344
98389
98418
98632
98636
98670
98698
98753
98769
98787
98820
98870
98907
98933
98960
99201
99211
99232
99358
99631
99870
99921
99962
99988
100055
100111
100173
100270
100304
100477
100546
100627
100740
100769
101144
101166
101175
101236
101333
101336
101399
101470
101550
101599
101689
101747
101817
101921
102057
102068
102094
102224
102225
102301
102781
102835
102907
103012
103124
103184
103220
103280
103388
103536
103540
103613
103630
103708
103737
103791
103978
104019
104032
104056
104118
104178
104180
104214
104220
104354
104402
104413
104557
104625
104707
105032
105049
105073
105081
105367
105380
105488
105527
105588
105731
105998
106077
106093
106414
106483
106510
106530
106808
106897
106946
107059
107088
107284
107483
107615
107678
107745
107767
107873
108377
108410
108431
108442
108474
108549
108615
108637
108844
108901
109006
109036
109146
109150
109382
109402
109512
109547
109591
110086
110115
110270
110293
110320
110369
110419
110451
110555
110569
110694
110792
110897
110919
110987
111004
111007
111062
111163
111173
111242
111439
111450
111470
111631
111637
111672
111722
111787
111947
111976
112039
112103
112202
112398
112474
112491
112505
112507
112640
112831
112853
113036
113171
113191
113233
113285
113292
113312
113366
113628
113630
113683
113775
114036
114220
114268
114350
114585
114648
114676
114764
114850
115068
115104
115139
115291
115299
115368
115734
115959
116008
116183
116248
116325
116380
116491
116534
116551
116587
116880
117084
117165
117205
117549
117657
117735
117984
118106
118315
118424
118512
118548
118700
118745
118881
118920
119130
119299
119441
119563
119739
119820
119847
119869
120081
120265
120301
120462
120589
120597
120621
120637
120787
120977
120990
121134
121136
121177
121222
121235
121248
121288
121427
121452
121534
121670
121677
121840
121877
121911
122070
122212
122445
122448
122448
122489
122531
122565
122576
122635
122669
122787
122796
122804
122834
122839
122943
123115
123204
123246
123258
123296
123297
123518
123777
123915
123941
124056
124101
124108
124452
124937
125101
125431
125565
126321
126376
126517
126553
126613
126773
126821
126854
126908
127076
127161
127503
127570
127588
127700
127779
127864
128208
128339
128459
128511
128547
128623
128649
128708
128947
128997
129127
129360
129567
129724
130034
130112
130231
130246
130281
130366
130581
130642
130756
130793
130837
130896
130908
130934
130943
130952
130992
131049
131105
131338
131410
131667
131762
132096
132263
132352
132406
132523
132844
132979
132992
133105
133208
133248
133302
133543
133698
133716
133817
134092
134131
134190
134240
134301
134363
134436
134462
134482
134559
134682
134713
134733
134776
134858
134941
135145
135190
135263
135545
135612
135650
135859
135965
135979
136125
136176
136269
136469
136570
136623
136710
136827
136829
136910
136945
137253
137294
137382
137406
137453
137519
137559
137598
137714
137749
138023
138057
138187
138187
138387
138518
138553
138561
138673
138687
138863
138871
138900
139022
139076
139094
139130
139205
139323
139416
139441
139526
139542
139766
139917
139987
140105
140178
140337
140390
140529
140564
140926
141097
141174
141239
141473
141497
141552
141882
141882
141974
142003
142045
142074
142385
142453
142550
142649
142700
143096
143450
143611
143686
143777
144110
144375
144674
144709
144758
144861
144906
144915
144938
145057
145189
145191
145250
145323
145324
145636
145979
146037
146155
146198
146248
146250
146291
146386
146578
146813
146845
146917
146919
147049
147055
147056
147099
147164
147185
147232
147355
147459
147462
147480
147569
148042
148084
148145
148241
148334
148365
148451
148454
148517
148540
148602
148629
148903
149485
149591
149623
149640
149734
150337
150498
150651
150688
150727
150742
150913
151312
151326
151389
151547
151702
151741
151872
152148
152194
152231
152381
152440
152595
152604
152647
152671
152721
152778
152850
152853
152925
152963
152988
153089
153134
153146
153278
153778
153858
153896
154275
154307
154383
154485
154508
154596
154699
154947
154994
154998
155019
155048
155536
155610
155733
155833
155845
155855
155878
155888
156201
156202
156217
156348
156407
156447
156479
156522
156608
156672
156922
157006
157130
157461
157461
157577
157642
157702
157770
157864
157889
158011
158251
158841
158993
159038
159121
159352
159381
159409
159462
159573
159676
159710
159951
159971
159992
160127
160379
160450
161045
161067
161154
161202
161249
161256
161282
161340
161513
161937
161967
162100
162138
162145
162483
162524
162623
162627
162719
162871
162947
163260
163284
163374
163442
163561
163835
163848
163849
164037
164038
164243
164446
164548
164683
164713
164800
164850
164951
164961
164966
165058
165196
165280
165447
165589
165666
165776
165948
166006
166020
166154
166263
166332
166426
166442
166445
166450
166818
166937
167102
167251
167338
167388
167399
167445
167468
167517
167566
167624
167907
167981
167984
168075
168136
168392
168497
168559
168633
169155
169711
169779
169839
169928
170016
170023
170201
170347
170417
170429
170633
170777
171047
171141
171173
171323
171672
171724
171752
172690
172738
172772
172892
173079
173328
173539
173646
173676
173679
173913
174004
174110
174358
174512
174594
174793
174810
174944
175174
175184
175331
175563
175605
175798
175973
176244
176378
176460
176480
176549
176575
176608
176629
176642
176652
176709
176747
177096
177293
177329
177666
177877
177987
178027
178099
178112
178224
178354
178475
178528
178574
178702
178759
178786
179000
179004
179060
179239
179274
179281
179285
179292
179391
179547
179696
179726
179780
179859
179883
179943
180072
180130
180192
180294
180300
180331
180421
180476
180746
180764
180789
181232
181273
181291
181309
181350
181360
181633
181757
182304
182595
182653
182682
182770
182773
182789
182811
183075
183199
183291
183327
183630
183920
183939
183992
184032
184046
184084
184091
184114
184221
184315
184437
184477
184511
184737
185072
185222
185228
185272
185656
185762
186103
186106
186124
186134
186273
186377
186471
186490
186515
186634
186747
186959
187105
187324
187386
187479
187649
187673
187675
187818
187931
188048
188094
188103
188118
188211
188258
188286
188418
188506
188679
188777
188838
188981
189115
189492
189493
189522
189629
189699
189732
189739
189955
190147
190177
190252
190255
190530
190564
190671
190719
190860
190899
190935
190946
191068
191138
191145
191175
191214
191312
191423
191535
191556
191603
191787
191851
191888
191891
191996
192121
192146
192212
192235
192433
192606
192625
192643
192653
192722
192911
193013
193158
193165
193203
193220
193230
193245
193315
193380
193412
193490
193605
193658
193683
193853
193877
194070
194132
194272
194380
194475
194561
194662
194847
194858
194937
195027
195122
195177
195215
195227
195285
195763
195983
196127
196153
196160
196166
196174
196374
196432
196433
196445
196461
196503
196563
196746
196978
197081
197308
197513
197749
197759
197809
198039
198201
198207
198315
198342
198436
198453
198618
198639
198894
199087
199303
199367
199536
199594
199738
199961
199979
200051
200059
200092
200092
200196
200247
200403
200448
200554
200605
200636
200667
200756
200767
200769
200799
200929
201050
201186
201216
201251
201273
201351
201600
201755
201805
201917
201919
201921
201948
202413
202495
202515
202635
202663
202927
202938
202953
202958
202975
202977
203106
203114
203121
203255
203542
203725
203770
203946
204050
204088
204093
204226
204259
204436
204535
204598
204666
204679
204744
204753
204798
205180
205264
205434
205474
205520
205635
205850
205880
206024
206051
206190
206220
206221
206232
206468
206488
206698
206816
207038
207058
207157
207227
207286
207324
207369
207439
207512
207526
207597
207814
207974
208059
208122
208133
208141
208250
208427
208574
208593
208732
208735
208765
208874
208969
209152
209193
209267
209271
209438
209477
209569
209628
209656
209674
209714
209808
209813
209863
210109
210133
210343
210463
210530
210802
210853
211031
211060
211279
211478
211656
211910
212059
212206
212264
212289
212333
212334
212638
213005
213009
213035
213130
213146
213177
213345
213538
213731
213881
213948
213998
214283
214332
214352
214362
214486
214499
214589
214607
214634
214672
214707
214775
214883
215012
215084
215086
215106
215127
215160
215340
215605
215609
216097
216276
216280
216292
216356
216587
216743
216985
217120
217125
217138
217185
217297
217331
217380
217605
217618
217711
217718
217824
217826
217984
218004
218035
218047
218179
218281
218449
218535
218689
218862
218899
218960
219007
219153
219279
219394
219815
219859
220162
220193
220291
220318
220474
220572
220579
220707
220717
220798
220812
220907
220924
220986
221008
221062
221089
221185
221265
221380
221582
221677
221718
221746
221824
222075
222130
222482
222645
222656
222745
222879
223020
223134
223241
223262
223313
223314
223370
223752
223784
223895
224080
224155
224173
224424
224533
224598
224615
224741
224815
224940
224951
225186
225239
225265
225292
225354
225421
225509
225668
225749
225862
225910
225964
226222
226517
226550
226609
226659
226933
226993
227045
227112
227284
227351
227370
227426
227624
227742
227948
227978
228080
228123
228463
228559
228572
228577
228737
229029
229045
229129
229206
229217
229229
229287
229310
229759
230002
230057
230593
230722
230784
230905
230951
231270
231366
231421
231483
231583
231605
231648
232026
232043
232090
232327
232402
232409
232737
232914
232984
232988
233116
233170
233224
233236
233396
233556
233851
233861
233944
233958
234023
234096
234169
234243
234347
234386
234523
234605
234970
235217
235319
235431
235433
235588
235727
235791
235990
236075
236167
236332
236372
236413
236440
236450
236464
236645
236739
236774
236791
236863
237249
237297
237393
237581
237695
237717
237825
237873
237899
237966
238019
238065
238112
238138
238158
238277
238281
238451
238509
238567
238631
238653
238653
238875
238893
238905
239195
239292
239334
239525
239622
239637
239902
239973
240094
240232
240658
240945
240951
241073
241442
241508
241543
241626
241655
242096
242408
242672
242680
242693
242705
242810
242817
242875
243044
243323
243340
243398
243507
243721
243797
244197
244210
244462
244515
244580
244642
244731
245164
245193
245229
245245
245624
245646
245961
245990
246008
246071
246322
246623
246725
246836
247029
247180
247284
247394
247402
247690
247736
248135
248183
248367
248369
248480
248529
248711
248964
249006
249017
249018
249200
249235
249351
249510
249517
249582
249631
249838
250106
250119
250176
250351
250484
250612
250728
250880
250893
250958
251054
251132
251200
251246
251372
251443
251519
251566
251618
251700
251798
251896
251900
252528
252588
252600
252668
253029
253068
253222
253227
253352
253353
253685
253715
253849
253948
254167
254534
254642
254861
254925
255052
255149
255371
255526
255551
255614
255802
255847
255930
256032
256094
256378
256414
256542
256738
256931
256950
257058
257062
257119
257175
257324
257379
257482
257531
257546
258047
258056
258058
258079
258189
258288
258504
258782
258900
259097
259099
259198
259213
259365
259485
259546
259633
259766
259771
259870
259943
259980
260015
260073
260175
260304
260339
260348
260435
260446
260528
260831
260846
260980
261124
261160
261234
261661
261683
261783
262068
262121
262251
262289
262354
262513
262562
262588
262634
262921
263039
263279
263282
263484
263589
263763
263906
263979
264119
264141
264188
264322
264351
264556
265147
265207
265364
265417
265577
265645
265653
265667
265690
265823
265896
266102
266133
266191
266331
266416
266547
266697
266787
266916
266922
266937
266966
266987
267052
267102
267206
267250
267334
267554
267683
267727
267733
267779
267781
267875
268007
268160
268286
268394
268453
268488
268521
268522
268724
268788
268888
268957
269191
269214
269249
269366
269403
269433
269478
269562
269767
269817
269848
269907
270031
270167
270605
270680
270820
271111
271478
271517
271517
271641
271741
271745
271963
271974
272034
272139
272195
272628
273004
273013
273017
273093
273160
273379
273384
273512
273513
273684
273735
273779
273823
274231
274429
274706
274758
274881
274892
274924
274999
275218
275270
275369
275518
275675
275804
275814
275823
275942
275952
276049
276370
276419
276548
276567
276894
277085
277492
277494
277515
277564
277742
277904
278017
278408
278548
278577
278640
278683
278714
278756
278777
279034
279076
279183
279195
279232
279350
279431
279490
279604
279635
279732
280015
280118
280127
280606
280625
280858
280927
280976
281050
281072
281200
281317
281464
281662
281670
281770
281879
282144
282180
282222
282307
282344
282404
282466
282471
282742
282748
282834
282839
282869
282892
282900
283018
283022
283100
283151
283209
283241
283298
283532
283563
283673
283985
284012
284055
284090
284290
284486
284491
284645
284669
284704
284726
284826
285000
285322
285477
285512
285578
285634
285655
285784
285852
286010
286110
286166
286176
286259
286322
286812
286919
286933
286944
286947
286961
287305
287436
287489
287492
287589
287599
287777
288054
288362
288382
288465
288540
288627
289010
289080
289186
289296
289306
289482
289568
289638
289713
289740
289958
290114
290127
290221
290317
290389
290550
290579
290822
290932
291102
291119
291142
291474
291656
291669
291865
291906
291968
292010
292252
292296
292301
292389
292571
292651
292653
292719
292740
292754
292832
292878
292913
292958
292980
293259
293297
293477
293486
293509
293900
293904
293969
294013
294053
294342
294387
294422
294473
294482
294705
294885
294940
294967
294976
294998
295115
295147
295231
295326
295442
295591
295633
295650
295682
295690
295841
295907
295982
296288
296298
296300
296459
296572
296626
296694
296700
296745
296776
296802
296888
296958
296974
296979
297077
297150
297162
297652
297722
297735
297817
297824
297890
297974
298001
298009
298116
298221
298294
298314
298440
298629
298696
298729
298739
298854
299206
299282
299300
299397
299556
299568
299573
299635
300003
300495
300664
300801
301135
301136
301165
301212
301350
301478
301557
301730
301812
302059
302561
302576
302604
302850
302896
302900
302984
303069
303097
303280
303306
303313
303314
303323
303407
303501
303565
303584
303642
303733
303813
303968
303982
304325
304381
304402
304597
304639
304742
304752
304842
304931
305001
305004
305102
305171
305263
305301
305692
305728
305746
305990
306008
306016
306110
306197
306431
306566
306791
306927
307170
307184
307209
307230
307232
307275
307503
307648
307931
308382
308393
308422
308497
308575
308602
308609
308683
308744
308881
308997
309181
309226
309257
309286
309503
309637
309654
309681
309754
309767
309825
309999
310173
310201
310228
310265
310290
310453
310684
310711
310886
310915
311046
311105
311379
311381
311445
311475
311911
312048
312258
312622
312774
312957
313361
313590
313698
314004
314110
314140
314192
314464
314568
314573
314575
314617
314662
314694
314727
314794
315119
315201
315207
315235
315336
315430
315529
315618
315764
315952
316050
316072
316145
316192
316370
316427
316446
316602
316634
316733
316779
316795
316889
316941
317112
317176
317268
317300
317395
317408
317691
317725
317817
317965
318288
318315
318393
318426
318520
318559
318592
318641
318705
318761
318825
318826
318891
318918
318939
318969
319074
319085
319126
319296
319455
319477
319842
319884
320117
320185
320696
320696
320759
320904
321166
321263
321286
321315
321605
321622
321805
321954
322108
322189
322215
322241
322375
322380
322403
322451
322455
322474
322543
322750
323104
323314
323449
323470
323546
323835
323860
323915
324041
324044
324137
324163
324225
324320
324389
324462
324611
324722
324763
324894
325029
325076
325290
325564
325572
325716
325717
325861
326028
326109
326182
326202
326373
326429
326461
326808
326835
326836
326840
326944
327068
327212
327233
327622
328214
328327
328479
328568
328592
328612
328672
328728
328876
328882
329216
329383
329460
329572
329607
329824
329920
330009
330013
330028
330049
330081
330100
330159
330238
330238
330255
330266
330394
330866
330869
330869
330935
331005
331027
331147
331199
331297
331358
331483
331546
331606
331684
332126
332179
332494
332515
332744
332991
333012
333063
333134
333245
333379
333421
333497
333601
333634
333668
333834
333870
333980
334019
334084
334097
334153
334542
334582
334906
334937
334963
335060
335173
335268
335272
335487
335581
335613
335619
335640
335740
335851
335923
336063
336149
336182
336237
336289
336296
336396
336553
336585
336591
336610
337172
337380
337515
337856
337885
338029
338098
338204
338279
338487
338730
338917
339040
339111
339405
339423
339513
339613
339627
339744
339766
339920
339926
339930
340218
340230
340426
340436
340712
340877
341011
341020
341020
341051
341058
341100
341156
341164
341181
341282
341295
341349
341446
341456
341533
341664
341713
341734
342057
342139
342194
342224
342271
342291
342305
342367
342593
343009
343067
343179
343275
343562
343623
343627
343831
343858
344143
344243
344391
344395
344437
344563
344957
345047
345055
345124
345378
345521
345693
345711
345714
345865
345949
346036
346113
346200
346424
346463
346581
346622
346683
346741
346846
347095
347107
347202
347378
347468
347607
347705
347750
348091
348201
348231
348349
348545
348636
348677
348732
348810
348916
349072
349093
349180
349309
349419
349709
349918
349935
349961
349974
350658
350678
350838
350856
350949
351268
351368
351519
351720
351796
351925
352102
352157
352337
352453
352577
352645
352987
353183
353372
353618
353626
353758
353766
353922
354032
354281
354283
354341
354371
354501
354533
354549
354569
354715
354786
354854
354878
354960
355100
355133
355294
355305
355337
355605
355666
355687
355768
355789
355798
355897
356110
356182
356223
356293
356361
356486
356522
356625
356743
356804
356844
356903
356916
357102
357134
357169
357224
357304
357351
357518
357666
357839
357841
358153
358217
358344
358392
358468
358542
358744
358912
358944
358946
359019
359021
359034
359035
359120
359157
359235
359430
359467
359536
359623
359894
360021
360245
360299
360541
360602
360726
360740
360843
360946
361022
361103
361118
361432
361555
361664
361677
361751
361753
361802
361846
361993
361995
362061
362226
362518
362657
362668
362836
363089
363123
363164
363176
363246
363265
363384
363389
363592
363656
363708
363765
363820
363830
363853
363856
363980
364000
364040
364187
364292
364477
364520
364534
364535
364541
364603
364676
364779
364890
365208
365543
365592
365689
365704
365784
365942
365964
365995
366035
366055
366122
366195
366308
366336
366477
366684
366686
366734
366840
367015
367042
367089
367570
367571
367782
367799
367860
367948
368028
368031
368085
368085
368109
368251
368433
368587
368720
368762
368789
368926
369006
369007
369043
369078
369092
369153
369166
369321
369410
369426
369606
369715
369737
369793
369973
370102
370121
370182
370366
370374
370430
370453
370461
370583
370621
370681
370697
370721
370825
370888
370964
371042
371135
371160
371488
371542
371623
371660
371730
371776
371790
371840
372266
372493
372617
372622
372627
372659
372801
372831
372907
373218
373460
373516
373559
373745
373754
373820
373991
374097
374295
374334
374382
374533
374735
374805
374860
375142
375156
375203
375220
375280
375543
375565
375634
375634
375983
376056
376085
376287
376316
376348
376375
376529
376549
376580
376732
376752
376949
377250
377261
377445
377497
377506
377549
377563
377690
377697
377721
377831
377890
377993
378062
378066
378127
378133
378188
378214
378236
378302
378311
378341
378440
378495
378593
378627
378642
378830
378846
378870
378925
379058
379102
379145
379169
379303
379479
379668
379683
379690
379717
379819
379909
379957
380085
380141
380207
380562
380716
380726
380740
380755
380773
380971
381153
381260
381388
381523
381658
381824
381829
381903
381965
382132
382287
382314
382337
382411
382514
382535
382672
383002
383030
383156
383187
383379
383396
383447
383707
384067
384165
384542
384646
384687
384740
384801
385064
385840
385853
385985
386004
386136
386284
386434
386435
386436
386533
386576
386683
386739
386831
386855
387117
387270
387301
387311
387336
387541
387578
387598
387767
387901
387945
388351
388419
388475
388479
388504
388614
388618
388697
388733
388740
388748
388779
388906
389202
389463
389555
389685
389745
389873
389877
389969
390014
390083
390109
390118
390367
390368
390416
390476
390479
390509
390536
390728
390841
390960
391032
391278
391420
391614
391846
391847
391969
391972
391982
391990
392272
392306
392397
392475
392653
392850
393135
393235
393465
393549
393577
393594
393763
393990
394049
394063
394379
394426
394652
394656
394740
394771
394885
394888
394977
394994
395098
395099
395190
395328
395334
395354
395390
395474
395604
395626
396101
396143
396286
396343
396531
396635
396717
396826
396918
396942
396954
396991
397045
397074
397463
397496
397603
397791
397862
397903
397912
397992
398115
398364
398396
398456
398503
398730
398802
398816
398864
399006
399017
399128
399190
399278
399291
399433
399545
399588
399643
399848
399902
399977
400007
400374
400450
400650
401169
401186
401228
401276
401296
401346
401669
401751
401756
401786
401965
402186
402252
402452
402629
402746
402756
402806
402820
402928
402985
403075
403084
403196
403697
403862
403863
403869
403970
404489
404499
404632
404802
404815
404833
404946
404956
405003
405005
405188
405270
405274
405620
405740
405746
405768
405774
405780
405875
405944
405960
406349
406449
406579
406883
406888
406889
406958
407250
407409
407451
407558
407720
407803
407850
408063
408105
408560
408561
408619
408637
408708
408855
408916
408944
408998
409112
409155
409362
409399
409621
409636
409704
409955
410009
410090
410239
410345
410461
410479
410480
410532
410541
410572
410725
410729
410806
410887
410977
411030
411152
411406
411638
411784
411953
411957
412013
412038
412216
412361
412436
412438
412486
412489
412584
412682
412842
412847
412877
412936
413046
413351
413538
413830
413921
414032
414092
414228
414276
414534
414814
414830
415052
415189
415229
415329
415507
415644
415829
415854
416079
416264
416290
416294
416533
416577
416730
416889
417255
417298
417355
417458
417550
417677
417699
417792
417954
418122
418262
418356
418396
418417
418463
418471
418631
418746
418961
418988
419000
419053
419202
419202
419240
419363
419476
419569
419632
419663
419666
419690
419721
419770
419770
419830
419882
419960
420088
420091
420109
420116
420221
420252
420303
420437
420584
420601
420687
420691
420696
420702
420782
420848
420850
420871
420905
420990
421018
421068
421162
421197
421200
421259
421673
421679
421697
421828
421830
422135
422168
422357
422419
422569
422585
422745
422822
423312
423495
423542
423557
423632
423663
423747
423808
423880
423965
424015
424045
424087
424092
424147
424147
424279
424434
424438
424513
424527
424534
424541
424567
424685
424698
424702
424772
424781
424837
424895
425130
425186
425207
425275
425294
425392
425483
425498
425538
425555
425576
425636
425714
425763
425818
425922
426089
426212
426215
426282
426338
426603
426607
426641
426648
426659
426687
426768
426858
426878
426917
426924
426956
426963
427113
427395
427445
427670
427763
427943
427963
428167
428301
428494
428673
428776
428902
428923
428997
429126
429138
429216
429243
429559
429565
429675
430004
430046
430284
430352
430632
430695
430800
430851
431023
431144
431379
431502
431995
432290
432325
432486
432592
432893
432932
433040
433317
433356
433485
433518
433532
433586
433611
433921
433921
433981
434121
434438
434542
434602
434754
434934
435017
435024
435129
435241
435388
435418
435438
435715
435747
435833
435871
435883
435903
436064
436118
436132
436256
436296
436357
436463
436478
436579
436646
436684
436861
436887
436917
437034
437198
437233
437312
437436
437535
437586
437607
437653
437712
437818
438045
438084
438101
438123
438228
438306
438350
438358
438452
438561
438632
438657
438721
438954
439075
439144
439155
439169
439321
439414
439551
439658
439662
439752
439948
440046
440073
440171
440364
440519
440565
440810
440823
440976
441029
441120
441195
441380
441575
441579
441609
441824
441874
442186
442295
442524
442617
442743
442781
442923
443104
443140
443229
443256
443268
443270
443678
443834
443841
443926
443951
444049
444053
444303
444334
444471
444679
444697
444704
444741
444795
444919
444996
445004
445204
445457
445501
445624
445679
445699
445730
445761
445872
446039
446100
446164
446209
446232
446260
446276
446395
446544
446636
446715
446847
446861
446874
446987
447026
447043
447051
447089
447118
447365
447460
447485
447525
447568
447667
447742
447746
447833
448016
448073
448091
448157
448191
448272
448322
448337
448342
448360
448366
448389
448398
448439
448452
448455
448572
448785
448788
448865
449011
449014
449169
449252
449360
449578
449647
449674
449733
449871
449879
449897
449995
450199
450285
450377
450659
450715
450726
450827
450887
450887
450919
450964
451012
451067
451087
451112
451248
451273
451282
451308
451422
451576
451650
451732
451866
451886
451891
452048
452049
452074
452113
452118
452258
452302
452469
452574
452624
452683
453175
453232
453508
453556
453625
453844
453893
454172
454219
454304
454511
454718
454721
454819
455052
455151
455199
455222
455296
455412
455421
455579
455610
455842
455896
456123
456140
456283
456321
456510
456556
456571
456612
456686
456798
456929
456989
457048
457124
457162
457417
457634
457728
457731
457735
457750
457764
457844
457877
458080
458207
458227
458347
458448
458495
458699
458815
458824
459038
459324
459334
459354
459409
459438
459513
459563
459644
459708
459742
459752
459759
460166
460295
460309
460339
460493
460579
460638
460718
460732
460778
460848
461106
461296
461309
461335
461414
461439
461598
461625
461670
461679
461689
461704
461820
461851
462115
462382
462486
462640
462646
462909
462956
463371
463469
463508
463781
463861
463888
464080
464240
464241
464254
464274
464463
464530
464756
464790
464927
465148
465185
465488
465596
465767
465968
466212
466271
466305
466344
466399
466539
466717
466805
466824
467194
467340
467388
467518
467791
467829
467985
468044
468204
468270
468333
468382
468710
468862
468905
468924
468939
469161
469293
469434
469531
469540
469623
469906
469980
470190
470378
470400
470481
470631
470653
470966
471082
471183
471253
471318
471488
471502
471626
471631
471658
471671
471695
471707
471755
471883
471988
471995
472151
472236
472263
472783
472835
473044
473085
473119
473417
473562
473639
473697
473789
473868
473905
474130
474661
474706
474760
474944
475038
475084
475114
475142
475176
475261
475284
475285
475371
475702
475705
475722
475759
475832
475865
475952
475981
476013
476069
476267
476299
476692
476717
476740
476782
476798
476861
477213
477230
477254
477495
477700
477873
477950
477952
477979
478104
478132
478175
478321
478371
478378
478565
478623
479103
479110
479202
479354
479420
479679
479694
479762
479848
479920
479921
479958
480213
480214
480296
480375
480388
480426
480525
480718
480739
480744
480836
480966
481138
481234
481240
481300
481305
481312
481392
481619
481635
481844
481867
482021
482138
482154
482157
482270
482485
482519
482589
482696
482749
482937
482967
483014
483157
483430
483446
483506
483617
483675
483860
484350
484506
484522
484624
485005
485047
485261
485295
485330
485387
485437
485924
485998
486253
486265
486373
486397
486424
486491
486557
486692
486745
486882
487044
487147
487314
487336
487339
487440
487443
487537
487597
487630
487692
487788
487962
488098
488101
488104
488136
488391
488469
488591
488770
488790
488863
488941
488965
488989
489120
489163
489330
489368
489434
489483
489599
489656
489943
490011
490041
490108
490399
490429
490456
490526
490609
490622
490682
490714
490785
490809
490834
490927
491119
491190
491204
491222
491254
491423
491670
491671
491900
491926
492031
492076
492101
492206
492298
492306
492341
492473
492508
492520
492580
492705
492951
493180
493244
493350
493415
493561
493782
493875
493951
493952
494111
494216
494341
494386
494819
494948
495056
495433
495510
495563
496141
496204
496214
496321
496417
496494
496642
496786
497153
497209
497325
497378
497400
497503
497813
497930
497942
498109
498152
498512
498531
498536
498737
498866
499061
499106
499189
499244
499336
499354
499650
499751
499767
499778
499986
500053
500097
500279
500294
500318
500419
500483
500521
500834
500928
500942
500975
501101
501145
501309
501397
501431
501586
501606
501625
501792
501974
501980
502248
502641
502659
502682
502800
503009
503057
503128
503214
503246
503393
503544
503555
503654
503756
503774
503782
503860
503919
503925
504034
504049
504086
504126
504158
504306
504849
504887
504909
504911
504927
504930
505116
505332
505399
505445
505507
505950
505963
506144
506204
506260
506341
506617
506639
506708
506805
506819
506853
506986
507046
507072
507273
507283
507325
507553
507560
507731
507838
507843
507863
507961
508147
508184
508229
508311
508336
508341
508343
508527
508578
508629
508638
508678
508689
508818
509327
509350
509409
509414
509439
509474
509584
509795
509837
509842
510037
510321
510466
510561
510602
510673
510693
510908
510952
511055
511116
511265
511283
511460
511522
511598
511654
511731
511799
511943
512145
512215
512331
512338
512350
512469
512553
512669
512687
512693
512717
512762
513017
513062
513082
513184
513258
513282
513286
513356
513446
513498
513629
513649
513738
513781
513805
513841
514008
514031
514042
514104
514251
514426
514616
514706
514712
514919
515142
515172
515195
515229
515231
515551
515742
515753
515765
515856
516159
516211
516233
516638
516761
516762
516924
517074
517137
517151
517553
517564
517748
518128
518131
518182
518200
518273
518351
518415
518428
518500
518503
518520
518635
518709
518799
518937
519007
519053
519157
519367
519401
519588
519641
519695
519813
520069
520076
520116
520296
520321
520405
520473
520577
520620
520739
520910
520923
521055
521068
521141
521157
521165
521220
521297
521391
521505
521514
521569
521723
521950
522173
522436
522584
522632
522769
523179
523258
523347
523397
523436
523495
523563
524033
524232
524456
524598
524648
524784
525045
525095
525113
525231
525539
525623
525658
525984
526044
526055
526154
526161
526309
526495
526693
526761
526918
527063
527157
527227
527247
527278
527367
527496
527548
527604
528128
528218
528271
528393
528398
528408
528422
528436
528694
528805
528899
528910
528980
529256
529273
529376
529442
529532
529820
529856
529882
529920
529975
530090
530273
530313
530377
530406
530406
530438
530503
530741
530902
530954
530969
531024
531032
531111
531269
531488
531538
531610
531748
531760
531784
531938
532026
532110
532336
532462
532724
532739
532853
532960
533008
533071
533359
533359
533463
533705
533730
533748
533851
533861
533872
534037
534191
534198
534315
534327
534493
534550
534616
534747
534759
534949
534977
534992
535183
535195
535233
535264
535321
535475
535557
535557
535651
535676
535855
535918
536201
536506
536532
536617
536860
536910
537131
537269
537308
537450
537487
537516
537517
537614
537701
537760
537867
538307
538502
538664
538925
539085
539130
539143
539219
539286
539343
539693
539720
539724
539890
539934
540004
540015
540125
540148
540223
540282
540317
540354
540488
540674
540912
540969
541202
541347
541511
541521
541736
541858
542049
542202
542295
542701
542710
542771
542790
542922
542937
543043
543102
543276
543397
543399
543542
543591
543614
543621
543746
543790
543797
543872
544022
544092
544128
544219
544244
544257
544283
544390
544435
544629
544710
544713
544850
544943
544966
545144
545208
545216
545256
545387
545442
545485
545530
545736
545776
545776
545793
545794
545794
545947
545996
546273
546381
546423
546493
546631
546722
546750
546765
546829
546878
547008
547104
547294
547374
547402
547463
547521
547732
547766
547915
547937
547942
548055
548088
548250
548295
548341
548354
548458
548585
548742
548767
548815
548973
549699
549784
549819
549832
549927
549928
550088
550207
550346
550347
550388
550449
550526
550684
550685
550794
550960
550968
551015
551153
551175
551198
551311
551329
551378
551452
551456
551510
551550
551608
551899
552168
552168
552286
552498
552698
552854
552936
552948
553178
553312
553370
553486
553496
553503
553680
553686
553692
553732
553733
553898
553905
553991
554037
554059
554082
554154
554225
554315
554510
554609
554695
554789
554957
554964
555082
555235
555332
555441
555469
555588
555601
555658
555715
555733
555799
555912
555983
556012
556098
556321
556348
556575
556854
556859
557019
557029
557179
557184
557237
557292
557311
557367
557505
557510
557658
557773
557789
557886
558141
558210
558284
558387
558481
558663
558689
558702
558767
558969
558988
559087
559668
559803
559990
560044
560244
560310
560449
560738
560744
560751
560754
560911
560953
561040
561136
561265
561389
561487
561489
561617
561617
561642
561739
561808
562027
562084
562091
562290
562459
562686
562935
563049
563082
563082
563140
563401
563529
563551
563620
563749
563830
563837
563879
564219
564245
564245
564256
564351
564371
564431
564566
564577
564773
564781
564900
564941
565050
565104
565189
565378
565639
565657
566074
566108
566315
566320
566455
566461
566500
566565
566630
566699
566811
566992
567053
567112
567341
567567
567738
567930
567966
568076
568330
568403
568835
568910
568957
569039
569092
569190
569207
569313
569319
569416
569440
569475
569528
569551
569643
569892
569947
570011
570135
570215
570304
570505
570775
570869
571046
571179
571250
571327
571451
571718
571899
571982
572141
572354
572373
572427
572482
573010
573064
573459
573577
573603
573650
573682
573715
573723
573812
573869
573992
574111
574140
574156
574190
574306
574637
574703
574857
574902
575066
575389
575532
575725
575870
575943
576060
576072
576183
576210
576212
576347
576385
576434
576553
576610
577133
577315
577327
577589
577678
577709
577716
577768
577834
578100
578267
578274
578400
578711
578927
579066
579176
579203
579219
579401
579641
579676
579880
579905
579964
580072
580164
580167
580190
580245
580371
580387
580505
580670
580752
580996
581061
581112
581539
581544
581676
581838
581870
582043
582075
582149
582449
582495
582604
582716
582723
582854
582885
582948
583008
583066
583145
583249
583757
583800
583913
584038
584102
584527
584581
584581
584698
584714
584727
584738
584819
584865
584891
584943
584984
585044
585188
585380
585454
585481
585535
585807
586023
586111
586281
586343
586413
586464
586642
586816
586888
586916
587007
587044
587235
587517
587634
587663
587699
587708
587737
587796
587842
587965
588069
588169
588317
588318
588437
588546
588737
588776
588929
589042
589128
589135
589142
589162
589210
589298
589345
589407
589468
589545
589569
589804
589871
589955
590058
590166
590182
590424
590654
590658
590722
590757
590772
590856
591162
591175
591185
591319
591430
591431
591569
591916
591968
592074
592152
592307
592369
592394
592396
592413
592498
592551
592673
592923
593061
593089
593132
593329
593407
593459
593491
593508
593519
593619
593647
593687
593758
594177
594332
594339
594391
594509
594634
594710
594961
595024
595172
595269
595327
595345
595507
595557
595874
595882
596015
596192
596332
596440
596498
596698
596784
596931
596999
597003
597134
597210
597239
597435
597551
597695
597786
597799
597923
598017
598224
598274
598477
598506
598655
598771
598839
599303
599400
599534
599654
599716
599807
599937
599942
600212
600212
600242
600285
600519
600944
601188
601340
601471
601528
601551
601627
601783
601835
601861
601954
602082
602194
602295
602375
602468
602546
602718
602840
602880
602885
602898
602937
602957
602966
603018
603154
603489
603582
603643
603786
603791
603942
604165
604244
604455
604494
604551
604897
604924
605210
605244
605282
605419
605527
605571
605665
605690
605740
606000
606209
606239
606338
606404
606436
606501
606606
606732
606918
607192
607246
607263
607355
607445
607459
607663
607765
607855
607933
607999
608043
608086
608253
608288
608298
608439
608469
608491
608551
608554
608682
608686
608707
608844
608864
608931
609063
609192
609199
609344
609515
609614
609625
609688
609764
609770
609848
609905
610277
610313
610315
610383
610423
610464
610527
610667
610757
610846
610978
611131
611214
611241
611439
611510
611541
611563
611632
611751
611821
612134
612183
612367
612466
612478
612550
612744
612779
612858
613028
613042
613260
613261
613273
613323
613432
613506
613572
613720
613778
613939
613968
614030
614121
614178
614241
614243
614525
614531
614625
614648
614736
614790
614863
614939
614964
614967
615035
615137
615256
615313
615379
615447
615593
615716
615811
615875
615887
615980
616001
616189
616259
616597
616939
617067
617233
617251
617258
617779
617915
618301
618364
618436
618539
618579
618623
618682
618845
618847
618941
619027
619133
619404
619552
619564
619632
619636
619688
619786
619817
619821
619976
620079
620102
620145
620148
620213
620252
620256
620615
620748
620920
620929
620930
620974
621689
621723
621739
621873
621890
622065
622100
622156
622159
622205
622222
622248
622420
622423
622458
622687
622813
622897
622954
622963
623037
623108
623187
623190
623196
623485
623557
623867
623902
623951
624161
624359
624388
624471
624509
624582
624584
624644
624803
624899
625047
625429
625463
625519
625523
625544
625676
625747
625801
625971
625977
626113
626197
626222
626382
626473
626490
626560
626577
626971
627212
627324
627362
627414
627430
627627
627812
627932
628029
628049
628093
628097
628194
628248
628366
628417
628569
628604
628672
628700
628808
628850
628864
628926
629062
629432
629531
629771
629923
629924
630154
630224
630460
630532
630557
630668
630795
630890
630928
631193
631416
631516
631553
631573
631807
631815
631903
632022
632235
632259
632320
632380
632390
632430
632538
632539
632585
632646
632657
632835
632847
632883
633081
633118
633202
633210
633222
633249
633268
633470
633552
633644
633682
633879
634036
634046
634049
634069
634240
634458
634500
634554
634880
634887
634903
634989
635173
635227
635254
635384
635503
635604
635619
635682
635685
635953
635984
636092
636164
636377
636500
636749
636787
636892
636903
636937
637039
637242
637279
637480
637485
637508
637652
637700
637706
637832
637833
637850
637897
638065
638279
638355
638538
638598
638651
638954
639056
639124
639128
639147
639459
639490
639648
639674
639742
639763
639766
639792
639828
639962
639979
640116
640257
640386
640433
640504
640688
640728
640863
640920
641081
641203
641262
641289
641383
641425
641449
641491
641741
641756
641807
642190
642368
642461
642548
642559
642562
642680
642704
642789
643014
643094
643164
643250
643323
643508
643723
643731
643920
644003
644255
644526
644534
644582
644676
644694
644796
644819
644902
644924
644947
644966
645290
645334
645409
645594
645773
645960
646094
646352
646420
646422
646525
646575
646619
646738
646819
646905
646956
647064
647115
647143
647299
647476
647477
647571
647722
648015
648114
648123
648140
648153
648300
648346
648413
648461
648495
648503
648538
648550
648783
649214
649231
649248
649354
649376
649399
649438
649457
649582
649646
649660
649695
649988
650069
650076
650186
650245
650264
650533
650550
650651
650782
650791
651025
651111
651487
651558
651921
652153
652208
652266
652432
652524
652604
652687
652803
652811
652824
652996
653049
653092
653190
653467
653510
653730
653978
653985
654046
654047
654068
654130
654133
654148
654197
654441
654469
654474
654565
654598
654619
654692
654775
654984
655052
655165
655177
655239
655490
655506
655917
655998
656150
656252
656362
656376
656379
656460
656471
656489
656602
656722
656818
656818
656827
656893
656923
656941
657330
657642
657717
657839
657847
658266
658310
658344
658420
658422
658774
659044
659108
659231
659242
659410
659439
659465
659533
659575
659795
659869
660218
660259
660329
660355
660380
660445
660467
660572
660686
660730
660815
660831
660940
661127
661167
661214
661271
661307
661331
661623
661765
661802
661835
661932
661937
662190
662341
662509
662523
662772
662833
662939
663024
663030
663164
663279
663484
663958
664182
664386
664419
664421
664572
664646
664662
664692
664770
664795
664890
664939
665094
665129
665144
665244
665504
665628
665662
665995
666176
666271
666463
666517
666588
666648
666738
666817
666857
666866
666911
666979
667153
667497
667591
667663
668027
668253
668354
668567
668676
668695
668823
668875
668998
669106
669118
669138
669329
669365
669455
669521
669551
669557
669912
669974
670230
670369
670416
670429
670494
670636
670720
670761
670812
670969
671052
671244
671256
671303
671318
671490
671834
671996
672005
672129
672291
672457
672632
672722
672899
672943
673045
673070
673133
673219
673315
673697
673757
673952
673979
673997
673997
674188
674404
674428
674765
674768
674898
675042
675048
675173
675227
675240
675324
675738
675796
675796
675816
675823
675859
676271
676331
676340
676441
676456
676591
676592
676756
676781
676790
676945
677010
677222
677287
677447
677494
677568
677597
677615
677649
677687
677689
677689
677842
677864
677947
677950
677972
678026
678054
678070
678264
678284
678365
678374
678595
678827
678884
678955
678972
679049
679085
679141
679291
679499
679542
679599
679619
679759
679830
679835
679881
680032
680109
680145
680238
680367
680370
680455
680456
680460
680482
680573
680608
680633
680753
681004
681073
681094
681157
681277
681487
681645
681754
681992
682122
682139
682257
682368
682400
682516
682553
682745
682783
682811
682824
682936
683137
683174
683192
683305
683346
683357
683460
683537
683707
683868
683948
684045
684060
684236
684431
684457
684769
685032
685236
685361
685368
685373
685611
685765
685932
685963
686387
686480
686708
686730
686840
686923
687020
687068
687181
687284
687464
687477
687499
687547
687570
687631
687637
687681
687862
687883
687935
687953
687971
687982
688070
688340
688342
688443
688521
688603
688667
688677
688711
688731
689072
689230
689268
689312
689399
689431
689458
690079
690103
690108
690109
690204
690370
690849
690878
691002
691123
691134
691148
691172
691297
691517
691640
691640
691673
691770
691797
691809
691958
691984
692051
692334
692395
692454
692481
692674
692722
692776
692835
693037
693290
693332
693342
693349
693477
693606
693694
693827
693935
694102
694268
694344
694392
694665
694779
694817
694916
695279
695284
695301
695311
695340
695352
695523
695687
695750
695925
696317
696720
696796
697044
697211
697328
697355
697514
697529
697892
698195
698248
698693
698758
698766
698792
698864
698975
698989
699096
699149
699157
699297
699458
699481
699829
699840
699916
700078
700099
700110
700226
700421
700549
700686
700803
700827
700832
700896
701114
701197
701266
701277
701436
701462
701534
701614
701893
701941
701974
702001
702037
702056
702402
702529
702685
702701
702764
702838
702896
703163
703250
703273
703355
703629
703724
703729
703832
703921
703988
704034
704039
704079
704123
704175
704204
704271
704525
704554
704654
704669
705139
705142
705349
705352
705359
705364
705384
705599
705603
705759
705854
705873
705912
705946
705952
705961
705985
706098
706422
706502
706742
706803
706886
706943
707205
707225
707305
707719
707770
707948
708278
708329
708425
708505
708548
708575
708637
708663
708747
708817
708972
709161
709199
709205
709279
709545
709611
709650
709778
709800
709908
709925
710017
710035
710128
710142
710265
710341
710386
710562
710585
710611
710674
710682
710685
710843
711048
711054
711113
711323
711425
711480
711584
711673
711997
712069
712159
712305
712309
712400
712403
712455
712539
712601
712647
712766
713060
713074
713081
713130
713186
713199
713234
713249
713303
713346
713467
713618
713639
713712
713912
713917
714129
714209
714271
714295
714352
714455
714653
714833
714933
714941
715013
715035
715199
715242
715266
715349
715545
715655
715836
715913
715948
716026
716063
716342
716359
716363
716469
716483
716511
716666
716824
716867
716919
717056
717096
717280
717353
717360
717395
717674
717961
718046
718046
718213
718264
718385
718855
718923
718971
718986
719148
719237
719464
719552
719615
719653
719662
719804
719822
720023
720141
720199
720349
720773
720899
720926
720989
721087
721189
721286
721292
721442
721610
721640
721682
721751
721762
721824
722187
722190
722211
722410
722417
722438
722613
722831
722910
723069
723106
723186
723425
723560
723656
723842
723845
723930
723941
724282
724477
724539
724570
724698
724732
724877
724981
725000
725044
725319
725328
725412
725462
725488
725518
725535
725656
725698
725978
726102
726128
726159
726404
726436
726642
726925
727015
727096
727169
727202
727220
727318
727423
727488
727550
727573
727700
727758
727842
727942
727989
728063
728187
728263
728522
728548
728693
728822
728915
729143
729180
729188
729210
729544
729597
729752
729797
729812
729966
730163
730216
730266
730312
730478
730490
730569
730597
730618
730831
730864
730938
731053
731079
731087
731402
731660
731767
731796
731920
731984
732030
732182
732204
732249
732300
732389
732434
732459
732481
732602
732614
732804
732833
732991
733000
733119
733206
733263
733336
733524
733766
733865
734050
734065
734078
734178
734211
734237
734425
734451
734584
734669
734775
734779
734788
734789
734790
735007
735164
735266
735771
736054
736167
736218
736349
736418
736636
736957
737050
737100
737142
737183
737205
737301
737322
737374
737431
737513
737601
737869
738047
738271
738353
738374
738541
738545
738823
738834
738841
738934
739324
739367
739463
739610
739615
739689
739703
739779
739800
739822
740071
740138
740289
740398
740412
740550
740861
740983
741036
741146
741865
741919
742030
742036
742235
742322
742337
742348
742493
742496
742567
742624
742685
742777
742816
742915
743023
743068
743286
743377
743403
743486
743545
743569
743715
744069
744125
744146
744297
744299
744323
744367
744440
744453
744486
744509
744765
744781
744852
744881
744948
745062
745116
745212
745264
745441
745763
745774
745801
746152
746197
746329
746473
746542
746666
746957
747071
747078
747117
747165
747207
747238
747283
747371
747760
747946
748076
748144
748213
748215
748253
748460
748812
748851
748865
748874
749083
749126
749298
749319
749613
749676
749680
749724
749870
749922
750068
750119
750128
750136
750329
750377
750533
750554
750566
750595
750664
750742
750754
750780
750780
750872
750878
750913
750969
751138
751142
751244
751291
751452
751479
751619
751659
751677
751696
751737
751794
751824
751896
751973
752342
752508
752559
752611
752628
752789
752807
752897
752964
753145
753471
753729
753882
753885
753926
754044
754076
754216
754229
754255
754259
754487
754619
754726
754999
755196
755433
755441
755536
755563
755565
755580
755758
756014
756095
756368
756435
756469
756472
756666
757166
757263
757366
757419
757459
757557
757589
757729
757745
757950
757961
757974
758108
758170
758285
758347
758412
758576
758576
758635
758791
758931
759066
759088
759104
759121
759226
759383
759415
759536
759634
759756
759811
759846
759989
759994
760066
760080
760213
760227
760348
760463
760589
760630
760810
760852
760936
760946
760984
761003
761111
761328
761377
761519
761698
762045
762056
762070
762235
762361
762512
762520
762857
762881
763016
763258
763379
763407
763411
763609
763653
763744
763806
763946
763962
764028
764152
764278
764425
764436
764511
764572
764575
764691
764734
764784
764856
764925
765503
765507
765585
765588
765638
765798
765851
765965
765991
766055
766055
766264
766423
766465
766478
766568
766674
766913
766925
767190
767223
767244
767437
767854
768027
768117
768229
768235
768257
768379
768387
768416
768974
769003
769161
769219
769240
769274
769299
769362
769469
769519
769696
769735
769891
769930
769937
770033
770056
770172
770216
770463
770615
770673
770740
771080
771263
771287
771338
771384
771519
771623
771733
771801
771919
771921
771995
772154
772204
772234
772416
772510
772807
772814
772815
772912
772953
772980
773045
773055
773313
773391
773575
773676
773680
773747
773759
774084
774101
774193
774269
774432
774507
774552
774610
774792
774824
775102
775369
775506
775507
775596
775713
775818
775920
775979
775987
775988
776011
776017
776040
776083
776211
776235
776678
776975
776990
777063
777099
777119
777288
777383
777432
777444
777473
777584
777626
777628
777745
777801
777869
777966
777970
778045
778321
778536
778583
778724
778839
778851
778860
778906
779020
779023
779046
779216
779333
779426
779538
779543
779625
779630
779697
779704
779706
779725
779902
779937
780157
780192
780235
780301
780526
780550
780917
781001
781160
781269
781465
781657
781728
781772
781783
781854
781886
781958
782032
782172
782429
782460
782731
782830
782844
782935
783103
783128
783277
783330
783423
783458
783637
783652
783708
783708
783784
783857
783902
784058
784130
784315
784367
784406
784415
784434
784488
784577
784577
784814
784847
784995
785065
785101
785126
785139
785153
785194
785232
785297
785417
785708
785726
785873
785915
785971
786101
786139
786175
786340
786440
786488
786490
786529
786546
786733
786850
786851
786992
787053
787053
787171
787311
787386
787601
787641
787704
787823
787861
787934
787951
787973
788118
788164
788368
788541
788627
788673
788750
788762
788831
789048
789134
789342
789358
789411
789645
789676
789743
789800
789973
790000
790211
790304
790310
790339
790427
790475
790683
790752
790857
791026
791035
791156
791265
791326
791380
791421
791453
791528
791649
791765
791880
791912
791941
791962
792210
792253
792272
792588
792602
792692
792859
792887
792911
793024
793372
793489
793653
793756
793781
793857
793879
793888
793912
794110
794213
794244
794262
794354
794549
794654
794739
794747
794846
794930
795215
795523
795610
795643
795659
795724
795777
795906
795921
795960
796026
796213
796259
796394
796573
796643
796732
796904
796922
796948
797039
797044
797206
797270
797327
797422
797434
797474
797708
797748
797794
797836
797890
798171
798179
798201
798231
798295
798307
798324
798327
798343
798375
798375
798439
798442
798465
798614
798617
798702
798758
798771
798839
798847
798853
798928
799116
799192
799326
799460
799543
799590
799633
799644
799728
799861
799946
800024
800034
800052
800276
800280
800302
800351
800628
801020
801032
801103
801205
801249
801476
801495
801534
801657
801657
801696
801910
801935
802156
802269
802541
802751
802910
803097
803144
803592
803598
803704
803776
803921
803968
804215
804321
804535
804585
804593
804835
804995
805104
805364
805422
805448
805653
805687
806012
806024
806079
806127
806366
806384
806489
806545
806549
806616
806688
806806
806840
806914
806958
807206
807512
807894
808015
808257
808473
808670
808695
808875
808876
808893
808941
808948
809011
809178
809372
809436
809763
809832
810030
810625
810673
810776
810807
810963
810979
811040
811057
811092
811206
811216
811317
811379
811409
811506
811520
811532
811534
812042
812106
812635
812772
812803
812862
812865
812867
813027
813118
813188
813214
813314
813347
813396
813430
813593
813746
813751
813855
813876
813917
813974
814092
814189
814196
814425
814464
814601
814845
815159
815310
815319
815435
815457
815493
815634
815742
815871
815884
815925
816114
816171
816209
816425
816555
816642
816757
816861
817056
817215
817258
817436
817446
817470
817578
817670
817751
817845
817850
817865
817897
818003
818064
818086
818247
818302
818449
818468
818676
818891
819468
819642
819693
819700
819766
819892
819929
819995
820435
820495
820514
820729
820782
820837
820970
821028
821130
821223
821470
821519
821567
821633
821749
821774
821892
822040
822064
822248
822276
822350
822477
822766
822859
822869
822871
822930
823012
823037
823353
823430
823569
823729
823816
823927
824208
824275
824278
824290
824514
824538
824660
824808
824838
825069
825236
825246
825438
825459
825489
825511
825940
826000
826019
826085
826145
826171
826251
826421
826866
826882
827009
827289
827310
827350
827474
827519
827527
827550
827622
827950
827976
828360
828677
828720
828742
828775
828804
828831
828873
828924
829127
829356
829422
829515
829591
829620
829648
829687
829824
829911
829915
830269
830353
830419
830484
830495
830585
830692
830712
830853
830983
831040
831105
831270
831277
831285
831365
831399
831405
831433
831723
831890
832128
832274
832313
832390
832443
832603
832743
833012
833041
833065
833177
833302
833466
833600
833734
834076
834121
834121
834123
834196
834407
834474
834498
834602
834732
834780
834825
834900
834938
834978
835198
835355
835375
835530
835624
835848
835907
836045
836138
836261
836520
836583
836689
836877
836955
837215
837229
837267
837298
837327
837341
837346
837453
837501
837547
837717
837894
838014
838139
838177
838331
838541
838648
838679
838830
838892
838969
839027
839042
839374
839445
839498
839582
839703
839824
840269
840404
840430
840471
840785
840849
840886
840912
840956
841037
841094
841222
841263
841426
841552
841653
841707
842313
842591
842668
842840
842936
842944
843100
843151
843184
843206
843292
843313
843423
843641
843684
843763
843841
843914
844003
844043
844058
844182
844223
844230
844238
844273
844307
844445
844616
844641
844781
845037
845057
845265
845529
845559
845577
845591
845725
845917
846134
846250
846270
846527
846710
846731
846808
846870
846990
847088
847091
847120
847216
847218
847376
847394
847476
847556
848097
848119
848135
848733
848751
848786
848813
848907
849004
849034
849035
849046
849270
849288
849338
849378
849380
849535
849549
849558
849575
849660
849775
850025
850570
850579
850628
850759
850852
851021
851029
851086
851403
851435
851562
851742
851764
851770
851856
852094
852328
852525
852530
852732
852743
852766
852842
852857
853029
853272
853342
853358
853377
853402
853529
853546
853548
853618
853637
853659
853677
853744
853795
853844
853939
854022
854061
854116
854158
854233
854250
854256
854335
854621
854680
854813
854966
854980
855248
855278
855291
855406
855408
855412
855468
855471
855558
855758
855834
856024
856046
856088
856217
856373
856400
856633
856638
856844
856879
856909
856991
857015
857046
857392
857601
857685
857909
857915
858025
858036
858229
858277
858371
858424
858427
858456
858472
858483
858509
858577
858616
858821
858931
859019
859230
859302
859426
859483
859493
859575
859595
859664
859841
859848
859851
859940
859956
860027
860140
860168
860249
860307
860579
860640
860706
861017
861082
861095
861130
861425
861455
861585
861591
861785
861894
862278
862291
862634
862674
862687
862846
862912
863028
863030
863035
863166
863657
863743
863918
863992
864122
864250
864277
864340
864341
864613
864655
864671
864860
864941
864949
864956
864992
865525
865632
866060
866118
866121
866168
866178
866209
866216
866236
866261
866408
866540
866696
866700
866809
866812
867048
867070
867264
867526
867612
867898
868178
868206
868281
868308
868574
868583
868590
868668
868722
868798
868859
868880
869122
869143
869330
869381
869441
869573
869575
869915
869942
870149
870188
870248
870448
870454
870466
870759
870814
870839
870903
871039
871176
871237
871768
871783
871851
871866
871909
871931
872002
872142
872183
872244
872251
872259
872336
872372
872580
872766
872827
872958
872976
873011
873028
873031
873049
873158
873180
873267
873387
873717
873745
873837
874009
874061
874129
874315
874431
874599
874631
874772
875000
875063
875075
875114
875187
875226
875438
875617
875669
875722
875812
876158
876183
876210
876249
876255
876337
876372
876422
876596
876635
876781
876894
876937
877045
877140
877164
877193
877234
877540
877589
877660
877661
877783
877891
877991
878060
878159
878266
878313
878352
878632
878706
878779
878854
878929
879003
879025
879034
879212
879224
879354
879436
879451
879538
879607
879646
879655
879741
879754
879776
879818
879986
880230
880302
880376
880548
880552
880775
881001
881027
881062
881223
881549
881693
881764
881775
881793
882138
882294
882355
882471
882637
882822
882890
883135
883161
883197
883298
883475
883553
883582
883675
883726
883839
884043
884227
884336
884343
884788
884870
884912
884936
885366
885431
885487
885623
885649
885661
885716
885780
885901
885951
886000
886028
886105
886141
886173
886319
886337
886407
886584
886710
886765
886852
886863
886884
886924
887063
887211
887293
887341
887543
887997
888266
888400
888529
888640
888697
888935
888980
889070
889121
889367
889636
889823
890127
890232
890268
890284
890368
890490
890610
890792
890981
890983
891299
891475
891531
891651
891663
891666
891730
891855
892396
892530
892547
892652
892707
892922
892980
893003
893220
893254
893297
893508
893508
893561
893613
893635
893642
893670
893740
893785
893863
893904
894056
894149
894233
894354
894545
894656
894709
894719
894770
894791
894814
894953
895116
895118
895140
895360
895402
895547
895592
895701
895744
895939
895981
896173
896190
896207
896212
896316
896330
896478
896609
896654
896719
896757
896823
896862
896997
897152
897221
897238
897266
897269
897290
897498
897737
897859
897944
897946
898162
898175
898176
898269
898485
898515
898602
898701
898702
898757
899115
899207
899419
899644
899754
899889
899994
900022
900061
900251
900312
900421
900474
900512
900588
900589
900638
900824
900855
900863
900955
900986
900990
901276
901483
901500
901533
901644
901651
901781
901834
901916
902076
902081
902115
902126
902218
902300
902340
902443
902538
902564
902646
902768
902920
902925
903001
903016
903100
903172
903224
903618
903762
903790
903795
904179
904375
904415
904603
904638
904844
904874
904938
905003
905014
905082
905087
905117
905288
905413
905415
905418
905559
905573
905690
905795
905863
905957
906016
906164
906409
906425
906615
906682
906943
907114
907126
907201
907319
907364
907497
907545
907558
907738
907743
908083
908104
908142
908271
908386
908492
908532
908692
908828
908871
908956
909019
909029
909107
909331
909459
909493
909733
909850
910062
910112
910168
910236
910306
910489
910491
910531
910543
910794
910853
911130
911278
911514
911547
911642
911664
911721
911725
911743
911793
911813
911834
911943
912198
912284
912388
912392
912595
912617
912710
912719
912720
912748
912783
912850
912915
913007
913071
913085
913128
913219
913323
913451
913517
913538
913631
913693
913786
913843
914065
914287
914374
914376
914418
914431
914454
914515
914731
914752
914842
915059
915172
915326
915336
915360
915436
915445
915474
915532
915998
916005
916324
916465
916540
916547
916561
916566
916684
916706
916769
917066
917120
917370
917373
917412
917743
917982
918031
918039
918054
918084
918087
918438
918514
918598
918599
918640
918659
918784
918929
918992
919068
919120
919247
919262
919494
919532
919579
919679
919790
919833
919843
920041
920131
920155
920434
920541
920787
920982
921053
921091
921599
921950
921965
922081
922086
922235
922325
922444
922480
922500
922602
922611
922866
922993
923306
923385
923388
923545
923860
923896
923958
924098
924136
924155
924329
924517
924526
924528
924622
924649
924973
925184
925200
925252
925276
925281
925311
925417
925426
925669
925748
925791
925886
925907
926006
926048
926143
926244
926413
926611
926656
926790
926919
927151
927620
927798
927814
927972
928105
928683
928754
928817
928945
928952
928966
929037
929226
929264
929551
929601
929668
929828
929829
930195
930209
930213
930401
930485
930709
930949
930978
931043
931105
931211
931290
931439
931506
931568
931811
931933
932031
932087
932330
932521
932645
932757
932934
932945
933005
933068
933205
933323
933330
933338
933533
933584
933629
933761
933872
933937
934078
934184
934212
934797
934825
934881
934905
934930
934952
935062
935133
935136
935140
935141
935237
935267
935397
935459
935479
935658
935806
935932
935936
936054
936319
936330
936331
936360
936374
936417
936453
936462
936536
936561
936630
936658
936880
936959
936960
936985
937001
937067
937218
937290
937330
937401
937441
937621
937668
937677
937882
937897
938023
938412
938639
938764
938885
938892
938917
939063
939201
939242
939479
939630
939724
939820
940062
940104
940283
940387
940565
940653
940809
940828
940958
940975
940986
941140
941237
941427
941590
941852
941855
942110
942123
942400
942504
942607
942731
942913
942938
942971
943008
943326
943377
943435
943470
943978
944049
944396
944412
944462
944542
944559
944736
944797
945210
945287
945540
945606
945652
945841
946028
946045
946181
946192
946312
946321
946516
946553
946610
946646
946708
946842
947054
947158
947285
947498
947500
947525
947564
947626
947686
947799
947831
947989
948239
948272
948356
948371
948391
948675
948681
948682
948757
948768
948816
948883
948970
949180
949456
949626
949718
949806
949874
950056
950093
950130
950305
950481
950538
950644
950647
950877
950951
951015
951171
951432
951454
951464
951501
951662
951691
951805
952115
952174
952213
952225
952327
952428
952497
952657
952695
952778
952785
952811
952843
952897
953124
953125
953208
953252
953353
953656
953668
954078
954135
954163
954303
954476
954531
954584
954592
954647
954668
954767
954836
954980
955049
955107
955196
955443
955623
955766
956429
956837
956903
956913
957108
957230
957349
957361
957465
957567
957645
957667
957792
957924
957950
958189
958229
958394
958511
958575
958599
958605
958616
958683
958711
958834
958858
958902
958930
959024
959140
959214
959258
959384
959417
959441
959489
959534
959695
959948
959986
959995
960095
960211
960284
960295
960299
960302
960323
960427
960504
960774
960831
960835
961005
961246
961276
961473
961519
961680
962001
962002
962067
962171
962216
962229
962514
962555
962642
962720
962795
962855
962856
962932
963022
963082
963256
963496
963969
963970
963983
964123
964291
964395
964478
964579
964589
964632
964679
964827
964845
964876
964913
964980
965143
965334
965374
965376
965389
965407
965429
965667
965742
966160
966393
966436
966445
966640
966663
966742
966887
967268
967513
967660
967693
967782
967945
968013
968027
968045
968170
968306
968326
968362
968486
968493
968497
968554
968656
968748
968772
968824
968858
969146
969181
969295
969299
969424
969448
969490
969749
969769
969786
969847
969919
970115
970219
970342
970371
970491
970574
970581
970804
970855
970899
970935
970970
971011
971273
971307
971374
971822
971946
972036
972125
972255
972279
972421
972561
972598
972767
972814
972924
973133
973284
973482
973490
973533
973919
974045
974246
974328
974423
974460
974544
974633
974786
974830
974927
974999
975047
975161
975346
975392
975512
975584
975652
975793
975912
975988
975989
976130
976177
976270
976307
976374
976407
976471
976801
976807
976909
976920
977054
977524
977627
977639
977653
977693
977979
978081
978219
978484
978597
978643
978703
978741
978761
978764
979003
979050
979148
979166
979175
979392
979540
979562
979677
980107
980263
980336
980358
980478
980510
980642
980650
980781
980837
980906
980988
981147
981165
981240
981245
981392
981509
981531
981544
981565
981585
981698
981854
981901
981977
982010
982120
982131
982157
982269
982287
982297
982416
982550
982673
982701
982738
982917
983350
983897
983974
984008
984181
984477
984524
984822
984948
984974
985043
985074
985178
985272
985400
985440
985474
985481
985532
985646
985905
986068
986090
986231
986297
986305
986559
986860
987025
987081
987104
987265
987301
987395
987453
987578
987637
987663
987747
987753
987889
987902
988027
988113
988334
988392
988722
988824
989195
989243
989279
989347
989405
989452
989536
989613
989632
989653
990060
990244
990270
990397
990665
990801
990933
991033
991356
991862
991898
991998
992194
992558
992587
992674
992904
993010
993047
993413
993421
993508
993617
993884
993896
994122
994125
994190
994197
994338
994341
994554
994571
994609
994663
994897
994927
994997
995070
995081
995403
995428
995451
995459
995546
995634
995765
995945
995998
996049
996069
996074
996120
996126
996158
996406
996467
996478
996479
996735
996760
996783
996821
996832
997034
997073
997189
997238
997460
997515
997629
997734
997827
997842
998134
998167
998383
998516
998621
998692
998894
999007
999033
999128
999175
999446
999566
999595
999747
999797
999835
999882
999906
999913
