10000
210
273
314
328
345
436
464
490
622
637
644
655
766
869
886
920
947
977
1131
1152
1266
1419
1517
1928
1983
2069
2123
2436
2556
2569
2703
2788
2984
3007
3172
3235
3274
3301
3432
3504
3565
3766
3896
3958
4039
4081
4127
4129
4155
4173
4240
4350
4414
4455
4854
4860
4921
4925
4981
5064
5077
5139
5447
5483
5506
5592
5717
5829
6020
6043
6069
6081
6187
6294
6316
6606
6708
6774
6853
6904
7091
7172
7201
7235
7359
7391
7547
7560
7676
7691
7727
7764
7812
8092
8291
8391
8399
8526
8594
8637
8949
9056
9108
9415
9533
9825
9979
9998
10121
10284
10405
10838
11258
11348
11517
11578
11611
11851
12062
12064
12104
12148
12495
13099
13158
13267
13393
13592
13631
14039
14356
14434
14485
14595
14655
14696
14829
14898
14959
14964
15038
15219
15251
15479
15527
15546
15571
15701
15822
15987
16078
16245
16253
16510
16571
16663
16704
17074
17287
17674
17677
17698
17872
18019
18033
18522
18591
18708
18739
18762
18998
19015
19081
19103
19114
19187
19221
19270
19446
19481
19487
19746
19897
19908
19914
19987
20109
20134
20197
20317
20642
20682
20688
21076
21218
21279
21429
21981
22053
22084
22422
23001
23079
23115
23194
23290
23406
23423
23556
23633
23827
23873
24167
24187
24228
24229
24386
24554
24630
24648
24671
24709
24795
24804
24805
24831
24983
25115
25201
25222
25403
25421
25806
25807
25844
25958
26160
26202
26217
26402
26482
26566
26806
26815
27021
27249
27368
27464
27783
27996
28051
28093
28239
28265
28316
28331
28802
28845
28919
28996
29098
29143
29317
29333
29368
29407
29510
29563
29751
29950
30041
30088
30092
30191
30233
30288
30601
30648
30666
30751
31071
31181
31221
31225
31422
31428
31515
31700
31756
31831
31835
32122
32346
32563
32565
32772
32824
32856
33010
33028
33092
33093
33177
33456
33673
33712
33770
33832
33990
34279
34297
34326
34499
34527
34531
34537
34961
35093
35394
35440
35998
36024
36069
36449
36615
36734
36776
36793
36800
36912
36929
36948
37010
37108
37294
37373
37446
37786
37836
37907
37931
37994
37998
38000
38084
38152
38186
38240
38372
38570
38605
38717
38790
38993
38995
39190
39255
39264
39576
39606
39745
39753
39858
39959
40137
40148
40187
40361
40610
40649
40653
40802
40904
40928
41022
41168
41279
41336
41596
41619
41652
41671
41718
41952
42547
42879
43001
43039
43124
43202
43301
43387
43398
43457
43653
43793
44018
44087
44156
44299
44322
44553
44620
44871
44928
45016
45108
45161
45210
45276
45293
45297
45569
45783
45837
46168
46349
46403
46525
46604
46618
46641
46642
46912
46937
46996
47082
47084
47229
47235
47428
47443
47523
47539
47900
47942
47949
47992
48190
48218
48337
48370
48446
48517
48530
48564
48626
48758
48763
48811
48817
48824
48970
49001
49061
49090
49161
49234
49234
49327
49354
49379
49432
49479
49628
49766
49896
49940
50039
50229
50335
50372
50415
50630
50651
51049
51070
51129
51504
51607
51705
51785
51798
51957
52000
52129
52182
52608
52634
52696
52712
52835
52848
52929
53007
53262
53303
53336
53364
53408
53483
53809
53835
53889
53903
54074
54094
54148
54224
54297
54367
54420
54441
54455
54476
54706
54770
54830
54900
54976
54977
55024
55230
55272
55286
55287
55293
55339
55355
55572
55753
55899
55934
56002
56016
56536
56697
56816
56927
56996
57095
57099
57107
57330
57437
57551
57646
57659
57826
58212
58236
58298
58344
58595
58602
58814
59177
59215
59353
59590
59632
59823
60183
60324
60389
60643
60710
60750
60869
61010
61101
61142
61154
61194
61301
61314
61337
61353
61424
61503
61627
61685
61762
61831
61988
62042
62070
62077
62215
62296
62296
62324
62388
62569
62630
62666
62795
62902
62954
62978
63251
63485
63735
63744
63813
63921
63932
63969
63999
64121
64267
64424
64494
64643
64645
64717
64790
64858
64887
64914
64982
65352
65741
65787
65791
66315
66331
66493
66573
66711
66753
67040
67152
67179
67189
67214
67217
67241
67275
67327
67374
67393
67564
67586
67641
67683
67684
67940
68279
68509
68565
68599
68633
68721
68863
69002
69103
69162
69340
69391
69524
69535
69541
69759
70411
70427
70505
70612
70736
70859
70884
70959
71165
71363
71365
71369
71472
71596
71632
71636
72045
72428
72429
72438
72573
72720
72755
72774
72895
72906
73047
73188
73240
73260
73504
73512
73701
73819
74216
74369
74385
74437
74458
74462
74559
74719
74727
75019
75039
75345
75502
75595
75691
75713
75825
75941
76149
76157
76533
76676
76833
76870
77017
77078
77170
77174
77183
77419
77437
77733
77739
77780
77804
77846
78075
78115
78371
78436
78565
78625
78657
78743
78827
78909
79108
79150
79298
79398
79612
79736
79767
79811
79833
79840
79860
80086
80205
80752
80827
80953
81048
81063
81248
81435
81458
81463
81512
81606
81733
81912
81963
81998
82059
82181
82301
82485
82566
82605
82611
82612
82686
82732
82849
83117
83261
83305
83482
83575
83625
83733
83784
83868
83883
84038
84084
84108
84129
84237
84589
84798
84828
85422
85477
85522
85566
85570
85811
85948
86081
86173
86196
86371
86536
86573
86588
86997
87008
87021
87064
87129
87157
87165
87173
87199
87233
87354
87926
87956
88024
88121
88148
88468
88512
88629
88767
89062
89166
89215
89248
89265
89361
89425
89565
89572
89725
89783
89963
90073
90102
90241
90270
90325
90362
90386
90465
90573
90766
90886
91240
91375
91499
91546
91609
91646
91720
91776
92005
92032
92064
92139
92164
92216
92514
92544
92775
92809
92913
92986
93009
93145
93212
93259
93342
93395
93510
93763
93891
93923
94008
94032
94035
94210
94241
94248
94270
94290
94355
94380
94788
95012
95144
95216
95277
95320
95321
95327
95401
95498
95644
95649
95753
96076
96077
96130
96160
96205
96240
96410
96460
96613
96679
96794
96800
97090
97112
97155
97463
97473
97604
97609
97713
97813
97820
98036
98226
98402
98610
98622
98935
99061
99322
99533
99659
99773
99953
100011
100120
100181
100309
100612
101166
101303
101319
101633
101689
101728
101809
101811
102028
102048
102107
102189
102460
102668
102740
102805
102941
103092
103226
103273
103293
103356
103387
103929
103960
103993
104324
104413
104430
104450
104571
104650
104694
104703
104914
104981
104987
105073
105106
105128
105161
105573
105578
105619
105622
105658
105767
106154
106232
106299
106444
106487
106546
106564
106763
106877
106878
107058
107160
107487
107493
107532
107833
107865
107985
108004
108031
108088
108159
108160
108202
108292
108404
108563
108818
109061
109174
109192
109505
109548
109613
109652
109789
109869
109873
110086
110182
110332
110414
110555
110730
111236
111260
111374
111502
111522
112156
112588
112777
112810
112982
113111
113165
113301
113348
113516
113531
113621
113665
113685
113691
114136
114192
114272
114389
114404
114723
114742
114899
115405
115486
115553
115612
115619
115652
115694
115778
115959
116033
116156
116270
116524
116604
116633
116639
116704
116874
116992
117247
117375
117704
117709
117756
117758
118167
118330
118641
118900
119048
119091
119141
119190
119207
119225
119327
119474
119483
119601
119665
119668
119681
119843
119877
120079
120152
120290
120331
120402
120417
120553
120676
120808
120887
120969
120993
121064
121149
121224
121310
121494
121676
121818
121862
122087
122133
122174
122267
122298
122447
122507
122586
122600
122801
122849
123018
123135
123136
123142
123235
123243
123484
123628
123645
123661
123891
124071
124199
124231
124231
124498
124739
124773
124790
124840
124991
125044
125086
125214
125259
125287
125389
125464
125465
125513
125541
125556
125659
125674
126045
126171
126173
126186
126210
126331
126552
126562
126759
127006
127061
127095
127157
127205
127222
127694
127825
127846
127914
127916
128113
128123
128281
128400
128423
128424
128444
128494
128536
128565
128648
128666
128765
128978
129124
129216
129331
129459
129471
129566
129601
129730
129802
129871
129968
130146
130222
130268
130319
130574
130658
130660
130761
130834
131046
131268
131410
131536
131645
131701
131804
131918
131939
131944
131989
131997
132005
132246
132551
132553
132836
132840
132853
132865
133073
133134
133296
133590
133610
134129
134381
134482
134593
134599
134721
134802
134803
134928
134945
135029
135194
135240
135310
135362
135405
135519
135575
135747
135824
135851
136019
136239
136372
136382
136463
136510
136637
136701
136846
136862
136947
136992
137202
137285
137326
137610
137635
137767
137954
138074
138080
138084
138236
138238
138261
138262
138308
138340
138360
138471
138537
138538
138586
138618
138847
138890
138907
139441
139506
139581
139714
139753
139826
139851
139921
139972
140038
140096
140248
140248
140339
140359
140524
140572
140605
140697
140770
140785
140856
141016
141101
141169
141197
141244
141479
141580
141661
141735
141849
141960
142013
142054
142288
142415
142454
142585
142772
142798
142907
143181
143228
143245
143375
143441
143527
143736
143855
144097
144232
144310
144429
144505
144633
144687
144694
144718
145114
145144
145158
145203
145211
145231
145298
145433
145441
145510
145598
145705
145958
146151
146237
146271
146597
146706
146778
146818
146833
146988
147099
147195
147323
147327
147327
147329
147391
147444
147484
147507
147678
147780
147803
147842
148039
148243
148297
148396
148575
148765
148847
148898
148995
148997
149328
149344
149380
149577
149692
149820
149840
150118
150180
150327
150440
150474
150572
150649
150817
150880
150974
151025
151089
151323
151351
151353
151460
151724
151749
151775
151830
151841
151850
151859
151877
152085
152097
152133
152165
152196
152440
152537
152581
152655
152797
152950
153028
153089
153112
153137
153351
153417
153543
153800
153810
153971
154010
154150
154228
154311
154508
154528
154547
154664
154675
154788
154891
155125
155160
155207
155281
155293
155326
155407
155561
155708
155801
155859
155963
155992
156018
156341
156353
156379
156380
156518
156591
156610
156739
156755
156868
156973
156994
157160
157195
157204
157301
157365
157448
157454
157553
157787
157862
157892
158251
158358
158588
158747
158766
158882
158889
158983
159129
159193
159257
159436
159466
159531
159709
159710
159801
159981
160168
160418
160450
160541
160656
160979
161063
161206
161219
161360
161500
161630
161697
161842
161943
161957
161965
162148
162177
162181
162335
162366
162434
162547
162865
162983
163034
163049
163055
163062
163176
163316
163415
163478
163502
163536
163626
163744
163791
164120
164146
164276
164381
164405
164534
164613
164653
164782
164947
165024
165028
165030
165121
165575
165911
166109
166347
166493
166598
166665
166688
167004
167299
167326
167334
167344
167381
167520
167528
167552
167603
167689
167703
167726
167797
167844
168111
168267
168321
168356
168574
168578
168593
168668
168841
168954
169042
169077
169102
169130
169270
169554
169653
169804
169933
169969
170094
170214
170333
170367
170490
170594
170711
170898
170924
170978
171130
171328
171474
171602
171854
172000
172017
172485
172491
172839
173003
173054
173060
173375
173525
173657
173761
173805
173837
173852
174019
174046
174730
174857
174940
174955
175027
175034
175312
175346
175368
175408
175572
175599
175662
175783
175820
175919
175953
176025
176165
176343
176397
176466
176473
176480
176520
176574
176613
176650
176931
177052
177071
177101
177187
177259
177361
177651
177683
177774
177778
177840
178095
178122
178154
178308
178461
178607
178735
179030
179075
179138
179164
179170
179302
179344
179500
179516
179519
179652
179762
179920
180099
180122
180296
180310
180331
180347
180353
180380
180425
180513
180551
180602
180612
180649
180666
180727
180895
181040
181102
181117
181346
181446
181544
181688
181702
181757
181766
181884
181885
181906
182017
182117
182141
182257
182384
182433
182446
182464
182489
182625
182741
183370
183505
183739
183957
183993
184189
184480
184665
184740
184765
185013
185060
185774
185839
185876
185934
185948
185992
185994
186430
186462
186540
186674
186798
187282
187380
187404
187412
187498
187525
187643
187672
187852
187982
188166
188181
188246
188333
188470
188529
188712
188754
188896
188926
188991
189135
189280
189450
189458
189778
189803
189887
190126
190158
190203
190207
190236
190238
190439
190454
190464
190507
190675
190843
190896
190899
190899
190947
191084
191191
191192
191303
191337
191392
191393
191486
191509
191742
191754
191778
191784
191821
191963
191984
192141
192543
192543
192553
192613
192834
192990
193118
193180
193286
193376
193499
193543
193638
193783
193830
193870
193892
193971
194061
194146
194186
194302
194351
194477
194511
194573
194575
194704
194782
194796
194812
194900
195151
195223
195240
195399
195607
195766
195767
195791
195793
195795
196000
196080
196133
196330
196421
196682
196721
196868
196900
197008
197057
197087
197183
197436
197481
197481
197533
197569
197639
197679
197716
198203
198219
198298
198333
198386
198408
198495
198530
198562
198678
198892
198933
199058
199156
199335
199444
199616
199649
199676
199699
199749
199848
199852
199910
199922
199954
199964
199983
200005
200045
200134
200306
200321
200478
200626
200666
200891
200928
201266
201649
201699
201716
202105
202287
202387
202422
202586
202635
202766
203039
203057
203336
203485
203538
203573
203637
203676
203811
203905
203910
204079
204239
204494
204634
204962
205149
205457
205531
205690
205871
206090
206141
206295
206307
206326
206332
206371
206389
206532
206637
206640
206651
206706
206833
206909
206969
207158
207362
207376
207468
207533
207580
207678
207715
207785
207832
207870
208036
208058
208133
208177
208180
208242
208282
208335
208415
208508
208673
208772
208846
208900
208978
209002
209108
209123
209344
209533
209947
209964
210029
210079
210183
210270
210278
210406
210420
210457
210543
210824
210959
211060
211282
211298
211476
211576
211715
211810
211864
212028
212231
212305
212386
212600
212632
212638
212664
212689
212691
212960
212989
213053
213057
213203
213231
213322
213434
213448
213568
213689
213697
213721
213885
213907
214039
214113
214128
214189
214789
214882
214969
215173
215587
215657
215707
215884
215956
216326
216338
216369
216423
216673
216786
216963
217032
217050
217112
217273
217320
217349
217512
217524
217579
217618
217639
217785
217787
217841
217877
217896
218029
218255
218327
218384
218458
218567
218577
218634
218671
218767
218838
218882
218888
218890
218905
218947
219115
219398
219586
219595
219644
219689
219905
219981
220210
220215
220341
220371
220431
220498
220980
220999
221152
221154
221200
221432
221535
221738
221862
221885
222149
222237
222333
222513
222513
222518
222531
222628
222630
222829
223065
223364
223472
223599
223722
223783
223922
223981
224102
224204
224217
224272
224482
224583
224761
224926
224992
225058
225100
225234
225387
225400
225430
225529
225555
225570
225833
225884
225889
225935
226023
226478
226529
226561
226712
227113
227139
227232
227317
227326
227354
227740
227906
228292
228322
228509
228554
228609
228736
228845
228991
229179
229192
229409
229470
229552
229786
229830
229836
230053
230156
230938
230991
231365
231426
231650
231689
231731
231738
231739
232054
232174
232347
232353
232446
232529
232565
232573
232602
232687
232743
232792
232884
232975
232980
233022
233110
233229
233232
233253
233294
233306
233352
233441
233442
233483
233573
233853
233864
234015
234017
234083
234088
234108
234162
234212
234342
234483
234553
234675
234878
235064
235089
235124
235172
235306
235603
235752
235984
236119
236287
236367
236386
236527
236587
236636
236897
237112
237168
237179
237571
237752
237754
237774
237834
237999
238195
238282
238310
238742
238856
238918
239223
239480
239515
239521
239639
239665
239842
239845
239850
239868
239940
239968
240050
240393
240752
240767
240864
240935
241143
241186
241233
241431
241437
241467
241543
241551
241682
241757
241838
242042
242507
242660
242898
242918
242959
242966
243040
243375
243380
243623
243765
243937
244252
244422
244483
244489
244639
244659
245100
245147
245243
245324
245394
245543
245658
245759
245941
245990
246054
246199
246502
246524
246662
246707
246723
246785
246823
246906
247022
247188
247207
247310
247312
247376
247377
247535
247563
247579
247754
247900
247914
247934
248079
248146
248146
248216
248317
248446
248501
248625
248652
248702
248812
248832
248948
249197
249223
249266
249513
249607
249651
249667
249711
249752
249785
249822
249877
250066
250164
250173
250219
250317
250636
250768
250872
250934
250993
251025
251091
251140
251197
251220
251366
251453
251563
251849
251943
251987
252074
252474
252511
252720
252908
252927
252947
252954
252956
252962
253348
253780
253805
253995
254041
254103
254129
254354
254416
254670
254752
254839
255003
255052
255057
255187
255214
255400
255414
255414
255534
255567
255571
255668
255671
255776
255789
255840
255943
255976
255979
256180
256248
256296
256651
256769
256807
256873
257007
257026
257073
257306
257306
257382
257457
257620
257645
257727
257738
257784
258096
258181
258201
258475
258559
258563
258568
258577
258829
258955
259052
259205
259296
259622
259716
259810
259829
259859
260035
260197
260482
260641
260687
260703
260746
260798
260860
260986
261109
261155
261425
261581
261732
262223
262312
262313
262515
262705
263215
263381
263408
263527
263684
263922
263928
263936
263977
263984
264092
264098
264132
264139
264282
264307
264310
264367
264367
264488
264525
264569
264816
264897
265149
265156
265386
265399
265508
265552
265554
265599
265690
265699
265814
265889
265889
265935
265971
265997
266074
266176
266192
266259
266306
266402
266549
266581
266708
266925
266995
267387
267553
267560
267574
267710
267922
268084
268091
268203
268230
268346
268348
268420
268743
268755
268770
268772
268774
268967
268979
269002
269074
269205
269378
269395
269572
269628
269687
269795
269813
270193
270228
270306
270367
270436
270461
270510
270761
270915
270926
271494
271516
271592
271634
271704
271994
272251
272273
272385
272442
272537
272644
272872
272980
273021
273190
273395
273411
273473
273652
273656
273717
273780
273814
274071
274179
274245
274258
274291
274354
274380
274515
274531
274537
274591
274615
274856
274982
275045
275151
275388
275422
275435
275559
275564
275766
275852
275929
275947
276094
276100
276420
276448
276465
276505
276669
276866
277004
277313
277339
277433
277527
277597
277659
277671
277723
277822
277901
277995
278029
278076
278157
278514
278649
278696
278701
278701
278750
278824
278858
279139
279149
279298
279409
279448
279567
279647
279700
280177
280189
280527
280573
280577
280718
281124
281124
281198
281203
281282
281339
281358
281362
281532
281565
281657
281856
281996
282026
282080
282117
282134
282143
282192
282214
282329
282340
282486
282502
282516
282561
282598
282768
283351
283456
283487
283737
283747
284155
284158
284263
284286
284320
284409
284412
284564
284621
284747
284769
284911
284975
285052
285144
285291
285481
285503
285644
285666
285710
285730
285812
286168
286204
286233
286341
286385
286652
286680
286734
286739
286826
286835
286957
286979
287162
287356
287413
287439
287449
287640
287695
287761
287776
287786
288026
288343
288350
288421
288543
288569
288659
288674
288815
288837
288883
289066
289080
289242
289247
289256
289259
289261
289272
289300
289364
289369
289464
289531
289576
289581
289640
289875
289892
289983
290061
290260
290386
290482
290531
290581
290654
290723
290851
290932
291107
291167
291304
291376
291381
291495
291532
291607
291658
291852
291921
291998
292041
292316
292389
292429
292659
292723
292793
292849
292864
293011
293121
293177
293245
293257
293314
293372
293374
293376
293397
293476
293605
293629
293789
293811
293915
293979
293992
294130
294132
294153
294173
294227
294228
294441
294473
294512
294573
294642
294658
294692
294804
294973
295030
295062
295290
295381
295404
295446
295555
295601
295601
295634
295698
295838
295912
295928
296048
296066
296168
296313
296386
296521
296719
296763
296836
296988
297012
297085
297092
297127
297226
297235
297282
297452
297542
297652
297681
297773
297826
297852
297887
297922
297972
298160
298252
298255
298462
298507
298559
298626
298769
298828
299024
299142
299321
299325
299409
299808
299959
300055
300305
300344
300370
300438
300558
300565
300706
300752
300904
300970
301251
301261
301274
301460
301599
301616
301716
301856
301909
301967
302100
302160
302217
302218
302253
302913
302982
303164
303193
303230
303253
303276
303349
303354
303762
303767
303819
303890
303945
304011
304043
304233
304517
304705
304769
304933
305055
305156
305187
305189
305323
305398
305517
305623
305655
305684
305861
305884
305915
305937
306234
306323
306351
306544
306559
306711
306769
306900
306922
307126
307240
307357
307464
307482
307602
307633
307642
307683
307764
307771
307795
307924
308060
308200
308201
308249
308375
308602
308719
308955
309055
309163
309176
309251
309297
309300
309389
309524
309589
309677
309697
309711
309820
309843
310305
310404
310486
310503
310570
310712
310722
310810
310961
311013
311194
311215
311255
311386
311530
311596
311608
311837
312006
312105
312325
312371
312399
312494
312698
312805
312908
312928
313065
313147
313178
313213
313254
313302
313307
313338
313379
313423
313507
313523
313600
313638
313670
314089
314147
314283
314338
314862
315152
315156
315242
315246
315417
315626
315646
315646
315691
315751
315834
315838
315839
315966
316295
316296
316471
316739
316809
316852
316992
317011
317027
317088
317190
317371
317594
317664
317708
317751
317840
317928
318102
318175
318441
318573
318748
319020
319272
319281
319469
319488
319625
319712
319776
319804
319825
319827
319828
319882
319886
320017
320149
320169
320465
320475
320564
320657
320701
320881
320902
321134
321323
321445
321558
321656
321716
321746
321762
321767
321873
321935
322117
322275
322351
322411
322423
322443
322772
322811
322866
322875
322923
323087
323144
323302
323321
323324
323713
323878
323922
324478
324502
324513
324615
324684
324715
324744
324998
325111
325147
325673
325877
325902
325989
325993
326113
326288
326379
326464
326483
326533
326563
326594
326698
326715
326818
326843
326858
326875
326929
326958
327032
327056
327081
327126
327147
327171
327182
327329
327440
327498
327604
327934
327976
328054
328148
328267
328285
328347
328367
328402
328532
328571
328577
328807
328828
329075
329105
329119
329309
329459
329489
329528
329572
329585
329591
329911
329933
330081
330156
330263
330296
330327
330544
330654
330989
331069
331174
332142
332151
332221
332518
332699
332761
332781
332814
332880
333331
333456
333485
333527
333583
333807
333877
333989
334066
334135
334155
334243
334361
334712
334883
335150
335152
335317
335355
335773
335808
335830
335899
335962
335988
336008
336116
336201
336308
336348
336366
336532
336693
336742
336849
336867
337032
337208
337532
337548
337660
337736
338023
338167
338212
338339
338512
338585
338618
338663
338711
338824
338982
339091
339186
339232
339238
339315
339470
339526
339587
339772
339948
339960
340014
340031
340180
340276
340475
340570
340572
340643
340672
340691
340792
340833
340840
340904
341013
341062
341073
341127
341401
341431
341440
341515
341552
341572
341764
341880
341944
342114
342147
342239
342255
342326
342457
342555
342589
342627
342722
342818
342961
343044
343686
343690
343694
343707
343719
343773
343891
343996
344082
344175
344217
344700
344712
344745
344831
345012
345031
345528
345544
345623
345685
345720
345730
345799
346087
346172
346174
346180
346324
346457
346498
346588
346649
346907
346975
346982
347032
347121
347203
347285
347452
347767
347774
347889
347925
347993
348076
348135
348253
348437
348590
348746
348864
349122
349557
349591
349597
349646
349714
349731
349906
349969
350012
350164
350350
350455
350483
350526
350734
350779
350822
350963
351152
351195
351220
351221
351300
351353
351531
351588
351597
351658
351693
351776
351891
351999
352105
352258
352540
352721
352742
352913
353006
353140
353337
353348
353352
353385
353420
353466
353618
353791
353858
353890
353947
354002
354198
354226
354332
354448
354672
354698
354870
355199
355301
355387
355465
355635
355719
355867
355868
356012
356104
356215
356405
356424
356516
356744
356749
356751
356840
357049
357052
357305
357325
357392
357505
357895
357988
358322
358359
358421
358478
358504
358549
358564
358644
358799
358879
358909
359131
359264
359307
359553
359652
359741
359840
359897
359932
359993
360091
360094
360113
360142
360183
360364
360600
360634
360691
360768
360930
361042
361043
361072
361139
361220
361421
361429
361443
361466
361572
361616
361738
361789
361847
361857
362012
362234
362254
362283
362326
362384
362564
362612
362801
362861
362864
362905
363021
363087
363125
363223
363364
363450
363464
363618
363748
363763
363845
363874
363906
363940
364126
364139
364241
364590
364595
364673
364730
364773
364787
364819
364832
364842
365015
365051
365153
365241
365245
365426
365599
365600
365782
365808
366587
366588
366638
366665
366786
366797
366851
366987
367151
367341
367468
367571
368104
368123
368182
368299
368355
368533
368647
368831
368933
369137
369310
369483
369516
369907
370036
370148
370215
370281
370320
370410
370510
370516
370567
370611
370969
371036
371071
371145
371147
371153
371350
371372
371793
371919
371970
372117
372184
372200
372561
372622
372641
372780
372792
373147
373196
373280
373469
373581
373696
373701
373740
373817
374111
374117
374479
374679
374679
374694
374802
374901
374931
375096
375270
375287
375522
375608
376066
376206
376227
376320
376328
376363
376434
376517
376636
376693
376947
376992
377056
377166
377206
377266
377476
377627
377689
377699
377814
377905
378025
378426
378429
378503
378710
378809
378823
378836
379131
379158
379187
379481
379745
379751
379756
379961
380116
380136
380375
380410
380606
380666
380786
381031
381041
381053
381181
381241
381328
381358
381452
381549
381879
382084
382112
382166
382202
382348
382450
382791
382805
382854
382931
382964
382968
383142
383181
383269
383334
383371
383519
383542
383591
383651
383652
383729
383803
383844
384144
384150
384312
384340
384383
384400
384484
384888
384988
385096
385127
385203
385219
385364
385383
385395
385431
385607
385641
385668
385708
385735
385783
385789
385793
385869
386097
386128
386132
386299
386340
386608
386611
386634
386676
386680
386809
386968
387187
387526
387647
387807
387943
387985
388033
388091
388277
388325
388401
388479
388487
388554
388675
388705
388706
388841
388850
388888
388911
389170
389269
389493
389601
389646
389770
390259
390273
390716
390735
390862
390897
390926
390950
391096
391139
391176
391177
391349
391352
391414
391509
391557
391579
391669
391947
392097
392335
392375
392391
392495
392509
392618
392624
392648
392658
392664
392710
392715
392763
393042
393054
393067
393090
393200
393439
393485
393655
393663
393669
393795
393906
393962
393979
393996
394005
394111
394373
394484
394571
394609
394793
394860
395099
395103
395131
395242
395277
395409
395493
395529
395620
395676
395738
395773
395775
396295
396361
396388
396411
396636
396906
396971
397052
397053
397161
397180
397240
397290
397431
397464
397568
397776
398010
398054
398214
398307
398420
398715
398746
398834
399005
399131
399204
399207
399266
399368
399552
399695
399719
399785
399949
399981
400016
400089
400109
400488
400501
400663
400762
400869
401037
401061
401081
401111
401146
401149
401176
401269
401274
401489
401617
401816
401831
402158
402188
402224
402253
402283
402293
402295
402300
402384
402517
402521
402526
402629
402688
402761
402813
402842
402916
402989
403054
403127
403326
403390
403686
403767
403967
404015
404092
404253
404333
404354
404494
404521
404726
404893
404996
405017
405021
405179
405243
405300
405623
405675
405791
406009
406381
406408
406516
406523
406588
406625
406739
406798
406857
406919
406928
406982
406987
407115
407132
407207
407574
407606
407647
407744
407748
407868
407919
408002
408027
408330
408512
408517
408517
408592
408678
408717
408888
409152
409344
409455
409610
409693
409774
409782
409789
409847
409884
409972
410009
410050
410112
410131
410247
410282
410294
410531
410539
410550
410693
410924
410959
411049
411068
411129
411173
411177
411183
411280
411479
411622
411690
411697
412012
412181
412203
412254
412335
412440
412603
412628
412645
412714
412752
412828
412868
412883
412916
413116
413178
413245
413350
413424
413498
413592
413973
414010
414224
414226
414237
414526
414595
414605
414627
414740
414821
414880
414904
415041
415282
415315
415391
415399
415521
415600
415648
415656
415697
415720
415825
415871
416133
416155
416171
416175
416254
416288
416325
416471
416629
416707
416858
417027
417128
417164
417360
417365
417491
417498
417687
417712
417778
417800
417821
417846
417859
417922
418005
418029
418120
418187
418238
418255
418377
418388
418483
418493
418502
418611
418651
418820
418825
419233
419320
419344
419449
419498
419507
419511
419735
419936
420010
420458
420484
420520
420999
421095
421120
421182
421279
421365
421403
421442
421446
421461
421578
421626
421661
421675
421690
421710
421816
421894
421979
422245
422263
422294
422356
422501
422607
422651
422679
422708
422760
422883
423018
423031
423340
423414
423471
423615
423636
423654
423654
423686
423767
424162
424317
424325
424352
424424
424544
424635
424729
424811
424824
424859
424955
425097
425193
425216
425242
425355
425402
425454
425468
425496
425564
425616
425678
425698
425871
425908
425913
426121
426271
426418
426491
426561
426622
426758
426792
426796
427164
427598
427745
427780
427855
427979
428005
428012
428254
428276
428398
428633
428741
428832
428989
429094
429299
429439
429561
429561
429619
429769
429832
429867
429924
430034
430129
430133
430319
430397
430431
430443
430500
430606
430623
430709
430972
431088
431143
431181
431504
431519
431524
431577
431604
431681
431685
431718
432094
432112
432116
432152
432400
432420
432536
432617
432863
432941
433114
433172
433307
433368
433385
433398
433749
433816
433891
434166
434177
434195
434246
434487
434512
434528
434759
434811
434815
434836
434892
434906
434918
434961
434972
435006
435177
435294
435349
435569
435759
435814
435893
435901
436033
436041
436088
436235
436339
436373
436511
436838
436988
437006
437020
437064
437171
437178
437188
437190
437256
437321
437618
437820
438021
438120
438276
438544
438613
438627
438654
438749
438896
438969
438992
439016
439060
439238
439241
439487
439717
439831
439948
440369
440489
440562
440625
440628
440659
440740
440744
440910
440944
440954
440963
441025
441188
441247
441438
441533
441579
441601
441604
441617
441658
442022
442361
442400
442535
442607
442934
443154
443178
443231
443254
443258
443403
443456
443604
443688
443758
443844
443917
444002
444155
444209
444380
444397
444502
444594
444641
444712
445087
445090
445152
445311
445376
445464
445465
445712
445839
445939
446069
446152
446295
446300
446330
446433
446498
446551
446560
446688
446770
446771
446967
446969
447259
447415
447493
447530
447541
447641
447811
447817
447886
447897
447935
448220
448331
448339
448400
448513
448568
448619
448800
448871
449048
449086
449123
449166
449253
449423
449453
449484
449550
449805
449818
450080
450113
450113
450122
450341
450343
450357
450403
450416
450535
450673
450729
450954
451039
451065
451103
451241
451332
451358
451548
451761
451794
451831
452102
452143
452159
452181
452322
452335
452396
452418
452641
452655
452752
452766
453238
453358
453558
453583
453684
453869
453942
454055
454111
454245
454255
454523
454611
454914
454929
455033
455168
455274
455296
455427
455460
455578
455736
455869
455870
456358
456427
456443
456460
456487
456671
456680
456978
456998
457338
457378
457425
457439
457469
457554
457732
457787
457923
458186
458254
458272
458298
458464
458901
458911
458977
459014
459234
459275
459374
459399
459577
459632
459713
460006
460042
460115
460162
460269
460390
460410
460482
460530
460593
460670
460692
460848
460976
461025
461087
461119
461162
461184
461186
461238
461251
461480
461508
461529
461567
461664
461709
462008
462068
462125
462318
462413
462500
462549
462605
462613
463025
463068
463170
463306
463361
463437
463716
463735
463850
463936
464011
464160
464459
464567
464818
464842
464870
465045
465045
465061
465098
465117
465278
465338
465435
465452
465722
465745
465970
465975
466022
466025
466293
466477
466665
466760
466791
467198
467205
467221
467341
467434
467566
467599
467807
467926
467953
468340
468362
468365
468420
468539
468972
469020
469045
469153
469176
469183
469370
469430
469451
469556
469615
469731
470269
470313
470346
470400
470513
470701
470716
470850
470894
471299
471301
471322
471373
471486
471601
471714
472142
472244
472333
472630
473095
473315
473397
473412
473413
473449
473570
473607
473676
473699
473721
473843
474014
474075
474134
474386
474520
474639
474704
474801
474842
474859
474896
474975
474982
475010
475087
475168
475195
475256
475390
475521
475557
475750
475818
475920
475929
475989
475997
476653
476701
476712
476755
477030
477179
477318
477368
477418
477496
477612
477642
477661
477917
478154
478395
478648
478711
478882
479070
479113
479128
479270
479276
479363
479481
479493
479561
479686
480097
480127
480229
480244
480358
480674
480773
480992
481256
481453
481664
481744
481791
481926
482084
482591
482715
482735
482750
482846
482857
483091
483155
483285
483371
483553
483745
483769
483978
483979
484026
484067
484072
484384
484471
484510
484671
484721
484762
484830
484872
484887
484931
484937
484950
485064
485119
485142
485288
485399
485619
485694
485706
485731
485868
486049
486091
486222
486295
486364
486365
486397
487238
487349
487544
487592
487689
487765
487785
487791
487900
487921
488014
488120
488290
488300
488310
488369
488397
488598
488852
489093
489226
489240
489242
489248
489417
489425
489437
489531
489731
489772
489800
489816
489830
489846
489850
490103
490115
490174
490241
490578
490603
490748
490959
490983
491055
491151
491237
491317
491416
491466
491479
491634
491832
491886
491934
491994
492375
492407
492732
492772
492857
492860
492986
493031
493136
493159
493179
493645
493668
493670
493686
494027
494070
494225
494356
494505
494526
494753
494771
494870
494961
494987
495045
495088
495104
495263
495264
495469
495475
495516
495578
495979
496064
496086
496154
496203
496417
496533
496686
496773
496783
496871
496932
497093
497115
497118
497177
497187
497255
497269
497273
497280
497443
497481
497504
497640
497862
497869
497891
497921
498027
498173
498282
498457
498747
498845
498944
499048
499171
499188
499272
499380
499440
499488
499626
499716
499767
499956
500254
500463
500602
500649
500802
500901
500957
500971
501143
501255
501296
501611
501715
501753
501858
501939
501982
502037
502044
502075
502119
502155
502163
502628
502674
502746
502769
502814
502837
502899
503016
503082
503223
503280
503361
503513
503934
503988
504031
504079
504105
504132
504203
504275
504375
504407
504472
504507
504564
504668
504685
504704
504729
504794
504805
504900
504969
505240
505393
506229
506234
506286
506291
506534
506553
506715
506719
506757
506881
506933
506959
507019
507148
507251
507337
507475
507527
507736
507833
507860
507925
507939
508072
508160
508207
508251
508332
508509
508586
508664
508773
508909
508950
509064
509222
509271
509316
509579
509671
509798
509970
509992
510128
510226
510441
510499
510531
510593
510817
510851
510882
510998
511107
511242
511447
511460
511673
511699
511825
511978
511995
512007
512183
512320
512328
512535
512785
512911
512934
513020
513050
513057
513092
513302
513358
513396
513436
513457
513505
513562
513674
513848
513906
513984
514108
514250
514257
514470
514512
514872
514993
515509
515680
516026
516165
516241
516373
516450
516469
516549
516564
516682
516727
516745
516763
516798
516804
516940
516952
516956
516959
516981
517067
517095
517102
517134
517172
517426
517431
517435
517544
517627
517630
517850
518087
518364
518408
518505
518796
518850
518906
519243
519311
519312
519368
519513
519604
519649
519665
519862
519864
519922
519967
519991
520092
520109
520151
520230
520379
520614
520659
520700
520706
520730
520756
520876
520890
520918
521144
521192
521267
521397
521487
521492
521504
521516
521607
521626
521789
521808
521841
521895
521975
522250
522452
522486
522624
522684
522770
522773
522823
522927
523018
523054
523076
523078
523095
523168
523187
523191
523206
523428
523482
523560
523563
523611
523860
523965
523980
524107
524453
524546
524663
524731
524737
524784
524908
525055
525106
525386
525426
525512
525610
525644
525748
525787
525874
525957
526020
526255
526260
526282
526346
526505
526506
526517
526523
526797
526824
526872
526883
527003
527012
527165
527613
527645
527695
527747
527869
528086
528177
528194
528221
528409
528528
528820
528870
529057
529060
529110
529209
529227
529292
529423
529651
529669
529943
530017
530104
530168
530246
530499
530562
530625
530842
530932
531210
531269
531631
531650
531732
531774
531898
532004
532135
532409
532584
532621
532773
532814
532832
532848
533041
533072
533099
533116
533120
533251
533335
533441
533514
533558
533635
533880
533950
534002
534201
534201
534250
534361
534431
534474
534714
534831
534839
534937
535031
535090
535208
535210
535232
535506
535707
535756
535823
536181
536199
536243
536322
536485
536676
536805
536854
537044
537149
537220
537364
537380
537406
537548
537860
537861
537989
538099
538112
538115
538224
538244
538633
538677
538825
538915
539013
539085
539296
539312
539421
539472
539588
539796
539878
539928
540000
540090
540220
540755
540824
540846
540949
541509
541583
541879
541993
542006
542197
542228
542379
542572
542703
542743
542898
542951
543033
543243
543253
543288
543321
543382
543639
543642
543651
543663
543770
543885
543975
543993
544082
544166
544344
544463
544666
544733
544773
544953
545494
545530
545572
545590
546344
546369
546383
546690
546824
546869
547043
547099
547136
547387
547460
547561
547648
547880
547915
548013
548138
548196
548213
548343
548413
548500
548590
548627
548643
548656
548767
548866
549091
549122
549186
549317
549341
549633
549765
549896
549992
550319
550524
550620
550995
551182
551235
551364
551622
551631
551669
551738
551859
551920
551947
551957
552037
552117
552236
552420
552422
552506
552555
552582
552655
552666
552712
552721
552971
552999
553069
553182
553269
553295
553455
553511
553561
553657
553691
554069
554178
554296
554345
554421
554431
554543
554598
554624
554894
555252
555265
555272
555454
556028
556101
556127
556234
556351
556444
556562
556740
556772
556798
557163
557208
557494
557515
557589
557637
557841
558171
558227
558392
558553
558733
558949
558960
559024
559157
559459
559474
559812
559888
560209
560292
560580
560597
560617
560680
560696
560729
561161
561172
561255
561398
561551
561568
561830
561874
562048
562080
562087
562137
562180
562353
562476
562484
562548
562626
562701
562707
562736
562872
562897
562912
562959
563022
563050
563164
563187
563229
563357
563429
563480
563675
563815
563979
564025
564125
564127
564465
564604
564755
564858
565076
565177
565211
565256
565261
565284
565332
565428
565831
565943
565965
565968
565990
566043
566133
566351
566432
566437
566440
566458
566476
566500
566501
566607
566674
566767
566849
566863
566962
567217
567286
567369
567411
567472
567577
567581
567727
567788
567799
568102
568121
568174
568209
568214
568240
568312
568539
568596
568614
568687
568791
568840
568887
568953
569139
569255
569258
569377
569486
569502
569591
569654
569806
569861
569929
569952
570333
570433
570447
570658
570860
570923
570951
571214
571247
571414
571491
571571
571858
572028
572145
572277
572393
572566
572827
572914
572944
573091
573102
573227
573254
573347
573463
573487
573744
573887
573932
574017
574024
574078
574115
574179
574223
574241
574258
574311
574531
574595
574682
574694
574765
574891
574942
575018
575079
575105
575134
575134
575150
575271
575315
575384
575428
575460
575496
575603
575725
575777
575833
575864
575878
576240
576306
576346
576482
576485
576610
576657
576778
576857
576974
577187
577312
577408
577415
577706
577827
577834
578083
578153
578158
578163
578251
578258
578564
578646
578680
578749
578749
578764
578775
578953
578969
578970
579000
579142
579273
579305
579500
579510
579667
579810
579814
580021
580057
580167
580185
580258
580380
580385
580695
580894
580953
581060
581062
581091
581173
581311
581451
581561
581645
581800
581855
581867
582069
582159
582231
582251
582342
582458
582768
582781
582859
582917
583004
583146
583236
583332
583424
583494
583563
583668
583715
583854
583895
583909
583950
583990
584024
584155
584170
584224
584381
584597
584614
584848
584991
585038
585040
585115
585409
585454
585542
585584
585669
585748
585788
585812
585864
586082
586135
586377
586423
586475
586617
586742
586878
587012
587170
587658
587768
587823
587897
588013
588159
588215
588297
588317
588335
588356
588473
588480
588550
588587
588787
588944
588952
589325
589391
589417
589619
590012
590034
590093
590249
590281
590679
590794
590869
591196
591229
591247
591304
591392
591398
591429
591433
591664
591755
591765
591766
591767
591919
591929
592093
592259
592393
592401
592432
592454
592608
592661
593307
593349
593480
593755
593765
593933
594210
594346
594366
594442
594481
594494
594603
594664
594856
594964
594988
595221
595333
595376
595624
595789
595806
595822
595863
595872
595910
595926
596244
596340
596443
596508
596596
596647
596664
596988
597637
597682
597700
597740
597804
597901
597955
597974
598091
598130
598261
598441
598501
598680
598681
598844
599121
599298
599370
599378
599386
599421
599446
599607
599656
599728
599856
600056
600096
600118
600169
600224
600323
600342
600353
600495
600497
600603
600643
600645
600680
600731
600749
600815
601211
601211
601253
601352
601428
601656
601700
601778
602010
602156
602380
602405
602422
602440
602650
602700
602769
602819
603246
603387
603409
603432
603497
603798
603889
603918
604033
604067
604142
604318
604611
604770
604834
604936
605088
605156
605234
605259
605538
605666
605792
606197
606410
606412
606460
606487
606537
606626
606658
606731
606812
606911
606933
606943
607062
607155
607310
607371
607423
607446
607634
607673
607765
607896
607925
607938
607938
607988
608176
608296
608306
608414
608497
608667
608721
608723
608966
609099
609314
609363
609389
609409
609491
609507
609563
609660
610043
610047
610234
610245
610280
610520
610543
610567
610616
610631
610663
610738
610763
610910
611115
611222
611251
611396
611418
611512
611554
611597
611634
611740
611860
611900
611975
611994
611996
612003
612194
612344
612352
612481
612808
612915
613032
613036
613142
613163
613229
613253
613321
613580
613622
613651
613685
613857
613895
613947
614165
614214
614292
614318
614366
614825
614858
614942
615001
615115
615363
615700
615941
616021
616119
616351
616356
616427
616429
616586
616619
616640
616651
616704
616753
616787
616932
616939
617026
617106
617191
617427
617457
617573
617758
617777
617837
617863
617867
618171
618228
618249
618277
618396
618418
618548
618617
618648
618691
619037
619487
619562
619626
619638
619669
619726
619807
619944
619977
620036
620146
620197
620274
620730
620731
620777
620852
621072
621682
621712
621810
622004
622095
622217
622228
622419
622428
622448
622499
622639
622708
622916
622998
623133
623281
623368
623637
623725
623738
623760
624059
624065
624120
624152
624166
624190
624221
624235
624525
625029
625084
625139
625179
625197
625197
625261
625264
625290
625339
625412
625542
625581
625694
625697
625740
625761
625821
625907
626012
626340
626397
626411
626685
627050
627115
627128
627206
627276
627312
627461
627592
627873
628119
628146
628189
628197
628208
628229
628265
628347
628370
628522
628891
629048
629058
629100
629118
629334
629347
629354
629583
629644
629771
629834
630002
630238
630404
630732
630850
631174
631239
631261
631473
631500
631654
631691
632034
632097
632443
632482
632578
632590
632617
632638
632992
633109
633185
633234
633285
633291
633481
633679
633799
634210
634213
634331
634370
634594
634890
635027
635132
635242
635268
635416
635490
635507
635881
636087
636120
636173
636175
636247
636253
636337
636363
636402
636512
636731
636836
636849
636857
636902
637069
637075
637094
637193
637251
637381
637413
637495
637548
637584
637604
637708
637940
638220
638257
638307
638603
638624
638639
638809
638959
639050
639120
639138
639169
639285
639291
639372
639373
639477
639621
639689
639913
639987
640066
640153
640155
640162
640286
640439
640545
640675
640708
640726
640777
640788
640936
640973
640983
641044
641067
641096
641125
641140
641441
641461
641532
641627
641706
641761
641764
641797
641825
641967
642108
642173
642254
642379
642730
642807
642809
642851
642996
643032
643033
643201
643325
643464
643565
643617
643636
643760
643784
643890
644268
644282
644298
644341
644415
644444
644445
644462
644946
644957
644974
645398
645407
645627
645639
645656
645749
645919
645921
645956
646004
646038
646187
646233
646544
646679
646697
646843
646861
646888
646922
647073
647168
647283
647358
647491
647566
647570
647678
647734
647850
647866
648150
648277
648422
648506
648512
648609
648981
649032
649092
649124
649144
649198
649280
649366
649380
649395
649680
649726
649816
649903
649904
650060
650442
650469
650470
650505
650608
650669
650798
650916
650933
651049
651103
651246
651396
651600
651658
651684
651731
651948
652032
652244
652353
652574
652730
652883
652977
653001
653032
653046
653053
653230
653588
653603
653630
653631
653770
653961
653991
654190
654402
654612
654703
654732
654867
654881
655027
655038
655254
655307
655565
655584
655664
655840
655841
655864
656013
656040
656157
656248
656291
656320
656518
656539
656539
656627
656702
656878
656911
657809
657820
657857
657945
658202
658288
658396
658501
658610
658617
658640
658640
658679
658810
658902
659264
659281
659300
659302
659338
659360
659425
659504
659562
659667
659802
659804
659848
659869
660016
660102
660119
660169
660215
660448
660527
660624
660869
660922
661058
661090
661115
661117
661445
661510
661515
661745
661808
662190
662223
662356
662447
662647
662649
662653
662666
662764
662806
662814
662980
663094
663098
663166
663178
663612
663973
664270
664317
664338
664621
664646
664678
664901
665112
665242
665304
665444
665502
665654
665674
665687
665723
665903
665982
666176
666188
666436
666516
666554
666566
666743
666911
667112
667209
667631
667682
667778
667868
668064
668173
668197
668288
668356
668431
668521
668659
669179
669415
669571
669652
669693
669713
669844
670012
670037
670121
670188
670352
670483
670537
670544
670590
670722
670740
670756
670771
670944
671003
671201
671272
671745
671873
671883
672005
672069
672128
672144
672148
672399
672451
672489
672490
672596
672646
672680
672808
672934
673116
673140
673200
673220
673417
673496
673575
673578
673698
674039
674180
674376
674430
674483
674770
674828
674841
674987
675006
675141
675150
675214
675273
675378
675461
675471
675499
675748
675751
675814
675843
675889
676036
676090
676090
676175
676214
676260
676365
676483
676514
676585
676684
676697
676968
677088
677095
677216
677367
677558
677762
677771
677820
677824
677881
677932
677951
677988
678245
678406
678427
678458
678609
678854
678897
678944
678960
678961
679083
679173
679285
679314
679343
679420
679436
679624
679650
679683
679810
680211
680220
680221
680234
680279
680332
680552
680664
680694
680701
680750
680917
680975
681201
681285
681328
681425
681435
681480
681611
681633
681689
681716
681809
681812
681882
681999
682046
682119
682505
682888
683096
683165
683168
683435
683486
683574
683633
683723
683723
683765
683794
683872
683877
684580
684618
684715
684754
684879
685067
685152
685197
685224
685265
685303
685424
685514
685541
685691
685864
685982
686034
686149
686203
686223
686319
686365
686368
686552
686607
686705
686745
686903
686966
686989
687120
687287
687322
687325
687392
687454
687481
687585
687601
687764
687766
687840
687921
687925
688113
688139
688177
688182
688232
688286
688336
688402
688609
688783
688957
689030
689065
689222
689252
689253
689377
689416
689440
689689
689737
689747
689767
689806
689879
689963
689985
690012
690186
690277
690333
690334
690484
690638
690769
690788
690892
691055
691099
691225
691256
691268
691361
691467
691499
691566
691602
691606
691756
691771
691800
692070
692226
692266
692512
692713
692832
692916
692942
692982
693254
693282
693348
693406
693512
693534
693555
693620
693731
693912
693971
694159
694276
694276
694409
694410
694443
694530
694571
694600
694696
694879
694942
694968
695241
695275
695361
695395
695461
695566
695630
695641
695644
695727
695877
695887
696036
696128
696376
696379
696409
696819
697004
697021
697126
697277
697576
697600
697734
697744
697922
698011
698119
698205
698351
698417
698546
698675
698812
698897
699003
699050
699088
699159
699400
699410
699574
699671
699684
699717
699838
699855
700034
700111
700144
700156
700321
700321
700387
700422
700452
700490
700511
700558
700592
700607
700658
700785
701462
701660
701738
701757
701953
701995
702162
702318
702358
702395
702495
702733
702818
702964
703054
703215
703219
703910
703925
703940
704185
704274
704345
704402
704642
704828
704872
704955
705154
705293
705396
705407
705680
705715
705817
705839
705871
706117
706375
706563
706586
706686
706705
707040
707412
707549
707581
707703
707790
707868
707927
707984
708101
708293
708307
708941
708952
709414
709429
709429
709489
709575
709583
709800
709897
709997
710267
710331
710468
710493
710681
710764
710805
710902
711067
711141
711214
711233
711327
711554
712000
712040
712095
712143
712214
712242
712318
712764
713020
713024
713025
713285
713335
713375
713388
713398
713406
713416
713545
713566
713588
713606
713617
713624
713627
713744
713877
713892
713918
714012
714148
714154
714311
714554
714566
714580
714655
714828
714877
714951
715056
715058
715302
715312
715394
715467
715627
715743
715913
716016
716089
716228
716253
716412
716460
716511
716610
717055
717100
717125
717295
717329
717420
717439
717540
717696
717809
717937
717983
718050
718058
718282
718296
718307
718314
718458
718482
718509
718513
718514
718706
718734
718745
718816
718888
718924
719000
719062
719243
719353
719368
719568
719700
719842
719863
719912
719972
720145
720365
720484
720520
720533
720560
720756
721136
721273
721356
721356
721493
721674
721736
721768
721818
721923
722141
722385
722446
722546
722601
722611
722661
722733
722806
722894
722961
723109
723355
723457
723557
723566
723584
723615
723777
723826
723835
724115
724151
724169
724374
724382
724483
724564
724736
724767
724785
724844
724845
724862
725007
725019
725028
725086
725130
725164
725211
725397
725407
725423
725430
725504
725511
725520
725544
725657
725676
725695
725695
725718
725876
726165
726210
726379
726595
726611
726619
726847
726866
727021
727235
727469
727503
727740
727807
727843
727884
727941
727965
728004
728013
728278
728796
728831
729184
729464
729520
729593
729601
729631
729825
729888
729900
730143
730190
730215
730385
730548
730640
730752
730867
730898
731053
731076
731108
731137
731144
731245
731290
731344
731452
731603
731670
731890
731908
731947
732068
732214
732264
732288
732302
732321
732530
732620
732635
732770
732839
732843
732984
733008
733022
733179
733455
733500
733566
733601
733665
733789
733839
733901
734138
734174
734438
734508
734545
734812
734886
735074
735136
735177
735182
735239
735248
735354
735624
735795
735812
735976
736000
736083
736123
736217
736350
736360
736738
736759
736796
736882
737050
737238
737319
737455
737467
737509
737512
737620
737674
737919
738183
738414
738567
738761
738771
738941
739098
739107
739309
739370
739448
739673
739841
739896
740010
740204
740213
740287
740348
740360
740694
740776
740807
740871
741061
741308
741399
741430
741524
741728
741740
741810
742057
742272
742471
742573
742602
742666
742708
742858
742896
743055
743058
743235
743327
743331
743367
743525
743707
743776
743826
743836
743925
743985
743992
744085
744212
744462
744506
744765
744815
744819
744867
744911
744931
745023
745115
745171
745175
745188
745222
745297
745394
745402
745404
745433
745824
745877
745917
746028
746029
746037
746085
746283
746378
746484
746539
746596
746761
747008
747024
747381
747532
747543
747560
747971
748046
748330
748367
748405
748439
748500
748726
748870
749026
749076
749146
749162
749264
749358
749445
749471
749566
749742
749814
749837
749841
749870
749993
749996
750111
750322
750369
750655
750699
750731
750822
750858
750882
750928
751038
751179
751180
751399
751650
751665
751852
751904
751928
752008
752036
752206
752316
752383
752387
752415
752694
752737
753003
753086
753192
753346
753428
753479
753534
753625
753634
753732
753761
753813
753909
754069
754168
754171
754214
754406
754412
754427
754464
754783
754871
754939
754943
755091
755223
755234
755289
755692
755693
755746
755832
755894
755962
756071
756117
756153
756306
756314
756483
756524
756527
756749
756848
756869
756932
756949
756969
756996
757030
757048
757085
757318
757364
757523
757586
758110
758337
758579
758697
758804
758961
759375
759421
759457
759484
759634
759665
759883
759907
760124
760196
760227
760229
760233
760383
760384
760414
760435
760499
760707
760826
761169
761207
761229
761236
761241
761388
761480
761492
761539
761670
761740
761830
761990
761998
762016
762113
762420
762790
762829
762956
763224
763359
763401
763443
763530
763575
763733
763734
764019
764081
764254
764423
764598
764651
764880
764939
764941
765104
765241
765362
765520
765567
765680
765706
765738
765973
765978
766045
766088
766177
766230
766268
766379
766402
766711
766829
766884
766917
767254
767264
767386
767387
767483
767644
767864
768051
768079
768080
768378
768453
768510
768615
768634
768707
769066
769116
769173
769446
769529
769625
769664
769703
769844
769896
770088
770100
770257
770293
770344
770555
770629
770707
770788
770799
770953
771190
771258
771360
771417
771521
771524
771629
771800
771818
771878
771920
771976
772019
772129
772138
772210
772303
772692
772700
772751
772764
772768
772820
773098
773128
773227
773233
773259
773553
773586
773587
773661
773906
774037
774091
774094
774498
774575
774603
774619
774673
774745
774747
774842
774854
774890
775003
775042
775131
775138
775158
775227
775293
775488
775651
775692
775698
775808
776131
776206
776286
776424
776546
776559
776687
776709
776790
776839
776853
777184
777186
777401
777502
777531
777603
777725
777765
777859
777910
777912
778053
778054
778259
778328
778358
778447
778706
778756
778962
779014
779144
779172
779177
779483
779919
779947
779999
780074
780255
780353
780653
780673
780817
780836
780869
780941
781053
781079
781163
781269
781488
781571
781572
781775
782004
782127
782243
782289
782296
782711
782777
782786
782968
782999
783029
783251
783399
783449
783492
783577
783593
783804
783819
784155
784172
784335
784467
784651
784708
784859
785012
785026
785137
785196
785350
785556
785623
785679
785717
785867
785964
786033
786200
786243
786322
786387
786515
786652
786692
786846
786859
786873
786976
787028
787274
787281
787284
787412
787514
787725
787732
787744
787834
787886
787935
788215
788405
788498
788729
788735
788818
788865
789019
789094
789202
789205
789210
789215
789272
789343
789359
789372
789380
789596
789677
789690
789736
789765
789796
789846
790061
790070
790105
790266
790316
790547
790725
790891
790932
791180
791327
791433
791700
791798
791812
791963
792052
792187
792253
792361
792460
792654
792673
792768
792792
792852
792968
792998
793093
793178
793215
793233
793396
793419
793596
793596
793669
793881
793895
794035
794062
794210
794374
794417
794610
794693
794855
794941
794955
795189
795246
795395
795617
795650
795884
795893
796023
796067
796153
796156
796237
796292
796295
796328
796350
796535
796651
796863
796957
797416
797487
797516
797644
797830
797973
798137
798164
798180
798260
798422
798506
798677
798693
798790
798959
799022
799060
799178
799275
799344
799369
799436
799508
799563
799613
799618
799682
799799
799876
799962
799969
800020
800144
800194
800245
800363
800366
800379
800413
800603
800603
800732
800764
800862
800948
801230
801415
801512
801538
801993
802013
802025
802104
802125
802155
802295
802332
802468
802531
802552
802559
802561
802600
802912
802920
803154
803204
803334
803345
803667
803788
804188
804356
804391
804574
804645
804651
804667
804673
804931
805156
805257
805394
805407
805695
805725
805905
806055
806076
806125
806318
806567
806739
806775
806849
806855
806895
806928
807049
807049
807074
807097
807129
807305
807375
807485
807545
807798
807867
807922
807934
807991
807999
808273
808569
808698
809011
809185
809188
809212
809874
809897
809988
810052
810109
810120
810190
810217
810222
810359
810390
810721
810892
810942
811001
811197
811324
811397
811635
811949
812018
812052
812074
812085
812111
812148
812154
812247
812437
812515
812557
812577
812592
812682
813051
813056
813082
813115
813200
813434
813470
813579
813706
813737
813938
813982
814094
814235
814271
814592
814682
814756
814824
814889
814967
814986
815126
815175
815208
815291
815299
815301
815375
815442
815478
815484
815606
815735
815762
815775
815789
815885
815899
816070
816199
816502
816622
816695
816720
816794
816886
817181
817199
817325
817465
817661
817825
818058
818140
818233
818245
818286
818502
818541
818678
818832
818916
818945
819085
819126
819136
819136
819262
819450
819476
819574
819594
819696
819700
819703
819731
819756
819932
819988
820066
820450
820536
820555
820629
820744
820754
820825
820833
820938
821046
821246
821313
821568
821616
821792
821815
822117
822126
822228
822319
822325
822326
822384
822494
822518
822563
822575
822615
822648
822674
822754
822836
822966
823046
823104
823267
823327
823424
823581
823688
823813
823902
823940
823944
824104
824185
824243
824485
824595
824658
824708
824712
824847
824881
824989
825013
825034
825135
825135
825271
825376
825669
825732
825772
825790
825883
826033
826057
826131
826220
826325
826560
826816
826864
826984
827111
827177
827211
827433
827457
827458
827573
827606
827664
827716
827754
827912
827950
828125
828149
828304
828472
828476
828675
828895
829283
829302
829348
829571
829773
829835
829918
829919
829986
830249
830336
830346
830487
830725
830842
830939
830976
831001
831024
831216
831272
831481
831598
831681
831802
831935
832048
832193
832238
832287
832328
832459
832567
832685
832692
832743
832804
832833
832922
832977
833019
833108
833126
833283
833317
833627
833627
833680
833744
833795
833842
833844
833846
833918
833927
834012
834069
834137
834383
834669
834745
835041
835048
835091
835133
835155
835326
835392
835460
835638
835772
835773
835790
835881
836081
836234
836236
836287
836346
836598
836675
836710
836766
836940
837138
837260
837315
837533
837543
837740
837863
838340
838516
838578
838648
838840
838870
838872
838877
838957
838968
838976
839081
839100
839349
839400
839737
839756
839874
839948
839997
840247
840303
840530
840597
841088
841394
841591
841721
841754
841823
841930
842009
842011
842095
842150
842161
842217
842364
842408
842419
842595
842621
842751
842816
842996
843461
843524
843859
844070
844135
844277
844342
844407
844442
844499
844748
844750
844820
844823
844852
844852
845026
845095
845189
845189
845245
845473
845507
845687
845767
845797
845861
845953
845965
846058
846125
846152
846183
846309
846383
846391
846616
846632
846639
846646
846660
846687
846845
846870
846986
847352
847364
847379
847673
847730
847942
848116
848122
848129
848421
848523
848554
848768
848774
848910
848914
848961
848971
848988
848994
849026
849093
849292
849325
849417
849443
849529
849550
849630
849694
849745
849948
850197
850310
850340
850602
850637
850672
850781
851047
851084
851282
851411
851422
851452
851587
851670
851697
851734
851771
851988
852061
852096
852232
852262
852462
852463
852509
852877
853037
853096
853101
853226
853366
853373
853511
853545
853549
853607
853658
853658
853762
853855
854075
854174
854217
854243
854330
854418
854479
854488
854519
854837
855225
855292
855349
855449
855774
855836
855845
855985
856033
856424
856437
856575
856611
856642
856829
856988
856992
857224
857333
857407
857596
857847
857934
858036
858084
858107
858111
858136
858398
858444
858476
858611
858710
858718
858787
858808
859021
859113
859421
859432
859515
859554
859730
859735
859765
859784
859816
859876
859981
860082
860163
860213
860255
860284
860463
860472
860716
860753
860866
860957
861078
861218
861224
861225
861306
861338
861367
861394
861595
861742
861807
862149
862241
862315
862607
862775
862779
862870
862964
863144
863241
863283
863300
863311
863327
863409
863450
863557
863560
863590
863678
863778
863875
864231
864304
864343
864361
864518
864670
864777
864813
864863
865010
865080
865136
865220
865349
865447
865453
865508
865524
865589
866022
866261
866318
866601
866626
866713
866719
866743
866956
866988
867128
867136
867146
867196
867275
867389
867531
867587
867777
867787
867829
867869
867980
867999
868028
868159
868412
868441
868507
868521
868551
868568
868658
868702
868711
868728
868829
868875
869082
869236
869288
869299
869483
869492
869575
869585
869711
869716
869974
870088
870091
870150
870159
870264
870276
870439
870488
870595
870693
870783
870991
871038
871214
871260
871278
871545
871581
871834
872119
872227
872380
872464
872559
872588
872684
872708
872908
873016
873059
873255
873340
873439
873605
873965
874054
874110
874380
874386
874457
874772
874804
874867
874973
875108
875178
875206
875339
875423
875530
875648
875776
875991
876027
876046
876137
876171
876351
876519
876652
876798
876883
877022
877390
877478
877581
877590
877853
877894
877947
878245
878249
878540
878617
878965
879096
879128
879147
879217
879387
879395
879416
879487
879491
879717
879842
879870
879998
880105
880115
880176
880208
880771
880890
880960
881051
881106
881151
881230
881342
881373
881724
881900
882277
882318
882409
882449
882454
882516
882560
882797
883124
883334
883619
883662
883734
883776
883825
883882
883917
883975
884131
884141
884351
884557
884557
884564
884610
884637
884913
884921
885106
885419
885430
885644
885658
885684
885762
885793
885910
885942
886000
886039
886059
886094
886199
886211
886268
886273
886356
886449
886587
886591
886604
886633
886638
886650
886682
886704
887146
887244
887396
887565
887726
887820
887874
887925
888067
888092
888399
888447
888552
888706
888724
888899
889041
889092
889121
889174
889346
889411
889417
889884
889904
889931
890228
890280
890491
890538
890558
890562
890653
890959
891007
891056
891057
891101
891118
891255
891269
891302
891441
891517
891526
891716
891755
891797
891865
891908
891939
892002
892068
892350
892739
892750
892912
893067
893105
893241
893276
893396
893525
893630
893631
893661
893730
893758
893837
893852
893972
894030
894444
894475
894497
894524
894631
894679
894698
894744
894771
894850
894867
895190
895224
895288
895410
895414
895446
895846
895965
896034
896115
896166
896392
896432
896564
896830
896904
896977
897077
897171
897239
897303
897372
897458
897688
897731
897828
897947
897968
898031
898183
898211
898336
898391
898447
898457
898460
898566
898594
898941
898989
899097
899134
899158
899692
899778
899871
899876
899973
900248
900385
900809
900996
901007
901018
901087
901110
901135
901583
901720
901751
902710
903139
903151
903363
903393
903400
903417
903418
903442
903448
903644
903766
903775
903927
903995
904126
904139
904195
904206
904211
904225
904425
904451
904630
904631
904705
904733
904739
904789
904795
904871
905056
905058
905137
905150
905176
905299
905319
905422
905466
905894
905970
906004
906099
906208
906363
906600
906647
906656
906772
906923
906928
906931
907155
907214
907223
907374
907584
907659
907917
908000
908438
908767
908830
909010
909055
909072
909100
909380
909467
909469
909703
909854
909880
910133
910325
910664
910666
910817
910871
910919
910927
910947
910997
911011
911049
911086
911225
911331
911349
911375
911537
911597
911657
911686
911825
911917
911919
912003
912333
912343
912547
912547
912608
912625
912640
912704
912711
913109
913110
913153
913166
913219
913354
913397
913504
913521
913586
913644
913648
913668
913778
913810
913968
914216
914301
914331
914694
914819
914972
914972
915094
915225
915392
915589
915929
915968
916007
916218
916269
916391
916405
916425
916439
916627
916717
916795
916861
916876
917337
917571
917577
917630
917818
917888
917960
918114
918366
918396
918446
918511
918741
918828
919142
919170
919227
919246
919286
919348
919352
919428
919465
919495
919594
919768
919846
919910
919926
919983
920012
920070
920078
920085
920130
920208
920213
920235
920319
920557
920628
920647
920789
920812
920966
921083
921236
921396
921524
921738
921740
921872
922034
922312
922540
922683
922753
922774
922877
922990
923021
923057
923087
923100
923195
923208
923544
923551
923737
923841
923878
924063
924156
924257
924271
924287
924416
924651
924774
924785
924854
924900
924951
925100
925147
925170
925266
925383
925784
925787
925979
925999
926016
926073
926077
926121
926132
926174
926373
926382
926391
926567
926634
926848
926927
927033
927087
927089
927118
927242
927286
927310
927439
927533
927539
927545
927594
927794
928077
928342
928363
928479
928552
928818
928971
929037
929041
929293
929485
929510
929949
930086
930111
930171
930285
930428
930445
930535
930580
930713
930738
930826
930965
931033
931092
931130
931174
931238
931293
931403
931486
931607
931825
931855
931996
932037
932072
932210
932302
932537
932611
932637
932705
932750
932751
932841
932913
933356
933500
933659
933685
933696
933756
933789
933840
934004
934004
934111
934274
934311
934319
934346
934420
934602
934617
934669
934712
934834
934851
934865
934937
934989
935020
935049
935090
935116
935256
935290
935422
935550
935587
935605
935627
935968
936067
936336
936347
936661
936784
936837
936949
937047
937149
937173
937183
937186
937204
937215
937419
937614
937654
937826
937867
937948
938215
938278
938368
938415
938417
938437
938649
938662
938793
939029
939130
939298
939436
939506
939774
939842
939925
940043
940131
940409
940500
940700
941132
941607
941626
941726
941736
941926
941931
942089
942232
942440
942662
942665
942904
942917
943074
943374
943450
943596
943631
943778
943796
943797
943802
943881
944175
944287
944301
944674
944924
944950
944995
945064
945137
945349
945398
945498
945515
945594
945880
945974
946087
946117
946301
946535
946552
946576
946598
946742
946755
946901
946916
946983
947260
947407
947494
947555
947705
947716
947959
947975
948020
948203
948206
948275
948282
948410
948622
948846
949220
949239
949296
949305
949410
949433
949519
949535
949797
949826
949889
950009
950137
950151
950241
950259
950352
950388
950543
950785
951023
951077
951207
951318
951453
951481
951718
951850
951880
951918
952161
952302
952438
952678
952861
952869
953069
953085
953142
953303
953564
953732
953799
953807
953825
953867
953899
953926
953986
954029
954107
954201
954256
954382
954454
954509
954580
954664
954847
954976
955038
955062
955136
955365
955545
955642
955700
955722
955753
955899
955910
956061
956195
956396
956404
956481
956485
956639
956654
956737
957113
957234
957293
957301
957564
957631
957714
957772
957774
958225
958372
958486
958577
958638
958655
958878
959284
959285
959500
959554
959633
959938
960007
960110
960231
960310
960491
960593
960606
960978
961093
961294
961376
961559
961672
961856
961989
962019
962023
962048
962160
962260
962301
962351
962383
962581
962879
963049
963079
963159
963539
963658
963763
963810
963994
964291
964331
964439
964665
964966
964989
965083
965151
965349
965371
965407
965477
965514
965563
965738
965786
965999
966014
966025
966146
966321
966359
966377
966389
966413
966453
966508
966542
966606
966754
966859
966873
966922
967053
967191
967350
967386
967405
967589
967748
968143
968387
968423
968623
968658
968694
968735
968819
968850
968929
969138
969156
969173
969243
969320
969448
969563
969889
969942
970044
970112
970125
970197
970247
970393
970414
970464
970510
970531
970542
970725
970884
971005
971045
971133
971148
971671
971874
971932
972018
972105
972237
972268
972415
972522
972619
972760
972831
972939
973298
973305
973490
973748
973854
973997
974170
974237
974345
974409
974433
974580
974686
974891
975112
975201
975232
975306
975689
975902
975945
975949
976032
976090
976177
976208
976218
976222
976485
976551
976557
976628
976744
976830
976848
977172
977225
977398
977417
977418
977671
977868
977922
978045
978068
978239
978312
978812
978901
978998
979011
979043
979049
979122
979216
979298
979380
979482
979526
979569
979849
979925
979967
980042
980378
980466
980511
980526
980527
980788
980855
981137
981296
981320
981414
981470
981556
981571
981652
982079
982120
982159
982191
982191
982284
982338
982344
982448
982520
982632
983030
983110
983197
983451
983511
983516
983570
983673
983686
983990
984142
984192
984252
984310
984320
984361
984452
984466
984511
984512
984614
984616
984829
984959
985089
985147
985182
985212
985254
985321
985566
985574
985648
985830
985929
986061
986110
986141
986171
986172
986191
986316
986371
986570
986641
986702
987102
987108
987167
987173
987278
987404
987552
987743
987893
987921
987990
987993
988014
988141
988226
988229
988402
988412
988463
988501
988561
988579
988737
988758
988767
988781
988784
989203
989518
989549
989574
989642
989651
989739
990148
990265
990327
990538
990670
990726
990748
990849
991188
991301
991377
991403
991410
991520
991635
991929
991961
992154
992185
992325
992346
992364
992408
992422
992482
992679
992727
992783
992807
992831
992865
992937
993142
993154
993209
993214
993231
993406
993609
993669
993731
993747
993915
993973
994174
994279
994280
994314
994516
994568
994613
994619
994701
994844
994883
994936
994977
995357
995520
995550
995656
995760
995797
995856
995866
995868
995896
995961
995991
996133
996186
996198
996228
996308
996342
996392
996428
996474
996512
996534
996667
996703
996730
996816
996838
996880
997293
997455
997502
997557
997589
997818
998100
998426
998439
998819
998844
998896
999007
999035
999119
999195
999213
999458
999585
999607
999660
999664
999767
999942
