100
8550
11309
18031
27421
29563
33607
35182
42711
46221
47906
70447
71131
80436
88339
91372
97374
97518
102251
105565
107077
116089
126962
158603
164046
190051
229323
236576
238886
245974
287475
289016
289070
290402
298990
317900
328128
332417
333136
336494
340480
342286
348925
361464
369426
374164
398728
404901
412592
430741
443739
446877
477007
481940
484787
501546
528261
562075
599817
625306
631318
656363
658213
690078
691101
700392
701785
717756
722254
729682
735432
753914
755945
759491
778803
781902
786307
797800
801922
808530
814395
823642
835678
845477
853593
879779
886504
896419
898613
901665
939551
947934
949468
963405
967526
970789
977604
983617
983836
986275
989543
