1000
457
800
3468
268497320
4083
5261
1972
6041
4209
9664
9428
9765
11306
9176
12552
14343
7362
19509
20633
7501
22694
23931
24488
15601
24557
24589
25127
5269
28214
25804
33434
35925
29786
36497
43315
45493
28412
46573
43454
47312
49064
49923
38428
52930
42367
53413
57268
58955
60074
53212
62509
61373
62854
60272
64957
56384
65556
65734
66739
67920
60688
69903
72711
45551
73226
70931
73965
74280
74549
75773
70503
75989
76259
85131
75307
89374
91229
78755
91653
83414
91870
3432
94871
94753
95774
92147
99346
95909
102048
93243
104313
104769
104151
106427
102979
108591
106480
109908
111026
103555
116155
116427
116794
110446
117611
123488
113718
124501
127405
123789
127911
125757
128060
128741
119056
131195
129319
132489
115199
136499
134619
141973
134161
143747
144715
143333
147214
145841
147539
150087
150222
141776
152678
147591
155965
156126
155800
156474
148737
161855
157529
163574
164993
162795
166614
171294
151177
173119
173198
173279
173703
171646
176841
175455
177286
177587
174489
181078
182332
182417
175681
184247
165394
188736
189702
187272
194473
189102
195927
197902
192869
200122
197552
202106
199992
204159
205931
194555
210680
210870
209399
214186
214621
215103
206663
217765
217479
217876
215616
218364
218316
221153
213143
225806
228826
222692
229578
228538
230068
230309
190547
235076
238032
231246
239209
239227
240285
234450
243235
243431
237452
245437
234141
248213
249065
246515
250079
230111
253630
253259
256851
257101
254058
259368
259912
257929
260398
260413
260197
261514
261178
265649
263357
265842
264974
268753
269564
267029
270192
270894
262489
272667
257481
275486
274084
276662
256976
278499
280423
277753
281272
280691
283919
283801
286162
288001
277132
289888
288900
292723
294437
287104
299834
300099
299101
302292
305399
308377
292729
309567
309746
309936
310167
304974
311581
303910
312068
312637
73875
313802
313012
315233
314289
316630
316795
317556
315659
320220
319717
321903
320946
323072
323171
321079
324182
324558
323757
325547
323610
326089
312355
326512
326998
327015
328354
316572
329225
329773
330725
331375
328043
331481
332120
330768
338212
338339
332421
338963
344150
338439
346219
348883
352275
345467
354554
353243
355947
357071
359315
351611
359417
353909
361928
359519
362860
360108
365939
367003
363826
367775
364336
369819
371307
364286
372310
371243
374756
370260
376761
376651
378098
374980
378346
382005
358533
382349
343447
384255
385714
386614
329592
386937
388407
386414
388560
387190
390304
389287
390395
392890
389419
394205
393912
398478
399085
396263
400367
400610
401401
317486
402764
403156
406241
401719
407578
404862
408341
411213
405908
414258
415003
415612
411528
416898
410723
418884
416919
420524
416949
423056
424376
421731
427063
429290
429723
431143
426088
432253
433233
433652
430646
437113
423873
443640
444567
442022
445457
439319
445752
446585
437966
447187
446016
447796
447641
449729
448457
450777
450514
451691
456852
445805
459558
457212
460097
458999
460263
460324
460375
455091
460587
461566
456134
464831
463476
464948
465030
411318
469755
471066
472383
474407
465659
474678
473588
474929
469098
475223
476269
477909
475107
478523
479705
480213
484618
466882
485271
482627
485402
481958
485920
488902
479586
489405
489040
490647
425747
491911
491272
497564
492854
499538
499756
502237
503411
490768
504454
507090
503059
509121
510576
513905
506362
522037
517737
523610
523122
528138
526430
530171
526780
530632
524744
535061
537359
518297
538351
536286
539202
541021
543052
535210
547862
550100
542494
550907
545055
551620
545150
552597
554920
559144
546965
559362
552833
559503
559349
560954
562066
558186
568670
567238
570957
562777
571217
571461
572163
561985
573152
572274
573220
575676
571027
577354
562867
581604
582675
580116
582730
578002
585026
591303
591479
583979
593386
594924
595015
588475
596063
597893
594603
599987
598377
600953
589069
602996
602281
603990
604622
605949
606733
575252
607510
609412
605189
610941
611421
613521
610124
616522
613913
617513
609483
618011
619189
616580
621216
622072
622445
620861
624183
623355
626053
623075
627491
579557
628382
631373
627756
631437
632291
631073
632574
630025
634307
633430
634786
637544
631145
640181
641392
638488
642570
643002
640221
643094
640429
644068
645088
647519
643176
647901
643824
647980
645713
648544
650097
645603
652436
499890
657518
654461
659404
654272
660126
657635
670012
661616
673848
668967
674697
669080
675986
677376
679067
668553
680044
677397
680640
659713
681120
682044
654772
683905
689340
681419
691550
691883
690376
695151
691525
695793
689744
696386
698834
699166
681135
699303
700255
690886
701281
704608
700627
704758
703000
705447
706226
707116
707818
686757
708302
707481
709207
710246
712698
715094
692134
715310
716094
715012
719173
717180
721078
719206
722129
723626
721783
724465
724649
710685
730700
730434
731357
732258
728821
734239
732640
735185
735804
733645
736064
739636
733775
739897
737837
745110
741589
750471
747469
750857
752996
748037
753010
748792
754920
755534
755863
754867
756526
757777
757936
711212
763583
763540
766557
763855
766590
757393
770407
768001
773746
771997
773767
777393
772437
780174
781243
775325
781764
776199
788694
783158
788957
789102
784812
790631
790700
789672
793154
795334
790734
795761
793933
796289
797686
796094
798614
798689
797197
799758
799847
800349
788983
802468
803194
803747
800947
804440
804274
805074
805131
690928
808878
805249
809545
809863
806557
810168
809612
814294
811853
814770
814609
815193
816513
814446
816754
817292
817323
818534
815829
822151
818017
823710
824157
815521
826858
826080
827365
817253
829208
828226
830759
831583
828464
831912
834332
831588
835678
835753
836084
835500
836539
834422
836652
837853
838521
838806
836650
840788
842771
839001
844461
839198
846390
848417
843454
848884
849493
848796
850911
851830
847038
852536
714916
854702
856308
854168
859681
857421
862210
864143
866761
861448
867120
863819
873197
873979
868562
874593
870120
875650
867279
875955
880215
880962
873533
881254
883442
880843
884069
883631
888836
885281
890624
884503
892550
890694
893225
893417
894666
887964
895824
896792
887255
897485
897764
898949
874989
899238
376651
899761
902411
899739
904411
901575
905015
905048
908362
903941
909049
909096
908501
911007
912913
909902
913286
914261
911893
916444
917582
918339
913315
919571
916916
919607
918397
921931
921322
922515
922353
924175
924747
921594
925628
925195
925767
926716
925389
931408
927921
933624
933057
934570
938453
938896
940865
928977
943094
943221
938849
945407
946798
947245
917456
948050
936947
949320
952012
948234
953207
953318
950484
957327
954453
957655
958331
957641
959835
958315
960966
961506
964247
960243
967608
967746
963751
969148
969203
969854
966246
973838
977809
971804
979011
979921
980025
978985
980365
979103
981008
981664
965618
981935
985461
981819
987396
987769
982081
990753
987787
991055
994854
989911
996428
991124
997016
995902
999656
999233
