100
9526
15832
17075
18559
28499
42190
52985
68994
70208
72257
74499
108650
119582
125990
127532
129006
164229
182609
185749
193512
218997
226229
231052
244276
254508
254638
261907
263541
275099
295560
299117
302256
303119
308856
309554
335161
342637
358450
359586
371477
372727
385877
391278
393921
420066
429778
452801
456603
457592
462914
467735
477831
483040
499984
513964
533147
539727
541309
547143
548866
572228
574229
576237
586840
601728
604126
606407
655918
672531
674315
677678
688660
689997
728685
788962
793772
795521
804629
847077
848815
850100
865533
868889
876186
890753
907561
908259
915646
917471
930036
934902
946627
946687
950948
952397
958762
975726
980783
988491
997997
