10000
25
194
457
462
495
602
720
781
812
910
980
987
1111
1400
1414
1434
1452
1466
1595
1630
1751
1763
1779
1940
1985
2165
2349
2470
2503
2622
2876
2891
3051
3100
3132
3135
3240
3245
3264
3345
3447
3496
3554
3586
3742
3904
3992
4010
4102
4494
4550
4577
4673
5136
5205
5272
5466
5545
5629
5707
5709
6224
6429
6671
6791
7001
7015
7199
7206
7305
7330
7357
7494
7529
7888
8016
8175
8432
8461
8714
8772
8797
8896
9287
9413
9478
9641
9648
9726
9959
9991
10011
10054
10094
10157
10204
10214
10298
10361
10457
10483
10802
10828
10891
10908
11096
11215
11258
11735
11975
12103
12168
12475
12517
12522
12818
12943
12949
12959
13011
13017
13163
13215
13265
13354
13377
13423
13490
13554
13594
13692
13764
13801
13842
13992
14095
14199
14444
14499
14512
14703
14991
15029
15100
15108
15157
15163
15176
15237
15308
15413
15506
15546
15561
15696
16342
16401
16449
16455
16517
16588
16618
16756
16982
17296
17319
17370
17671
17758
17866
18101
18134
18329
18339
18468
18576
18632
18667
18692
18907
18967
19105
19116
19336
19471
19744
19908
20019
20091
20144
20203
20233
20238
20267
20440
20480
20493
20582
20607
20713
20781
21074
21272
21483
21575
21579
21689
21758
21893
22008
22086
22095
22115
22165
22197
22588
22621
22742
22817
22914
22960
23055
23090
23103
23221
23227
23265
23344
23442
23773
23776
23813
23911
23971
24076
24160
24202
24441
24505
24552
24594
24657
25161
25165
25178
25198
25523
25626
25743
25884
25934
25960
26307
26638
26713
26764
26771
26797
26917
27179
27258
27260
27264
27277
27390
27549
27560
27576
27643
27673
27719
27781
27834
28051
28070
28086
28197
28279
28491
28680
28913
29085
29160
29435
29517
29558
29611
29742
29802
29815
29840
29937
29967
30200
30222
30248
30260
30261
30277
30308
30311
30432
30484
30587
30722
31037
31219
31292
31296
31310
31495
31722
32022
32047
32388
32523
32655
32669
32806
33069
33268
33421
33501
33621
33639
33642
33874
34086
34256
34340
34784
34954
35059
35120
35150
35300
35303
35316
35648
35678
35726
35740
35828
35918
35935
36144
36169
36348
36505
36540
36598
36628
36751
36799
36970
37106
37433
37621
37700
37883
37886
38083
38190
38197
38213
38262
38370
38372
38511
38567
38613
38892
38972
39014
39179
39396
39404
39517
39531
39608
39694
40053
40092
40184
40188
40203
40211
40219
40354
40366
40485
40544
40600
40642
40658
40812
40910
41013
41073
41110
41176
41330
41425
41474
41766
41787
41795
41796
42039
42171
42336
42361
42435
42550
42567
42763
42772
42775
42879
43034
43126
43221
43230
43403
43406
43503
43562
43795
43851
43891
43964
43986
44071
44313
44331
44610
44631
44842
45199
45245
45263
45301
45467
45486
45655
45658
45663
45695
45925
45939
46182
46244
46330
46360
46402
46662
46748
46810
46873
47034
47068
47159
47188
47233
47250
47315
47414
47441
47515
47701
47731
47735
47747
47769
47934
47976
48128
48185
48261
48271
48292
48410
48413
48693
48937
49055
49397
49488
49626
49844
49892
49905
50077
50104
50131
50246
50313
50422
50451
50509
50563
51004
51087
51189
51316
51459
51668
51677
51722
51877
51953
52029
52135
52508
52598
52822
52871
53026
53036
53079
53125
53158
53249
53299
53438
53524
53576
53657
53752
53754
53978
54210
54631
54679
54910
54927
54941
54983
54988
55033
55052
55112
55159
55179
55234
55382
55393
55460
55716
55732
55752
55781
55922
56593
56597
56633
56702
56856
56992
57195
57205
57266
57339
57353
57374
57423
57438
57578
57700
58250
58286
58342
58454
58539
58604
58660
58811
58854
58949
59081
59183
59346
59372
59455
59621
59641
59645
59797
59875
59905
59958
60103
60110
60340
60682
60817
60870
60903
60950
60950
61003
61020
61054
61196
61227
61265
61342
61428
61491
61598
61649
62089
62106
62301
62311
62322
62474
62485
62549
62558
62573
62587
62725
62742
62946
63083
63177
63194
63351
63516
63798
63816
63837
64051
64298
64456
64467
64645
64930
64939
65046
65061
65064
65100
65155
65202
65202
65222
65399
65450
65505
65530
65552
65677
65702
65849
65902
65974
66049
66078
66178
66331
66450
66620
66629
66657
66739
66786
66808
66852
67076
67089
67147
67296
67308
67338
67384
67417
67663
67681
67867
67962
68104
68121
68322
68378
68490
68595
68655
68714
68778
69251
69481
69508
69618
69847
69907
70032
70039
70042
70051
70138
70300
70317
70357
70385
70629
70837
70842
70866
71032
71099
71200
71223
71231
71300
71584
71620
71630
71860
72026
72100
72202
72351
72372
72427
72490
72595
72693
72762
72835
72927
72957
73113
73256
73285
73329
73555
73916
74166
74454
74462
74513
74796
74881
74944
75098
75108
75151
75157
75259
75423
75482
75748
75813
75813
75821
75849
76116
76137
76160
76165
76226
76425
76503
76727
77017
77034
77119
77167
77176
77288
77678
77775
77777
77807
78240
78304
78490
78569
78714
78815
78865
78932
78936
78995
79194
79216
79283
79321
79427
79491
79638
79640
79699
79789
79855
80048
80103
80221
80323
80494
80610
80715
80723
80729
80760
80911
80917
80976
81009
81068
81400
81474
81556
81567
81901
82080
82119
82221
82238
82238
82328
82455
82633
82639
82748
82883
82987
83195
83277
83413
83437
83538
83549
83792
83871
83891
83912
83919
83990
84081
84438
84461
84610
84643
84668
84802
84816
84874
85004
85067
85104
85124
85228
85597
85775
85871
85955
86413
86542
86553
86580
86707
86853
86858
87122
87174
87574
87597
87610
87729
87776
87806
87868
87904
87923
87993
88052
88114
88132
88443
88454
88468
88550
88560
88585
89108
89262
89263
89328
89409
89607
89617
89794
89816
89899
89958
90233
90393
90416
90523
90549
90552
90565
90695
90757
90777
90781
91029
91100
91105
91136
91141
91234
91252
91344
91424
91586
91745
91817
91837
91899
91914
92131
92201
92317
92386
92438
92514
92752
92756
92787
92798
92851
92935
93110
93117
93349
93433
93555
93653
93670
93856
93875
93913
94064
94299
94446
94527
94585
94592
94719
94864
94904
94970
95104
95263
95278
95290
95293
95308
95474
95581
95917
96144
96153
96229
96700
96860
96897
97211
97463
97513
97606
97732
97769
97779
98120
98218
98365
98452
98536
98574
98603
98871
98958
99172
99283
99359
99370
99540
99550
99646
99685
99833
99906
99954
99987
99989
100223
100249
100605
100622
100695
101236
101291
101347
101351
101353
101546
101654
101792
101975
102085
102147
102280
102301
102698
102762
102780
102803
102833
102875
102908
102997
103055
103150
103159
103415
103503
103813
103892
103917
103950
104095
104188
104228
104402
104412
104430
104728
104878
104936
104954
105160
105263
105334
105416
105551
105562
105570
105622
105651
105750
105970
106009
106014
106099
106105
106372
106528
106548
106809
106890
106901
106937
106943
107297
107411
107573
107591
107624
107650
107851
107973
108200
108225
108285
108297
108512
108619
108735
108740
108745
108799
108862
108932
108943
108952
109107
109357
109431
109433
109581
109919
109932
109944
109981
110013
110158
110238
110316
110685
110744
110853
111197
111214
111326
111458
111557
111611
111767
111784
111804
111816
111878
111938
111997
112201
112225
112290
112320
112365
112376
112502
112525
112622
112645
112680
112751
112772
113085
113090
113500
113574
113643
113712
113771
113924
114047
114143
114327
114330
114340
114375
114676
114700
114721
114910
115009
115089
115302
115425
115462
115474
115507
115508
115568
115598
115680
115886
115894
116111
116170
116229
116396
116574
116643
116659
116674
116708
116723
116957
117006
117022
117065
117130
117462
117469
117487
117560
117898
117960
118133
118155
118507
118563
118739
118763
118799
118851
118897
119048
119193
119379
119432
119522
119779
119787
119847
119938
119995
120017
120072
120150
120271
120275
120449
120479
120492
120501
120546
120600
120753
120756
120815
120865
120919
121008
121010
121081
121119
121266
121299
121676
121777
121925
121930
122081
122234
122322
122357
122369
122380
122424
122456
122465
122523
122665
122842
122859
122880
122997
123151
123162
123200
123267
123272
123633
123755
123930
124079
124264
124331
124357
124442
124776
124807
124816
125104
125171
125391
125418
125711
125726
126072
126179
126266
126353
126398
126416
126567
126636
127199
127406
127450
127554
127591
127606
127654
127671
127727
127800
127951
128068
128071
128090
128242
128255
128453
128726
128853
128931
128953
129050
129113
129362
129374
129591
129919
130141
130317
130387
130443
130500
130510
130571
130676
130706
130794
130879
131003
131357
131369
131393
131614
131725
131777
131950
132006
132012
132013
132058
132220
132329
132365
132471
132534
132541
132702
132843
132923
132988
133069
133127
133135
133162
133224
133261
133288
133324
133343
133440
133575
133879
134081
134229
134379
134956
135333
135477
135711
135750
135767
135966
136196
136213
136300
136396
136589
136603
136743
136862
136941
137045
137106
137391
137613
137925
138106
138156
138370
138471
138510
138570
138570
138602
138635
138660
138690
138904
139058
139072
139119
139285
139329
139433
139486
139534
139557
139617
140102
140129
140305
140552
140710
140718
140732
140770
140833
141124
141208
141340
141382
141535
141603
141794
141903
142008
142095
142239
142305
142860
142894
143001
143053
143155
143181
143183
143326
143400
143502
143721
143728
143778
143979
144073
144190
144197
144232
144334
144523
144547
144693
144727
144798
145049
145064
145134
145150
145260
145310
145329
145437
145442
145589
145616
145648
145827
145903
145979
146023
146029
146044
146082
146308
146344
146533
146559
146653
146705
146706
146747
146860
147004
147144
147282
147315
147401
148257
148324
148465
148677
148772
148783
148802
148905
148921
148941
149148
149155
149176
149465
149648
149685
149693
150085
150094
150097
150234
150366
150398
150436
150516
150537
150570
150649
150889
150911
151009
151183
151352
151379
151441
151513
151528
151548
151666
151673
151719
151759
151823
151970
152248
152335
152467
152557
152605
152716
152748
152771
152987
153017
153179
153196
153249
153345
153395
153446
153454
153552
153615
153714
153766
153791
153832
153946
153973
153999
154013
154092
154102
154151
154164
154301
154420
154446
154446
154553
154597
154806
155059
155121
155171
155240
155332
155390
155426
155526
155567
155903
155917
155974
156442
156617
156690
156731
156849
156887
157100
157117
157176
157206
157252
157313
157318
157467
157564
157592
157677
157769
157874
157902
158068
158179
158266
158321
158394
158554
158752
158799
159072
159206
159227
159262
159404
159646
159679
159887
159975
160202
160325
160422
160973
161026
161283
161331
161614
161629
161837
161840
162218
162260
162597
162632
162831
162842
162882
162890
163059
163080
163174
163191
163247
163249
163430
163554
163756
163839
163951
163976
164025
164034
164542
164563
164593
164610
164713
164780
165163
165438
165553
165844
165911
165933
165977
166227
166294
166377
166446
166616
166832
167026
167144
167411
167467
167557
167566
167619
167646
167747
167780
167814
167882
167912
167928
167956
167966
168039
168137
168139
168210
168267
168334
168420
168448
168482
168728
168831
168892
168892
168989
169090
169414
169427
169553
169556
169695
169912
169925
169989
170112
170211
170451
170659
170670
170798
170861
170904
170907
170947
171066
171087
171118
171357
171480
171535
171742
171749
171775
171876
171898
172005
172058
172132
172165
172241
172348
172415
172474
172489
172869
172934
173061
173132
173588
173614
173975
174011
174303
174484
174489
174534
174623
174724
174889
174972
175046
175184
175222
175466
175498
175499
175556
175559
175651
175743
175744
175824
175895
175914
175946
176086
176106
176178
176216
176217
176317
176335
176348
176542
176655
176729
176795
176851
176857
176879
176937
176970
177168
177181
177274
177448
177542
177634
177680
177698
177805
177812
178089
178322
178374
178644
178801
178802
178906
178961
179175
179316
179329
179367
179442
179645
179658
179687
179704
179771
179782
179866
179875
179949
180015
180033
180471
180610
180621
180862
181071
181092
181216
181585
181663
181708
181782
181784
181803
181881
181893
181943
182077
182190
182233
182406
182424
182547
182678
183053
183321
183324
183331
183345
183443
183516
183564
183592
183879
184065
184165
184166
184278
184296
184302
184327
184567
184588
184623
185057
185220
185287
185333
185455
185512
185552
185586
185604
185622
185661
185698
185773
185850
186062
186186
186316
186471
186471
186568
186667
186908
187065
187106
187114
187136
187516
187756
187836
188087
188281
188281
188384
188387
188407
188423
188559
188591
188603
188762
188840
188847
189005
189025
189052
189134
189280
189408
189414
189517
189663
189671
189702
189859
189883
190061
190118
190236
190520
190651
190700
190751
190839
190865
190988
191055
191461
191624
191650
191762
191778
191799
191841
191945
192002
192017
192034
192175
192179
192199
192362
192489
192520
192554
192710
193089
193248
193282
193511
193795
193969
194073
194119
194345
194391
194433
194482
194568
194653
194663
194726
194860
194899
195109
195181
195256
195510
195528
195638
195685
195708
195788
195850
196022
196051
196083
196159
196234
196437
196443
196592
196610
196624
196663
196714
196733
196794
196812
196924
196930
197010
197128
197143
197149
197170
197283
197302
197393
197406
197440
197538
197638
197888
197977
198047
198072
198143
198313
198379
198688
198720
198856
198945
198948
199098
199104
199150
199217
199253
199454
199485
199594
199683
199707
199743
199893
199983
200139
200144
200461
200627
200670
200680
200682
200730
200798
200948
201209
201236
201259
201441
201487
201546
201557
201735
201787
201878
201956
201963
202002
202107
202178
202211
202213
202303
202329
202583
202722
202897
203001
203004
203199
203300
203358
203401
203439
203468
203585
203650
203665
203729
203749
203753
204022
204100
204189
204219
204223
204239
204436
204654
204706
204728
204746
204749
204877
204881
204899
204921
204928
205070
205118
205251
205438
205491
205794
205874
205926
205964
206093
206116
206344
206377
206382
206574
206675
206746
206896
206898
207083
207121
207211
207271
207523
207587
207619
207723
207776
207839
207855
208013
208088
208320
208412
208414
208567
208571
208708
208810
208870
209118
209157
209295
209738
210095
210251
210469
210499
210518
210545
210835
210978
211189
211220
211461
211468
211508
211620
211678
211837
211888
211946
212018
212199
212244
212318
212457
212665
212707
212869
212952
213159
213201
213370
213447
213459
213477
213533
213576
213577
213609
213679
213779
213846
213963
214144
214154
214580
215030
215105
215140
215196
215360
215508
215638
215685
215718
215765
215933
216023
216113
216299
216338
216378
216409
216561
216757
216914
217359
217541
217564
217587
217719
217787
217992
218033
218174
218213
218289
218329
218411
218414
218512
218569
218658
218741
218849
218974
219016
219157
219327
219396
219510
219512
219918
219998
220015
220049
220054
220140
220300
220582
220640
220683
220740
220815
221078
221134
221328
221625
221744
221910
221918
222047
222267
222306
222531
222631
222687
222740
222776
222803
222918
222982
223266
223317
223393
223597
223694
224082
224151
224162
224208
224417
224592
224683
224686
224756
224840
225473
225516
225781
225793
225822
225837
225852
225961
225996
226070
226210
226312
226359
226402
226761
226879
226914
226960
227237
227289
227410
227521
227773
227816
227816
228050
228086
228183
228219
228220
228530
228596
229210
229325
229364
229474
229589
229663
229729
229783
229825
229839
230088
230103
230151
230153
230207
230340
230401
230445
230519
230647
230738
230763
230805
231204
231276
231443
231732
231805
231828
231856
231902
231936
232071
232301
232403
232480
232622
232638
232733
232746
232812
232839
232856
233069
233123
233177
233183
233201
233468
233706
233874
234207
234272
234363
234449
234489
234520
234594
234681
234883
235023
235154
235184
235241
235281
235367
235372
235443
235588
235652
235689
235740
235779
235952
236062
236064
236157
236318
236452
236564
236843
237013
237055
237174
237254
237335
237384
237496
237517
237601
237705
237793
238206
238379
238621
238646
238675
238735
238898
238970
239027
239099
239151
239351
239370
239541
239597
239738
239747
239750
239756
239835
239908
239963
240163
240195
240374
240507
240546
240615
240628
240653
240740
240766
240900
241334
241358
241439
241492
241541
241585
241745
241888
242182
242221
242286
242416
242427
242501
242779
242945
242963
243296
243305
243386
243440
243502
243514
243566
243608
243615
243675
243880
243895
244015
244033
244131
244269
244505
244811
244873
245098
245138
245212
245249
245289
245485
245547
245643
245921
246020
246259
246283
246344
246366
246468
246641
246911
246978
246980
247068
247166
247421
247445
247526
247575
247808
247938
248108
248111
248301
248443
248467
248490
248516
248655
248731
248754
248831
248907
249026
249085
249130
249228
249312
249456
249479
249613
249665
249696
249700
249766
249832
250004
250153
250181
250379
250437
250497
250640
250715
250729
250762
250964
250978
251010
251159
251165
251171
251196
251263
251619
251778
251805
251995
252056
252279
252300
252362
252405
252549
252570
252663
252776
252808
252903
253118
253132
253148
253214
253231
253635
253794
253833
253884
253899
254154
254182
254185
254413
254424
254461
254474
254538
254560
254685
254891
254962
254995
255180
255211
255252
255378
255582
255590
255762
255798
255806
255937
255940
256005
256089
256090
256279
256324
256331
256339
256373
256432
256443
256474
256475
256540
256638
256728
257043
257057
257143
257177
257205
257258
257360
257591
257645
257669
257680
257730
257768
257915
257964
258015
258173
258270
258452
258633
258734
258908
259237
259414
259569
259670
259731
260144
260196
260218
260357
260461
260492
260559
260603
260694
260818
260863
261044
261160
261260
261350
261394
261456
261457
261475
261640
261938
262100
262204
262421
262463
262564
262598
262639
262651
262657
262662
262669
262704
262725
262758
262785
262864
262953
263005
263061
263103
263139
263607
263628
263675
263858
263938
264042
264085
264095
264150
264181
264256
264301
264386
264496
264913
265045
265229
265334
265345
265523
265576
265576
265582
265606
265846
265939
265958
265982
266094
266150
266239
266257
266463
266497
266503
266553
266572
266577
266884
266910
266949
267041
267129
267243
267368
267562
267596
267622
267778
267810
267811
267899
267978
268010
268107
268108
268135
268281
268312
268390
268462
268677
268857
268898
268900
268929
268944
268946
269111
269122
269658
269727
269758
269826
269835
269984
270221
270253
270326
270334
270622
270653
270869
271033
271093
271124
271162
271363
271566
271677
271735
272038
272169
272181
272194
272194
272353
272372
272422
272587
272731
272792
272863
272880
273025
273265
273396
273570
273582
273609
273620
273805
273840
274057
274098
274121
274152
274183
274303
274328
274687
274816
274896
274923
274937
275051
275055
275059
275081
275083
275171
275198
275256
275264
275297
275309
275425
275440
275636
275675
275738
275754
275874
275885
276067
276096
276135
276261
276360
276390
276394
276469
276618
276788
276822
276848
276849
277306
277375
277478
277675
277934
277985
278197
278277
278292
278293
278507
278618
278646
278671
278706
278759
278918
278921
278952
278964
278996
279339
279340
279386
279568
279584
279653
279703
279757
280303
280616
280793
280878
280883
280922
280997
281203
281219
281234
281238
281470
281621
281777
281875
281976
282013
282378
282417
282450
282464
282552
282557
282602
282695
282948
283022
283274
283389
283414
283531
283620
283631
283708
283784
284044
284250
284292
284618
284637
284818
285208
285228
285472
285572
285724
285811
285897
285987
286476
286537
286656
286715
286743
286825
287151
287220
287240
287352
287390
287538
287576
287590
287635
287648
287709
287712
287729
288199
288293
288294
288491
288506
288625
288769
289175
289179
289203
289460
289518
289578
289640
289913
289948
290027
290182
290295
290400
290746
290926
291165
291170
291172
291265
291298
291401
291555
292207
292308
292352
292367
292438
292483
292667
292770
292837
292883
292902
293318
293492
293913
293975
293988
294057
294212
294237
294339
294384
294440
294446
294541
294715
294834
294982
295014
295199
295324
295423
295436
295536
295607
295636
295664
295672
295681
295905
296027
296109
296178
296239
296397
296437
296462
296759
296834
296990
297101
297147
297208
297317
297370
297458
297490
297623
297703
297706
297748
297774
297807
297828
297886
297939
298145
298159
298201
298219
298221
298240
298349
298410
298445
298485
298585
298594
298659
298922
299126
299295
299369
299583
299673
299693
299856
299883
299939
299973
300047
300065
300089
300096
300202
300232
300290
300317
300375
300401
300416
300486
300547
300551
300592
301075
301124
301164
301174
301252
301297
301366
301367
301606
301684
301695
301716
301787
301988
302102
302188
302208
302258
302465
302530
302592
302606
302663
302732
302747
303004
303283
303364
303443
303936
304032
304089
304153
304203
304259
304264
304313
304391
304614
305025
305073
305182
305204
305328
305467
305506
305584
305623
305719
306156
306184
306373
306400
306418
306522
306544
306742
306902
306988
307031
307304
307373
307552
307767
308083
308114
308373
308456
308488
308511
308620
308788
308915
308982
309023
309068
309073
309130
309200
309227
309286
309290
309326
309453
309592
309676
309677
309750
309886
310009
310069
310093
310187
310412
310451
310509
310591
310697
310735
310793
310835
311052
311160
311506
311620
311643
311702
311728
311891
311973
311993
312225
312265
312333
312381
312387
312394
312396
312436
312627
313139
313150
313325
313520
313716
314106
314358
314469
314507
314546
314578
314641
315029
315109
315198
315443
315592
315606
315668
315735
315916
316227
316243
316288
316479
316561
316605
316882
316902
317245
317498
317543
317637
317654
317660
317715
317780
317793
317919
318029
318056
318137
318167
318505
318552
318567
318715
318749
318812
318915
319019
319089
319221
319241
319595
319908
319973
320053
320211
320371
320425
320525
320526
320653
320657
320948
320964
321002
321235
321286
321478
321479
321516
321612
321649
321668
321743
321782
321799
321925
321929
322090
322176
322235
322275
322288
322415
322549
322823
323088
323126
323236
323238
323326
323458
323553
323686
324036
324039
324156
324226
324296
324305
324332
324548
324609
324666
324858
324935
325024
325062
325237
325478
325554
325613
325656
325714
325715
325746
325794
325852
325917
325920
325953
326010
326061
326086
326099
326125
326159
326202
326238
326271
326291
326325
326328
326346
326444
326507
326653
326868
326882
327141
327207
327265
327314
327343
327352
327392
327485
327540
327600
327797
327827
328092
328174
328328
328557
328581
328658
328726
328740
329410
329639
329645
329711
329771
329790
329912
329924
330076
330188
330232
330280
330297
330300
330355
330427
330461
330741
330818
331158
331408
331520
332026
332077
332128
332182
332209
332404
332493
332509
332547
332613
332644
332660
332698
332796
332817
332904
333057
333070
333223
333676
333757
333840
333892
333906
333995
334014
334074
334074
334247
334406
334418
334539
334574
334687
334734
334923
334987
335001
335141
335336
335431
335442
335798
335809
335900
335927
336006
336186
336277
336449
336609
336636
336710
336882
337029
337183
337733
337786
337787
337802
337921
338111
338197
338244
338343
338354
338462
338550
339073
339148
339217
339352
339398
339748
339813
339998
340084
340224
340240
340306
340422
340874
340975
340984
341137
341151
341178
341180
341359
341512
341555
341557
341680
341935
341940
342108
342119
342184
342189
342356
342416
342426
342742
343341
343588
343594
343597
343672
343714
343742
343816
343859
343944
343958
344103
344150
344353
344415
344729
344962
345037
345190
345452
345660
345894
345968
346051
346074
346085
346130
346315
346371
346384
346389
346394
346770
346850
347332
347429
347479
347532
347862
347864
347910
348025
348150
348551
348558
348615
348735
348747
348906
348943
349178
349187
349279
349330
349427
349471
349487
349548
349569
349595
349857
349966
350001
350008
350128
350221
350246
350392
350419
350464
350694
350726
350772
350866
350883
351100
351106
351192
351226
351249
351352
351995
352255
352342
352491
352584
352675
352713
352717
352723
352735
352743
352760
352832
353016
353411
353451
353492
353622
353731
353905
353961
354379
354766
355020
355196
355247
355288
355510
355570
355626
355725
355740
355826
355855
356128
356167
356396
356465
356742
356771
356937
356962
357014
357038
357189
357276
357678
357695
357750
357801
357947
358095
358151
358493
358523
358603
358615
358788
358825
358852
358853
359010
359294
359448
359470
359501
359706
359824
360286
360494
360497
360626
360628
360807
360961
361064
361106
361460
361530
362112
362112
362163
362172
362302
362464
362501
362532
362676
362719
362726
362795
362862
362883
362931
362989
363046
363246
363295
363360
363400
363968
364019
364029
364176
364682
364905
365000
365172
365372
365433
365472
365477
365619
365851
366140
366172
366177
366212
366223
366349
366400
366506
366547
366637
366799
366977
367023
367081
367180
367185
367223
367273
367337
367701
367777
367797
368229
368340
368375
368402
368569
368631
368828
368838
369151
369152
369175
369293
369391
369658
369792
369945
370100
370101
370107
370273
370345
370357
370360
370500
370544
370800
371288
371305
371385
371618
371625
371702
371736
371931
371982
372154
372158
372274
372459
372498
372636
372688
372949
373055
373057
373171
373310
373411
373672
373729
373813
373879
374017
374243
374327
374529
374708
374910
374941
374983
375508
375511
375887
375927
376138
376153
376333
376472
376474
376533
376573
376615
376623
376657
376804
376824
376873
376906
376953
377138
377396
377508
377548
377580
377672
377777
377818
377849
377919
377968
378104
378122
378132
378191
378261
378346
378370
378387
378392
378628
378728
378794
378876
378983
379010
379173
379299
379321
379392
379667
379767
379797
379947
380022
380067
380103
380210
380237
380247
380294
380318
380411
380432
380551
380749
381018
381057
381127
381165
381553
381558
381836
382088
382596
382598
382677
382878
382881
382891
383100
383151
383311
383391
383415
383478
383483
383576
383580
383840
383874
383915
383921
383989
384352
384359
384453
384591
384639
384725
384744
384882
384902
385008
385040
385068
385323
385417
385473
385525
385681
385687
385799
386188
386283
386330
386394
386406
386576
386604
386710
386780
386876
386927
386952
387028
387049
387262
387433
387528
387623
387767
387978
387994
388201
388301
388385
388471
388476
388481
388495
388534
388538
388741
388753
388990
389050
389211
389272
389309
389600
389763
389803
390157
390180
390485
390630
390637
390642
390706
390902
391037
391056
391133
391253
391577
391637
391769
391942
392098
392355
392477
392703
392724
392927
393095
393301
393410
393525
393548
393632
393796
393872
394060
394145
394187
394414
394461
394956
394978
395006
395134
395135
395242
395325
395425
395535
395541
395966
396029
396107
396146
396158
396186
396201
396205
396238
396253
396256
396325
396326
396368
396491
396633
397034
397131
397377
397378
397458
397579
397651
397655
397848
397995
398002
398133
398184
398194
398348
398411
398458
398498
398678
398848
398881
398883
398906
399032
399044
399290
399301
399375
399735
400007
400082
400210
400397
400550
400602
400840
400888
400964
401131
401199
401275
401404
401437
401655
401698
401883
402040
402052
402062
402099
402229
402334
402517
402559
402563
402570
402751
402775
402874
402912
402928
402973
403015
403087
403128
403218
403518
403575
403591
403629
403743
403877
403888
403907
404177
404379
404414
404477
404741
404786
404956
404997
405010
405109
405153
405270
405466
405517
405630
405748
405773
405774
405807
405827
405871
405881
405921
405923
405952
406047
406262
406330
406499
406618
406729
406796
407010
407019
407032
407102
407249
407266
407418
407505
407524
407536
407653
407700
407775
407792
407936
407938
408057
408120
408149
408248
408253
408284
408297
408336
408362
408402
408455
408617
408623
408640
408852
408925
409132
409158
409160
409194
409325
409595
409666
409791
409793
409834
409848
409976
410256
410366
410392
410398
410456
410523
410563
410584
410600
410633
410660
410772
410799
410888
410901
411094
411380
411430
411541
411660
411713
412056
412094
412233
412491
412839
412845
412874
413059
413160
413217
413248
413313
413328
413345
413914
414012
414263
414345
414394
414395
414485
414593
414614
414670
414777
414786
414836
415119
415121
415170
415301
415317
415419
415507
415587
415967
416070
416076
416112
416158
416187
416191
416216
416368
416393
416717
416762
416800
416858
417029
417292
417391
417433
417538
417545
417608
417688
417690
417700
417793
417801
417805
417852
418019
418024
418234
418486
418588
418596
418681
418710
418725
418949
419047
419124
419208
419324
419330
419349
419386
419491
419501
419800
419981
420084
420105
420299
420436
420691
420708
420727
420773
420805
420986
421282
421288
421372
421464
421884
421891
421999
422029
422318
422350
422485
422613
422635
422901
423299
423384
423509
423545
423589
423754
423895
424021
424046
424100
424264
424342
424561
424666
425004
425185
425226
425245
425573
425647
425937
426090
426095
426374
426507
426526
426613
426634
426736
426792
426881
426937
426951
426967
427233
427404
427417
427477
427486
427499
427524
427587
427733
428034
428106
428152
428274
428302
428402
428433
428557
428608
428644
428694
428757
428883
428923
429040
429163
429233
429270
429295
429308
429395
429444
429616
429661
429815
430123
430135
430211
430214
430311
430763
430771
430794
431364
431625
431911
431944
432102
432199
432367
432452
432516
432563
432691
432759
432971
433057
433220
433243
433263
433307
433319
433922
433941
434136
434196
434216
434217
434409
434450
434585
434738
434804
434858
434867
434895
435008
435016
435190
435410
435460
435489
435642
435665
436404
436473
436729
436842
436863
437081
437094
437192
437312
437403
437440
437487
437562
437709
437727
437837
437902
438050
438086
438105
438124
438184
438199
438214
438252
438356
438731
438906
438979
438984
438986
439040
439130
439161
439249
439301
439396
439449
439564
439610
439620
439858
440049
440063
440245
440404
440452
440714
440723
440754
440765
440960
441016
441050
441207
441237
441297
441427
441445
441590
441624
441677
441695
441750
441776
441929
442331
442376
442427
442537
442931
442941
442986
443121
443163
443296
443330
443378
443426
443776
443805
443816
444056
444105
444165
444170
444210
444252
444305
444308
444355
444378
444385
444448
444763
444787
444814
444832
444947
445050
445060
445075
445140
445249
445271
445360
445412
445413
445417
445613
445846
445904
445961
446086
446160
446164
446170
446327
446339
446547
446662
446688
446775
446901
447044
447415
447433
447558
447570
447603
447745
447789
447798
447809
447873
447966
448044
448086
448390
448390
448527
448753
448834
448837
448850
448867
448935
449065
449101
449179
449235
449299
449350
449452
449514
449722
449787
449869
449942
449980
450064
450180
450224
450267
450328
450347
450406
450411
450471
450490
450605
450691
450726
450931
450950
450979
451002
451084
451223
451242
451378
451470
451537
451595
452044
452056
452260
452391
452544
452551
452575
452586
452595
452599
452645
452728
452927
453065
453099
453221
453503
453526
453807
453974
454002
454168
454171
454218
454318
454348
454360
454546
454784
454786
454986
455099
455205
455213
455272
455347
455433
455472
455504
455548
455620
455839
455866
455879
455946
455951
455978
456007
456095
456132
456174
456278
456366
456435
456474
456481
456505
456543
456632
456963
457369
457697
457871
457907
458031
458036
458224
458249
458296
458568
458702
458729
458751
458996
459091
459608
459674
459722
459749
459789
459853
459875
459967
460059
460254
460311
460378
460416
460420
460422
460433
460553
460640
460839
460879
460884
461130
461156
461171
461268
461342
461474
461538
461586
461772
461776
461842
461924
461938
461974
462051
462151
462251
462269
462272
462320
462412
462418
462431
462487
462533
462732
462839
463059
463234
463307
463371
463408
463649
463685
463758
463763
463790
463840
463924
464137
464215
464316
464343
464483
464540
464645
464702
464947
464964
464989
465058
465271
465302
465331
465347
465399
465418
465425
465436
465545
465587
465684
465698
465741
465786
466098
466235
466243
466327
466349
466478
466534
466541
466598
466633
466679
466818
466895
466915
466925
466967
466976
467088
467128
467253
467414
467416
467459
467504
467605
468002
468066
468688
468859
468893
468997
469020
469061
469135
469230
469246
469401
469411
469459
469588
469732
469766
469796
469880
469924
469952
470061
470082
470109
470214
470227
470300
470591
470775
470813
470888
471048
471062
471062
471184
471208
471229
471384
471541
471604
471615
471660
471786
471810
471960
472040
472176
472182
472240
472456
472464
472471
473065
473194
473245
473338
473489
473512
473547
473587
473660
473771
473858
474025
474240
474251
474389
474589
474610
474739
475169
475229
475255
475274
475338
475364
475735
475789
476018
476265
476365
476428
476449
476491
476510
476677
476795
476797
476806
477046
477108
477198
477459
477485
477623
477632
477654
477659
477735
477799
477802
478007
478307
478366
478437
478584
478682
478722
478749
478780
479083
479291
479292
479316
479330
479387
479472
479485
479555
479587
479779
479902
480059
480109
480218
480222
480248
480249
480407
480661
480761
480899
480966
480966
481222
481251
481294
481378
481428
481493
481570
481704
481811
481972
482144
482257
482789
482977
483144
483274
483366
483418
483600
483831
483906
483912
483927
484000
484166
484198
484261
484300
484354
484496
484549
484582
484821
484854
484950
484969
485014
485175
485227
485236
485277
485366
485435
485555
486059
486096
486182
486189
486254
486338
486858
486904
487019
487043
487068
487070
487082
487105
487651
487656
487676
487816
487872
488039
488066
488070
488122
488188
488252
488342
488511
488632
489040
489064
489220
489662
489809
489975
490169
490192
490247
490316
490428
490574
490842
490863
490941
490972
491070
491101
491123
491297
491302
491336
491497
491626
491715
492093
492097
492138
492193
492204
492228
492311
492318
492416
492498
492553
492556
492662
492708
492825
492836
493158
493168
493347
493467
493734
493821
493855
493980
493984
494055
494095
494482
494897
494926
494971
494994
495642
495719
495768
495928
495949
495999
496338
496343
496623
496897
496920
497042
497194
497211
497270
497354
497548
497600
497695
497931
498106
498380
498573
498602
498672
498835
498891
498899
498947
498984
499188
499204
499325
499352
499357
499375
499439
499518
499618
499708
499934
499943
499975
500049
500053
500204
500341
500406
500432
500578
500607
500675
500839
500925
501023
501042
501061
501185
501358
501499
501692
501973
502174
502401
502434
502651
502708
502879
502933
502943
502957
503035
503045
503098
503161
503279
503470
503490
503527
503543
503564
503878
504078
504095
504150
504243
504375
504650
504740
504779
504817
504856
505065
505096
505100
505233
505386
505422
505529
505547
505685
505739
505801
505987
506010
506047
506054
506153
506545
506602
506645
506669
506780
506808
506813
506944
507096
507212
507239
507328
507329
507448
507491
507496
507567
507931
507933
508051
508066
508123
508128
508167
508228
508299
508373
508388
508402
508528
508548
508670
508816
508859
508878
509082
509101
509101
509114
509452
509528
509547
509828
509865
510001
510219
510433
510642
510742
510933
511021
511700
511702
511770
511842
511965
511988
512682
512721
512733
512758
512819
512865
512951
513003
513080
513102
513280
513491
513509
513548
513807
513815
513938
514107
514111
514347
514452
514481
514601
514790
514803
514863
515041
515067
515185
515217
515225
515241
515277
515386
515435
515548
515672
515680
515684
515877
515890
516149
516581
516730
516811
516863
517005
517105
517122
517132
517193
517224
517296
517331
517385
517405
517709
517758
517913
518033
518121
518142
518346
518393
518758
518771
518817
518825
518854
519028
519453
519500
519582
519583
519687
519688
519695
519710
519845
519877
519892
519953
520147
520345
520373
520531
520545
520561
520627
520636
520636
520809
520827
520845
520926
521085
521351
521591
521620
521786
521794
521837
521928
521959
522083
522190
522202
522319
522321
522579
522580
522624
522625
522719
522747
522960
522970
522984
523186
523253
523258
523512
523525
523731
523855
523961
523965
523975
524270
524275
524293
524359
524675
524715
524756
524760
524827
525243
525289
525341
525358
525378
525841
525914
525944
526083
526232
526435
526524
526690
526696
526810
526903
527028
527120
527140
527270
527278
527288
527295
527351
527362
527408
527464
527515
527544
527623
527920
528000
528103
528116
528117
528172
528535
528688
528691
528728
528828
528844
528979
529124
529212
529285
529323
529349
529382
529440
529551
529678
529731
529751
529825
529836
529993
530120
530263
530419
530454
530656
531047
531150
531170
531190
531320
531321
531383
531422
531602
532007
532056
532081
532193
532246
532264
532447
532625
532656
532738
532739
532799
533043
533221
533236
533431
533581
533669
533735
533767
533874
533912
533944
534137
534279
534306
534640
534711
534765
534766
534866
534882
534895
535025
535055
535121
535155
535220
535280
535296
535305
535577
535660
535964
536027
536175
536181
536226
536254
536462
536790
536794
536873
536904
536913
536972
537251
537269
537385
537388
537540
537549
537614
537634
537645
537767
537803
537897
538210
538541
538806
539061
539078
539176
539188
539282
539656
539700
539725
539762
539905
540125
540132
540328
540432
540567
540965
541006
541185
541286
541381
541414
541599
541600
541717
541744
541880
542144
542497
542579
542817
542886
542893
542975
543034
543215
543408
543774
543920
544010
544128
544132
544235
544648
544811
544881
544941
545055
545132
545200
545203
545343
545593
545620
545852
545946
545951
545976
546031
546041
546408
546589
546620
546629
546660
546715
546809
547480
547555
547560
547564
547572
547640
547699
547795
547892
548031
548077
548269
548386
548506
548599
548625
548716
548767
548996
549010
549106
549106
549212
549258
549301
549368
549395
549443
549462
549523
549944
549957
549979
550252
550312
550359
550628
550646
550733
550843
551148
551231
551328
551356
551539
551544
551548
551573
551835
551879
551935
551964
552102
552187
552190
552201
552505
552546
552832
552937
553048
553176
553180
553349
553370
553500
553515
553652
553821
553907
553963
554006
554284
554291
554325
554370
554518
554558
554565
554629
554656
554856
554889
555073
555454
555457
555487
555597
555767
555971
556056
556125
556375
556473
556488
556505
556647
556694
556837
557203
557241
557252
557292
557478
557555
557566
557577
557688
557784
557794
558200
558203
558217
558339
558364
558369
558400
558588
558715
558812
558835
559011
559018
559105
559207
559262
559340
559630
559837
559912
560175
560268
560335
560370
560408
560412
560493
560548
560582
560613
560676
560691
560700
560742
560953
561045
561203
561328
561385
561409
561540
561571
561700
561835
561855
561932
562098
562459
562524
562557
562581
562605
562617
562675
562716
562724
562851
563128
563145
563348
563486
563524
563651
563688
563715
563786
563829
563845
564062
564101
564160
564280
564826
564922
564994
565042
565093
565138
565405
565810
565988
566081
566174
566180
566228
566441
566597
566625
566627
566694
566759
566778
566903
566958
567234
567299
567579
567625
567642
567694
567794
567841
568070
568252
568277
568288
568344
568685
568713
568747
568963
569106
569126
569165
569340
569504
569683
569899
569905
570102
570207
570218
570273
570329
570454
570484
570506
570769
570912
570923
571218
571328
571383
571498
571551
571575
571907
571934
571938
572109
572244
572445
572478
572695
572806
572899
573044
573056
573110
573134
573182
573197
573291
573444
573506
573626
573853
574171
574310
574360
574398
574430
574531
574772
574963
575000
575171
575199
575240
575430
575569
575635
575636
575869
576132
576215
576527
576587
576647
576728
576737
576802
576892
577006
577518
577853
577912
578004
578033
578306
578423
578569
578587
578757
578926
578960
579090
579213
579414
579442
579520
579556
579599
579611
579806
579806
579823
579902
579941
580302
580361
580494
580681
580800
581056
581113
581167
581303
581348
581367
581378
581593
581597
581639
581749
581794
581852
582010
582078
582200
582202
582356
582415
582459
582532
582811
582904
582953
583280
583320
583383
583487
583548
583798
583900
583983
584119
584208
584218
584258
584322
584460
584505
584560
584604
584983
585149
585315
585322
585435
585455
585503
585779
585915
585998
586068
586163
586197
586204
586206
586209
586372
586420
586484
586494
586518
586553
586558
586606
586637
586654
586685
586845
587040
587411
587426
587699
587774
587783
587831
588132
588176
588205
588271
588301
588386
588388
588652
588744
589075
589076
589162
589167
589357
589428
589444
589473
589524
589536
589619
589848
589859
589950
589957
590218
590310
590406
590620
590703
590717
590739
590955
591014
591065
591215
591368
591392
591511
591524
591588
591655
591868
592072
592275
592450
592535
592677
592771
592788
592991
593232
593380
593399
593426
593530
593542
593594
593867
594388
594500
594809
594910
594939
594961
595273
595361
595577
595620
595865
596038
596043
596091
596255
596723
596810
596850
596967
596980
596980
597066
597168
597178
597222
597238
597308
597664
597703
597755
597921
597961
598029
598237
598302
598422
598624
598673
598704
598798
599064
599064
599128
599159
599303
599491
599583
599698
599745
600179
600220
600275
600307
600525
600765
600777
601026
601097
601107
601507
601529
601642
601707
601777
601779
601895
602007
602048
602192
602203
602441
602525
602625
602840
602894
603279
603365
603444
603459
603550
603626
603823
603862
603935
604019
604076
604183
604197
604206
604253
604516
604557
604859
605086
605090
605095
605098
605283
605284
605350
605481
605509
605599
605711
605792
606170
606176
606381
606429
606438
606556
606631
607002
607003
607044
607358
607374
607486
607538
607563
607590
607886
608066
608149
608342
608355
608405
608633
608688
608832
609156
609221
609282
609337
609355
609457
609602
609634
609796
610127
610352
610379
610450
610736
610880
611065
611160
611205
611222
611246
611526
611652
611788
611788
611801
611948
612075
612203
612238
612240
612483
612537
612545
612566
612639
612690
612911
612952
613079
613233
613346
613374
613437
613461
613523
613687
613961
613981
614157
614191
614322
614445
614540
614636
614783
614867
614936
614942
615046
615108
615253
615284
615344
615379
615555
615579
615692
615831
616015
616025
616045
616112
616154
616423
616573
616607
616629
616644
616738
616830
616838
616897
616990
616999
617287
617627
617630
617988
618248
618350
618371
618546
618820
619003
619018
619108
619197
619241
619273
619298
619320
619378
619492
619741
619794
619836
619869
619941
620011
620151
620209
620294
620297
620316
620687
620773
621089
621113
621137
621170
621263
621313
621461
621511
621536
621655
621713
622005
622014
622119
622200
622227
622278
622491
622749
623014
623225
623271
623417
623468
623494
623572
623644
623876
623947
624236
624274
624314
624319
624566
624573
624628
624630
624818
624910
624918
625004
625113
625121
625252
625336
625661
625672
625771
625995
626026
626042
626111
626220
626282
626398
626450
626537
626539
626701
626779
626927
627276
627315
627352
627560
627638
627715
627942
627991
628046
628055
628098
628167
628199
628207
628464
628475
628532
628654
628688
628722
628988
629473
629670
629761
629928
629970
630030
630054
630084
630406
630510
630898
630936
631139
631163
631482
631718
631757
631860
632032
632172
632238
632270
632334
632424
632438
632480
632912
632974
633067
633200
633539
633549
633782
634074
634210
634213
634271
634333
634345
634391
634699
634766
634845
634869
634971
635024
635040
635102
635319
635375
635423
635542
635564
635587
635760
635775
635841
635879
635975
635993
636028
636086
636165
636170
636547
636556
636580
636684
636821
637076
637182
637220
637232
637312
637541
637559
637569
637649
637655
637663
637958
638192
638330
638338
638412
638473
638578
638582
638649
638867
639015
639225
639259
639271
639332
639452
639555
639703
639721
639794
639886
639886
639935
640038
640291
640452
640571
640678
640771
640808
640956
640962
641211
641287
641340
641361
641620
641668
641848
641879
641899
641974
642098
642182
642229
642359
642387
642780
642864
642985
642986
642998
643000
643052
643057
643110
643128
643223
643243
643268
643342
643376
643396
643399
643559
643589
643663
643703
643932
643982
644307
644541
644546
644547
644581
644679
644715
644772
644817
644918
645040
645150
645202
645256
645309
645349
645367
645487
645576
645631
645711
645745
645874
645881
646013
646024
646113
646263
646325
646575
646581
646600
646747
646792
646833
646835
646874
647258
647323
647334
647378
647434
647607
647659
647684
647714
647900
647943
648017
648049
648057
648165
648212
648270
648500
648651
648786
648824
648865
649087
649145
649306
649587
649635
649693
649704
650108
650129
650137
650147
650480
650532
650544
650583
650594
650716
650929
651011
651033
651230
651309
651312
651450
651539
652080
652117
652210
652460
652508
652682
652791
652977
653065
653393
653621
653627
653711
653716
653769
653817
653920
654034
654172
654190
654253
654281
654301
654417
654464
654492
654526
655182
655302
655433
655518
655661
655835
656039
656085
656189
656193
656201
656376
656660
656795
656929
656960
656967
656979
657090
657105
657130
657170
657254
657292
657310
657383
657564
657575
658040
658131
658206
658271
658282
658400
658439
658614
658754
658782
658789
659110
659184
659208
659310
659353
659448
659456
659492
659508
659564
659610
659928
659938
659950
660010
660040
660087
660231
660240
660310
660383
660693
660807
660927
661180
661279
661477
661492
661507
661538
661605
661617
661793
661831
661833
661920
661922
661977
662013
662057
662167
662255
662453
662457
662574
662650
662674
662735
662750
662932
663202
663228
663248
663395
663482
663695
663850
663887
663940
664094
664108
664159
664292
664400
664568
664749
664863
664904
665020
665125
665256
665335
665371
665449
665474
665514
665606
665750
665794
665960
666096
666129
666347
666587
666673
666812
667098
667397
667677
667736
667870
667911
667951
668066
668117
668138
668181
668397
669063
669159
669208
669321
669834
669918
669957
670038
670188
670209
670238
670377
670556
670717
670741
670754
670914
670919
671022
671096
671128
671231
671250
671280
671728
671866
671913
672029
672056
672088
672107
672142
672247
672271
672280
672382
672447
672502
672547
672550
672583
672703
672882
673020
673042
673279
673431
673570
673641
673655
673745
673751
673818
673827
673882
673986
674160
674326
674352
674486
674608
674650
674676
674777
674889
674895
675347
675430
675448
675462
675482
675499
675743
675841
675961
676007
676046
676109
676238
676364
676572
676595
676662
676886
676997
677030
677069
677242
677344
677413
677437
677583
677766
677820
678025
678054
678174
678223
678319
678446
678683
678719
678773
678892
678990
678997
679019
679173
679312
679511
679610
679628
679707
679836
679911
679997
680086
680168
680290
680344
680494
680654
680691
680711
680780
681161
681240
681534
681574
681618
681690
681814
681897
681988
682112
682400
682435
682624
682668
682678
682947
683022
683075
683196
683356
683381
683432
683472
683475
683488
683496
684126
684238
684257
684313
684397
684592
684613
684621
684748
684980
685077
685418
685419
685499
685572
685581
685603
685640
685772
685802
685834
685895
685941
685943
686001
686156
686242
686268
686329
686729
686801
686810
686837
686920
687123
687147
687248
687350
687466
687693
687701
687733
687778
687779
687892
687968
688041
688131
688323
688467
688611
688669
688693
688810
688891
688913
688924
689343
689390
689466
689523
689545
689663
689736
689873
689892
689972
690038
690049
690126
690399
690584
690767
690801
690819
690825
690838
690966
690979
691036
691101
691145
691174
691191
691261
691288
691354
691403
691434
691484
691524
691541
691584
691618
691739
691752
691790
691855
691903
692038
692095
692117
692186
692208
692248
692423
692432
692492
692575
692661
692671
692730
693001
693146
693524
693610
693636
693745
694017
694342
694456
694512
694576
694775
694880
694959
695164
695283
695331
695495
695506
695564
695805
695865
695903
695979
696260
696419
696583
696772
696826
696842
696905
696919
696966
697092
697145
697164
697167
697190
697226
697283
697892
697953
697968
698220
698263
698273
698299
698326
698541
698567
698751
698776
698800
698806
698902
698931
699074
699098
699142
699283
699414
699426
699479
699525
699653
699666
699731
699809
699843
700030
700057
700075
700153
700537
700803
700817
700874
700969
701328
701330
701484
701518
701564
701826
701942
702256
702505
702511
702742
702764
702819
702844
702905
702910
702987
703221
703326
703553
703649
703694
703751
704061
704134
704348
704479
704653
704717
704764
704771
704784
704818
704911
704995
705080
705123
705215
705238
705371
705534
705567
705616
705644
705672
705737
705863
706197
706292
706463
706476
706896
706944
706999
707081
707235
707288
707510
707513
707854
707912
708014
708054
708243
708343
708350
708366
708797
709057
709217
709267
709279
709314
709392
709774
709845
709913
709976
710010
710106
710121
710228
710395
710423
710499
711135
711150
711239
711295
711713
711755
711794
711826
711895
711898
711902
711919
712038
712206
712292
712303
712374
712456
712585
712662
712810
712835
713034
713060
713069
713074
713084
713437
713636
713909
713965
714031
714153
714163
714198
714219
714381
714513
714627
714823
715002
715234
715278
715361
715370
715448
715455
715589
715680
715703
715732
715828
715848
715886
715918
715967
716109
716186
716214
716230
716241
716460
716460
716544
716610
716664
716784
716846
717105
717503
717597
717600
717701
717827
717958
718050
718154
718160
718224
718386
718599
718601
718654
718689
718712
718744
718761
718882
718896
719016
719132
719352
719452
719490
719531
719729
719768
719795
719808
719843
720036
720067
720140
720236
720241
720429
720448
720544
720554
720594
720674
720791
720810
720812
720823
720826
720853
720872
720977
721066
721094
721099
721138
721152
721423
721511
721665
721898
722022
722129
722195
722209
722371
722407
722474
722627
722671
722680
722738
722760
722767
722795
722963
722974
723030
723086
723256
723258
723501
723611
723795
723941
724115
724405
724482
724553
724661
724701
724753
724858
724878
724945
724976
725004
725025
725034
725176
725623
725743
726044
726098
726126
726209
726266
726316
726512
726605
726780
726899
726925
726963
727029
727078
727326
727552
727579
727664
727834
727906
728004
728088
728151
728306
728369
728371
728408
728486
728610
728683
728748
728832
728988
729053
729233
729253
729323
729348
729382
729552
729639
729718
729739
729757
729765
729792
730121
730185
730223
730302
730400
730547
730709
730960
731173
731279
731398
731482
731741
731877
731883
732097
732506
732604
732616
732679
732755
733133
733312
733664
733698
733745
734213
734319
734320
734437
734453
734535
734580
734611
734731
734890
734922
735030
735247
735267
735576
735641
735752
735774
735850
735985
736177
736295
736429
736471
736747
736761
736826
736829
736875
736989
737469
737484
737572
737674
737719
737780
737907
738168
738200
738614
738739
738817
738856
738941
738995
739520
739545
739868
740202
740245
740251
740281
740360
740365
740384
740650
740748
740782
740807
740918
740920
741025
741171
741337
741526
741917
742038
742282
742333
742452
742520
742547
742578
742839
742910
742985
742995
743076
743109
743114
743142
743210
743425
743486
743562
743596
743602
743839
743855
744011
744086
744131
744326
744365
744417
744548
744680
744693
744802
744812
744871
744934
745108
745131
745177
745202
745232
745262
745298
745394
745464
745511
745751
745871
746000
746124
746131
746433
746457
746477
746487
746515
746561
746565
746697
747113
747145
747472
747499
747530
747619
747776
747781
747921
747981
747992
748024
748027
748039
748204
748225
748247
748259
748703
748717
748798
748799
749027
749042
749052
749062
749072
749140
749173
749188
749340
749419
749501
749515
749616
749868
750194
750349
750470
750684
750766
751119
751132
751315
751343
751392
751444
751452
751532
751809
752013
752047
752064
752195
752225
752374
752558
752590
752724
752851
752941
752999
753071
753125
753316
753528
753542
753581
753585
753603
753605
753748
753759
753819
753850
754055
754076
754158
754166
754342
754344
754455
754543
754612
754714
754763
754767
754770
754820
754921
754938
755005
755078
755144
755248
755420
755453
755536
755692
755787
755879
755904
755966
756058
756113
756127
756235
756318
756555
756564
756613
756619
756758
756796
757059
757071
757184
757295
757458
757497
757532
757540
757541
757632
757836
757879
758043
758164
758204
758427
758699
758830
758895
758946
759048
759289
759502
759543
759696
760274
760281
760288
760427
760444
760491
760696
760712
760996
761005
761420
761503
761519
761528
761711
761725
761955
761984
762004
762033
762137
762198
762240
762337
762409
762433
762479
762491
762551
762774
762894
762929
762990
763376
763408
763671
764054
764109
764235
764405
764513
764598
764720
764749
764835
765065
765107
765135
765138
765162
765224
765295
765400
765463
765607
765643
765699
765777
765848
765872
765906
766020
766020
766303
766376
766386
766411
766421
766436
766579
766640
766656
766694
766756
766777
766862
767297
767312
767321
767407
767481
767538
767610
767747
767759
767831
767966
768283
768308
768457
768728
768826
768840
768975
769105
769118
769256
769273
769329
769365
769625
769998
770009
770212
770245
770251
770301
770323
770362
770507
770696
770727
770809
770814
771058
771195
771207
771607
771608
771645
771653
771780
771819
771823
771914
772054
772081
772130
772131
772235
772260
772370
772371
772439
772516
772567
772590
772691
772857
772886
773048
773050
773191
773198
773370
773485
773623
773687
773945
774153
774177
774287
774438
774454
774523
774608
774644
774710
774776
774798
774804
774856
774902
775039
775134
775307
775360
775533
775628
775678
776050
776186
776224
776318
776366
776587
776671
776684
776783
776787
776807
776927
777055
777192
777335
777367
777381
777424
777432
777753
777756
777992
777992
778015
778187
778351
778476
778606
778683
778722
778728
778774
778792
778798
778802
779031
779039
779137
779291
779426
779545
779559
779676
779790
780252
780329
780331
780364
780432
780435
780624
780735
780863
780899
781357
781440
781734
781897
781967
781981
782130
782242
782345
782370
782421
782454
782487
782594
782597
782634
782671
782819
782885
782945
782953
782997
783006
783280
783995
784082
784145
784146
784636
784723
784986
785469
785528
785717
785751
785785
785848
785961
785978
786234
786253
786359
786519
786590
786614
786775
786888
786928
787047
787341
787695
787720
787749
787814
787962
788103
788107
788116
788126
788507
788536
788850
788991
789149
789182
789197
789423
789538
789574
789600
789693
789704
789843
789876
789878
790062
790102
790356
790448
790473
790552
790674
790747
790823
790898
790985
791284
791344
791415
791417
791491
791615
791641
791678
791716
791837
792254
792290
792467
792590
792612
792693
792760
792855
792915
792958
793046
793075
793154
793240
793242
793286
793344
793456
793683
793863
794265
794549
794589
794643
794718
794736
794743
794769
794799
794954
795082
795155
795361
795379
795404
795524
795699
795721
795732
795832
795849
795879
795952
795979
796003
796063
796180
796306
796411
796439
796554
796586
796611
796711
796745
796769
797079
797133
797202
797370
797550
797626
797705
797724
797806
797830
797862
798377
798387
798527
798595
798597
798701
798767
798850
798871
799003
799024
799203
799445
799602
799626
799648
799874
799989
799997
800492
800652
800672
800684
800713
801202
801207
801215
801228
801284
801330
801362
801443
801455
801472
801487
801499
801826
801940
802046
802063
802160
802170
802215
802216
802241
802487
802629
802643
802667
802704
802795
802842
802976
803002
803019
803066
803150
803387
803611
803631
803826
803983
804435
804525
804820
804958
805126
805259
805382
805582
805743
805905
805981
805988
806004
806047
806433
806823
807423
807455
807486
807740
807779
807793
808046
808056
808261
808301
808363
808525
808928
809520
809546
809766
809820
809877
809906
809992
810276
810277
810302
810372
810739
810812
810813
810856
810909
811021
811097
811216
811583
811619
811656
811891
811974
812022
812024
812045
812055
812136
812200
812202
812323
812390
812451
812488
812499
812529
812668
812741
812753
812878
812935
812971
813185
813224
813252
813461
813464
813644
813922
813959
813959
813976
814123
814246
814257
814328
814342
814350
814552
814564
814565
814632
814658
814750
814768
814896
814922
814939
814959
814996
815014
815163
815317
815406
815430
815434
815495
815559
815768
816076
816211
816255
816315
816316
816336
816365
816935
816959
816988
817009
817189
817200
817327
817345
817496
817578
817698
817810
817957
817984
818157
818280
818318
818418
818436
818438
818441
818595
818643
818655
818656
818664
818770
818772
819291
819324
819361
819437
819444
819477
819495
819549
819855
819963
820086
820123
820143
820166
820481
820668
820670
821246
821272
821479
821579
821606
821674
821752
821801
821831
821855
821882
821900
822007
822142
822155
822236
822243
822366
822382
822417
822516
822670
822705
822747
822763
822895
823248
823265
823387
823496
823633
823853
823865
824106
824117
824150
824161
824357
824429
824516
824520
824632
824677
824818
824851
825143
825235
825460
825482
825494
825542
825636
825639
825676
825935
825937
826041
826136
826185
826478
826610
826611
826731
826767
826951
826985
827032
827119
827191
827236
827397
827479
827496
827562
827598
827608
827695
827750
827771
827846
828286
828570
828696
828881
828926
829142
829181
829183
829188
829406
829535
829694
829703
829795
830014
830063
830145
830292
830569
830589
830677
830701
830745
830829
830830
831116
831130
831183
831226
831236
831280
831315
831331
831454
831616
831670
831727
831810
831819
831875
831876
831878
831918
831991
832159
832286
832613
833007
833068
833526
833564
833662
833667
833681
833886
834054
834092
834120
834227
834618
834692
834722
834730
834730
834731
834797
834827
834940
835092
835121
835186
835200
835201
835227
835350
835411
835561
835707
835870
836049
836182
836194
836275
836344
836387
836505
836550
836661
836684
836869
836943
837084
837395
837463
837473
837605
837649
837692
837720
837940
838018
838137
838196
838209
838237
838255
838306
838408
838442
838474
838511
838557
838606
838678
838717
838853
838874
839051
839245
839254
839327
839456
839465
839476
839517
839555
839571
839762
839932
839940
839996
840026
840208
840323
840724
840775
840791
841177
841208
841335
841469
841557
841731
841825
841863
841941
841963
841986
842099
842115
842159
842639
842739
842966
843102
843426
843499
843573
843718
843742
843817
844032
844055
844062
844144
844238
844284
844316
844376
844537
844587
844608
844700
844847
845030
845299
845373
845563
845617
845771
846064
846144
846176
846228
846233
846297
846325
846377
846389
846654
846998
847265
847291
847344
847378
847570
847874
847967
848240
848287
848465
848501
848519
848571
848627
848666
848673
848685
848723
848747
848899
848981
849417
849537
849699
849704
850224
850226
850263
850476
850573
850629
850642
850797
850849
850920
851116
851118
851149
851168
851186
851268
851292
851335
851370
851609
851682
851755
851890
851891
851984
852011
852149
852196
852328
852364
852601
852632
852684
852701
852773
852791
852844
853025
853085
853268
853287
853465
853485
853734
853983
854043
854151
854284
854310
854325
854360
854431
854496
854604
855033
855044
855117
855141
855210
855258
855331
855564
855600
855790
856026
856175
856436
856546
856751
856760
856773
856886
856921
856948
856948
857253
857315
857379
857421
857582
857633
857701
857811
857885
858028
858101
858101
858210
858235
858294
858306
858320
858329
858494
858514
858583
858671
858860
858978
859019
859254
859402
859525
859695
859761
859831
859903
859936
860311
860357
860385
860599
860684
860828
860885
860966
861077
861320
861427
862058
862094
862157
862326
862591
862675
862716
862881
863001
863054
863060
863096
863104
863212
863316
863321
863344
863376
863601
863696
863811
863921
864252
864402
864417
864507
864665
864868
864941
864957
865079
865097
865100
865322
865673
865736
865822
865894
866046
866082
866102
866221
866319
866432
866456
866704
866758
866866
866941
867028
867070
867160
867161
867203
867216
867283
867660
867876
867945
867980
868000
868028
868041
868126
868136
868149
868184
868242
868263
868283
868464
868574
868979
869165
869177
869199
869302
869319
869523
869529
869548
869567
869616
869634
869851
869885
869908
870033
870175
870223
870315
870500
870628
870670
870771
870846
870923
870932
870968
871102
871140
871314
871517
871706
871787
871960
871992
872019
872050
872278
872280
872305
872405
872497
872514
872518
872604
872616
872651
872855
873224
873225
873228
873272
873377
873409
873471
873673
873795
873825
873869
874118
874273
874411
874473
874485
874528
874575
874803
874950
875136
875139
875229
875307
875434
875486
875564
875721
875850
875915
876070
876095
876143
876356
876488
876664
876733
876754
876756
876939
876952
877016
877041
877092
877217
877336
877402
877554
877666
877681
877755
877784
878044
878458
878532
878996
879043
879087
879368
879374
879523
879547
879564
879650
879763
879842
880036
880156
880190
880220
880452
880510
880522
880604
880639
880795
880802
880840
880859
880991
881010
881048
881052
881061
881510
881633
881745
881766
881775
881831
881886
882049
882062
882401
882423
882706
882815
882822
882884
882936
882954
883055
883143
883151
883349
883374
883559
883583
883753
883755
883889
883934
884156
884430
884430
884498
884615
884836
884872
884971
884979
885117
885127
885262
885300
885411
885498
885501
885562
885595
885724
885780
885822
885948
885960
886081
886241
886410
886579
886636
886791
886998
887076
887258
887448
887534
887571
887879
887917
888099
888195
888271
888380
888554
888597
888923
888945
888959
889145
889262
889263
889311
889327
889345
889411
889534
889783
889882
890024
890043
890297
890308
890374
890472
890505
890533
890781
891000
891075
891156
891579
891580
891798
891958
892052
892149
892150
892174
892230
892240
892363
892634
892645
892757
892947
893345
893675
893793
893807
894085
894114
894760
894796
894881
895039
895454
895487
895906
895935
896187
896196
896203
896228
896267
896738
896839
896840
896874
897027
897214
897257
897415
897645
897650
897742
897837
897921
897947
897963
898067
898159
898265
898293
898327
898396
898469
898563
898594
898732
898780
898788
898932
898940
899034
899224
899372
899634
899723
899869
899916
900125
900216
900296
900299
900327
900668
900693
900716
900899
900956
901004
901250
901794
901811
901835
902037
902050
902080
902179
902222
902254
902319
902498
902515
902533
902654
902658
902760
902867
902932
902944
902986
903058
903254
903302
903344
903466
903562
903572
903759
903761
903770
903778
903891
903943
903949
903979
904094
904310
904330
904383
904581
904673
904920
905113
905172
905180
905226
905244
905732
905865
905931
906070
906173
906366
906378
906386
906580
906856
907022
907149
907204
907333
907354
907423
907430
907713
907844
907938
907957
908059
908094
908204
908263
908312
908589
908669
908729
908828
908994
909130
909227
909240
909365
909506
909511
909673
909732
909835
909874
909973
910098
910231
910256
910303
910617
910637
910651
910748
910778
910931
911217
911290
911389
911531
911612
911615
911625
911675
911679
911726
911998
912299
912323
912475
912526
912622
912649
912746
912765
913101
913256
913351
913414
913659
913747
913764
913820
913917
914363
914396
914405
914484
914526
914540
914646
914682
914939
915004
915029
915154
915685
915715
915937
916176
916278
916368
916448
916527
916546
916592
916669
916670
916715
916988
917205
917361
917775
917794
917837
917916
918013
918095
918223
918287
918311
918471
918620
918629
918716
918740
919075
919085
919317
919506
919574
919609
919621
919687
919735
919922
920149
920189
920248
920249
920303
920373
920422
920556
920911
921206
921242
921286
921421
921463
921477
921496
921510
921526
921681
921716
921808
921977
922017
922415
922664
922671
923073
923181
923209
923270
923498
923616
923698
923723
923803
923840
923857
923937
923947
924076
924118
924138
924191
924259
924326
924412
924434
924525
924606
924642
924714
924749
924918
924955
924986
925018
925090
925205
925245
925247
925258
925279
925339
925514
925555
925584
925638
925711
925716
925829
925856
925876
926067
926349
926566
926576
926611
926907
927010
927198
927232
927281
927375
927639
927699
927769
928018
928026
928220
928251
928307
928344
928357
928376
928464
928606
928636
928703
929144
929150
929162
929472
929525
929567
929660
929722
929828
929853
929923
930104
930241
930326
930385
930394
930437
930487
930499
930503
930652
930696
930752
931050
931081
931100
931216
931348
931519
931535
931603
931695
931832
931851
931914
932014
932094
932251
932297
932391
932405
932416
932528
932549
932698
932761
932857
932867
932868
932940
932968
933000
933078
933091
933420
933565
933673
933719
934099
934171
934233
934354
934368
934373
934530
934789
934796
934808
934809
934828
934857
934904
934929
934953
934990
935374
935454
935481
935621
935639
935647
935687
935794
935839
935856
935866
936011
936032
936033
936060
936193
936337
936420
936428
936545
936596
936759
936829
936907
936930
937093
937289
937418
937473
937630
937646
937660
937670
937691
937727
937782
937824
937927
937948
938209
938212
938318
938457
938529
938544
938608
938617
938679
938871
938951
939624
939798
939992
940001
940013
940111
940232
940260
940262
940384
940455
940478
940495
940517
940763
940888
940981
941426
941556
941787
942020
942287
942301
942344
942989
943122
943189
943352
943372
943547
943557
943684
943712
943847
943894
943933
944030
944032
944231
944253
944485
944541
944566
944649
944659
944675
944920
944929
944974
945092
945138
945253
945337
945348
945414
945547
945864
945897
945922
945955
946182
946357
946445
946796
946813
946842
946848
946876
946972
947073
947096
947104
947134
947147
947190
947240
947286
947419
947440
947449
947523
947530
947575
947609
947730
947745
947745
947974
947982
948026
948077
948081
948094
948131
948353
948407
948528
948809
948817
949053
949206
949423
949695
949937
949948
950149
950179
950234
950322
950403
950525
950599
950629
950671
950707
950715
950801
950882
950920
950942
951217
951293
951440
951484
951488
951609
951778
951808
951831
951919
951997
952246
952260
952292
952368
952383
952447
952527
952594
953010
953210
953278
953433
953435
953488
953612
953644
953796
953928
954010
954012
954026
954031
954118
954298
954322
954349
954492
954685
954688
954698
954771
954813
954921
955057
955141
955326
955375
955793
956025
956474
956589
956596
956968
956994
957141
957483
957821
957917
958026
958050
958098
958458
958469
958520
958607
958618
958650
958708
958752
958779
958811
958987
959041
959062
959136
959311
959521
959570
959634
959702
959730
959770
960051
960118
960189
960274
960497
960558
960577
960632
960826
960959
961096
961198
961304
961333
961503
961575
961743
961761
961884
961886
961921
962133
962162
962287
962300
962310
962328
962374
962514
962547
962581
962726
962894
962915
962971
963016
963075
963123
963575
963626
963765
963795
963934
964029
964231
964386
964531
964561
964766
965246
965260
965381
965551
965565
965624
965705
965721
965993
966006
966018
966113
966396
966527
966704
966715
966805
966817
966937
966955
967044
967525
967587
967693
967731
967764
967772
967848
967914
967993
968135
968209
968250
968261
968483
968690
968788
968880
968894
968917
969154
969202
969247
969289
969315
969616
969678
969710
969871
969940
970130
970160
970260
970356
970403
970640
970642
970711
970759
970852
971219
971257
971284
971437
971493
971498
971584
971627
971632
971973
972145
972239
972276
972300
972704
972907
973035
973118
973252
973772
973806
973857
973895
973926
974014
974017
974039
974283
974377
974590
974697
974953
975016
975029
975031
975093
975133
975219
975240
975299
975580
975710
975729
975847
976020
976143
976522
976656
976712
976732
976770
976815
976845
976905
976911
976955
977061
977122
977216
977490
977499
977589
977666
977898
977923
978039
978196
978237
978250
978369
978428
978709
978747
978763
978812
978899
979005
979024
979059
979204
979245
979314
979520
979529
979635
979904
979950
980054
980132
980171
980344
980575
980616
980707
981065
981159
981345
981469
981492
981516
981700
981725
981843
981890
981933
982240
982315
982402
982410
982451
982746
982791
982924
982938
982940
983020
983097
983104
983124
983142
983668
983767
983909
983914
983946
984081
984124
984161
984443
984493
984630
984654
984903
984990
984997
985240
985312
985394
985415
985418
985452
985459
985524
985807
985843
985855
985863
985873
985949
986265
986313
986413
986692
986750
986848
986903
986932
987044
987055
987249
987317
987410
987411
987415
987536
987543
987711
987764
987924
987975
988047
988100
988108
988206
988271
988288
988455
988682
988827
989006
989105
989127
989171
989198
989214
989238
989448
989562
989719
990000
990109
990424
990688
990795
990803
990810
990861
991303
991375
991575
991588
991691
991726
991773
991835
991970
991980
992116
992179
992235
992357
992385
992515
992640
992849
992866
992946
993110
993162
993691
993731
993804
994190
994224
994286
994316
994377
994478
994488
994649
994833
994852
994878
994923
995166
995452
995469
995548
995621
995707
995815
996018
996168
996246
996257
996261
996454
996493
996559
996559
996561
996583
996960
997056
997234
997432
997513
997637
997745
997760
997841
997845
997926
997982
998051
998255
998284
998287
998335
998351
998357
998389
998607
998725
998886
998979
999058
999059
999134
999198
999221
999280
999285
999540
999564
999649
999768
999855
999902
