1000
2042
2528
3242
3664
3755
4074
4360
5445
5613
7935
12697
13689
14729
15026
15642
16248
17774
18152
18813
20691
21097
21196
22339
24483
26078
26603
27033
27565
29754
29774
30999
31013
34596
35117
35872
36461
36963
37938
38080
38107
41704
42800
43429
45456
46672
47059
47965
50334
50891
55142
56355
57032
57463
57694
57877
61169
62387
62401
64476
64854
66466
66893
67039
67620
68718
69128
69902
70117
71563
71608
74457
74927
75096
75414
75819
76102
76120
78454
78756
79623
79661
83072
88723
89092
89112
89552
89980
90173
90952
91234
91869
93240
98793
99898
100747
102042
103803
104394
104497
106858
108350
110827
111253
111434
111567
111575
112333
113963
114420
120600
121477
122579
123371
124121
125218
127327
127950
134167
134816
135248
135586
136143
136218
136737
137527
138255
138303
140380
141552
141702
141746
143586
144452
145279
146189
147350
148871
149571
150073
150772
152732
152930
152933
156400
158142
159967
160341
161430
161787
163836
164224
165161
166287
168326
171779
171981
172180
172239
174810
175420
176824
177007
178682
179626
181751
182338
185680
186235
187385
188635
189592
191975
194238
194768
196861
198201
198396
198723
198817
201005
203304
204613
206129
206215
207747
208576
208942
209215
209307
210423
210973
211833
211846
212284
212673
213960
216103
216106
216280
216292
218936
219480
221221
222868
226807
228492
229897
230524
231376
232038
232526
233150
233327
233524
233654
234334
235306
237552
238091
241911
242256
242360
244085
244532
244947
245318
245600
246517
247118
247273
247471
247563
249795
250535
250986
253643
255312
257084
257441
257953
259061
259650
260679
263753
264758
264926
267117
267559
267681
268191
268932
269451
271909
272056
273847
275692
275999
276608
278130
279328
279831
280942
286625
287923
288547
291750
294481
295324
296257
296389
299377
300872
302222
303871
308301
310668
311552
315327
316576
316743
317288
317933
318311
319545
319784
321190
321574
323058
324515
324525
325273
326909
326951
328349
328947
333095
334395
335319
335408
335416
339411
344439
344766
345281
345468
346552
347437
347882
348010
348838
349257
350190
351041
351721
351846
353685
353919
354312
354907
358334
359796
360123
360396
360863
361808
361907
363783
366292
367282
367298
368519
368582
368958
369468
370968
372091
372296
372632
372715
374443
375149
377480
380172
382612
384416
386450
387183
387721
388748
388887
389449
391683
393185
393835
396286
397237
397326
397746
398493
399277
400855
402126
402931
404272
404896
405251
408090
408211
409288
409651
412010
412653
413964
413966
414871
415703
416422
416601
416629
418680
423806
424963
426072
426956
427602
427670
430965
431989
432416
436203
436237
438599
439007
439103
439675
440298
440839
441241
441624
443179
443738
444477
444735
444753
444840
444961
446383
447563
447755
448181
448300
450908
451244
451624
451706
452097
452459
454139
457069
459089
460049
460087
460384
461240
462705
464187
464433
464677
465031
465844
465871
466791
466958
467716
468929
470387
470851
471984
472519
472928
473017
473538
475209
475461
477509
477942
479841
481347
482288
484321
484435
484875
485262
485671
486457
486645
486649
487707
487717
490005
490681
490910
491294
491305
491510
493996
495284
495584
497435
497675
498497
499061
499682
499795
499986
501824
502384
502651
502663
502779
502818
503684
504900
505093
506313
507852
509189
509337
509923
510141
510579
511183
511671
513026
514263
516622
516697
519822
519859
519909
521360
523229
523405
524460
524728
524750
525139
525613
526288
526317
527522
528688
532164
534371
534843
535486
535803
536100
536490
538299
539625
539635
540122
545179
545443
548066
550157
550779
551312
552572
554321
555194
555986
557213
557875
559353
559450
559469
560085
562642
564425
564696
565355
565820
566583
567212
567463
567924
568244
570087
570767
571072
571544
571744
574286
575726
575727
576460
576668
577701
577966
578113
579472
579531
583645
583941
585231
586372
588380
588560
589753
591041
592183
592263
595020
597048
597619
597927
599621
600237
602930
603210
603946
603970
606111
606139
606994
608848
608950
609488
610853
612670
612821
612925
613547
613973
614265
616906
617413
619383
621254
622807
622939
623527
623636
623967
626080
626105
626624
628273
628396
629403
629618
630228
630597
631431
631613
631836
632432
634734
635183
637642
638536
640062
640817
642023
642614
642920
645274
646030
646118
646174
648713
649186
649381
649490
649619
649683
650035
653515
654243
654959
655022
656886
657756
659673
660013
661132
661547
661581
662057
663260
663529
664431
665086
667085
668550
669511
670401
670609
671671
672894
673166
673186
673837
674805
675422
675558
676044
676636
677246
678269
679285
681002
682911
684102
684376
690388
690560
692112
692174
693440
694002
694199
694765
695804
695920
698124
698843
699024
699653
699824
701351
703049
703715
703778
704218
704485
704931
706186
706330
707364
707546
708159
709242
709985
710257
711189
711442
711641
712435
712447
713128
714943
717082
717805
718947
719802
720184
720896
721580
723150
723508
724634
724931
729689
730332
732260
732752
733151
733227
733254
733342
733762
733914
733994
735526
735592
736120
736463
737019
738221
742056
742185
742476
742549
743948
744625
745439
746193
746860
747171
747270
747663
747912
749095
751084
751857
753344
756677
757588
757789
758831
759678
761326
762415
764141
764773
766518
766698
766997
767501
767828
772120
774142
774785
774824
774977
776050
776424
777202
778030
778206
779351
781379
783640
784368
784802
785243
785533
786334
787606
788859
788862
788915
790763
790764
791000
791117
795428
795645
796317
797468
797630
800156
801351
802404
802439
802534
802894
805689
807685
807816
810201
810723
810735
811767
812001
813344
814676
814682
815489
816721
817751
818023
818721
821562
822051
823301
827251
828159
828348
828876
830508
831387
834848
835465
836123
838000
841137
841718
842513
843570
844856
845080
845402
845705
846213
849578
850854
852706
854357
854411
857593
857749
858135
858903
859933
860035
860464
865334
865553
866647
867660
867880
869723
870088
870271
870355
871381
871442
871917
872909
873775
874663
874692
875713
876958
877272
879169
879513
880077
881373
883784
883844
884874
886307
888001
889040
892762
895028
896194
896346
896367
896685
896762
897672
899063
899187
899390
900073
900722
900878
902580
903683
905926
907412
908977
910210
912340
912762
913126
913591
914277
914884
915114
917478
917970
918416
920629
921991
922010
923136
923310
923972
924241
925420
925481
928613
928767
929116
931442
932282
934982
936346
936365
939737
939862
942480
946622
947718
948139
948688
948948
949744
949879
950485
950742
951410
951615
951651
952100
954227
954282
954295
954987
955749
956553
957786
959437
959733
962339
963348
965169
965283
966013
966037
966610
966728
967569
968472
969027
969421
970595
971947
972209
973291
974549
974818
975317
976421
977587
980917
982407
985275
985541
985984
988473
988640
988839
990164
990685
992540
993611
994821
996367
997095
999001
999743
999916
