100
7430
12409
19477
38024
48879
50303
53526
57345
60041
79183
87135
94603
114049
128174
128761
159324
163586
189253
193727
196730
209334
229610
231067
243965
245115
261863
263948
268980
305399
311903
324170
341536
354387
361290
364818
369851
374913
388215
399538
405061
405145
410658
415481
420873
432127
432836
450738
462794
491011
491160
507909
515093
518068
520783
526069
527316
527379
533852
537043
537240
566866
568586
587306
599514
611629
619373
633034
634343
638846
647355
667013
668426
700384
711584
733837
754332
778551
778921
781381
781443
800533
809181
821768
824301
837035
841406
864923
879077
882928
895876
903456
911998
934205
959756
961833
965250
985311
991370
994647
999398
