1000
456
605
1140
5058
5223
6682
7049
8324
9000
9821
13074
14856
15301
15435
15970
16208
16338
18588
18657
20301
20393
21989
22694
24771
26691
27121
28169
29852
30370
30403
33739
35487
35889
36333
37031
37228
37701
37931
38141
38638
38963
39220
39317
39551
40183
40750
40840
42884
44824
45858
45967
46299
47810
48315
48573
49208
51375
53276
53734
53799
54001
54384
55938
55970
56234
58133
58987
59034
59390
61653
62198
62412
62471
66212
68061
68125
68326
68805
68939
70116
70338
71897
74021
74557
76102
76226
76327
78118
79971
81146
81349
81707
81820
83165
84553
85686
86782
86985
87634
87786
88672
91192
93352
93561
94925
95409
95641
96772
98439
98934
99459
100155
100311
100470
101348
101969
103581
104187
104458
104649
104873
107413
108336
109721
114464
115661
116844
118222
120076
123384
126358
127227
127507
128869
129726
131552
131566
131651
131794
131996
135940
136192
137362
137560
138873
141315
141338
142639
143177
143383
143548
143567
145448
145631
146866
147085
151318
151681
154666
155073
160160
161442
161922
162384
163841
164696
164811
166564
169030
170467
172611
173120
174017
174559
175160
175570
176245
176483
176543
178584
179436
179461
180213
180658
181543
182877
183134
183621
183958
184029
184489
187388
190758
191586
194918
195949
196926
199146
199350
202030
203714
204586
204608
204825
205713
207792
208088
211657
211856
212558
213768
214765
215631
215809
216226
216302
217887
221403
222976
224950
225409
227967
228192
228807
229798
230046
231169
231735
232046
232678
233600
235208
235493
235783
236589
237818
238561
239172
243564
245314
245881
247916
248748
249469
250834
250875
251864
252575
252743
254461
254525
255012
255419
256352
257100
257467
258099
258410
261035
261268
264835
265079
265515
266721
267377
268385
270666
271558
274132
274744
275243
276213
276884
276912
277011
277417
278205
278673
279152
279375
279850
282035
282441
282722
283848
284077
284332
285264
287339
288621
288673
289518
293180
294128
294932
295138
296115
299093
302868
304724
305261
306931
306954
309394
309406
311668
311685
312692
312792
313930
319473
320353
321266
322814
322993
323888
324733
325342
325632
326515
327187
327754
329708
329879
329916
331356
331583
332013
333698
333776
334996
337132
337482
339683
340580
340596
340678
340887
340960
341029
342061
345577
348676
349059
349733
351180
351922
354522
355191
355553
356309
356636
356826
357165
357261
357594
358676
358688
359019
359696
360145
360643
360684
361025
362129
362785
363224
363431
363521
363970
366713
366921
368302
371413
372465
373039
373420
374596
376062
377800
377996
378148
378275
378465
379078
380420
382432
385199
385296
385510
387038
387307
387963
388032
388390
388422
388426
388724
389861
390407
390627
390912
390956
393043
396141
400988
401138
403631
404030
404930
405271
408443
408475
410823
411555
412125
412394
412939
414030
416009
417080
417921
418320
418607
422336
422937
423038
423385
423537
425107
426433
427377
427917
429125
435147
435304
435525
435693
436246
441380
441918
442499
443206
443285
443730
443939
444752
447904
448208
449085
450396
451164
452785
455406
455462
456872
458261
458373
460977
461504
462066
462904
466475
469261
469804
471680
471728
472288
472740
473263
473664
474514
474643
474895
478501
480479
481734
482079
482353
484563
484709
485674
486192
486761
487133
489611
493446
493985
498153
500350
500908
501007
501345
501730
503815
504058
505192
506582
507813
507942
508166
508687
509495
509680
509984
510507
513840
514830
515702
516690
517073
518561
519618
521252
521472
528540
533550
534672
535317
536072
536700
538012
538673
543493
543663
544369
545100
545168
545851
545994
546324
548643
549368
549643
550023
550486
551343
551431
551839
552116
552205
552298
552976
553279
553803
554120
555524
557101
558071
558345
558351
559372
559511
560816
561102
561142
562965
563687
563945
564051
564247
564380
564524
565092
565660
567031
567390
570620
571782
572461
573805
574073
574115
574393
575043
576025
577232
577708
577730
577873
578725
578990
580427
582517
583303
584661
585487
585730
586491
586524
586616
588731
589416
591284
592142
593559
594124
595573
595788
596754
596964
597006
599771
600650
600970
604345
605680
606053
607046
609727
610778
612443
612545
612778
614427
615516
615534
615698
616112
617061
618267
618587
618770
621442
622204
622554
624840
625052
630343
630975
631313
632656
632909
632995
635001
637209
637571
637639
639485
641307
641406
643016
644151
644388
644711
645645
646520
649843
650108
650148
650893
650903
651277
651732
652229
652386
652813
653440
656282
657676
657685
658072
658319
658323
660886
663572
665195
665603
665887
666390
668128
668166
668783
670183
670944
672475
672782
672829
674877
675120
676517
676926
677147
678255
679135
679158
680714
681002
681230
682758
684003
684953
686276
687092
688106
688808
690059
690721
691159
693426
693996
697262
697870
700259
700640
700773
700794
700845
701820
704964
705060
705530
707317
710011
710977
710983
711109
712143
713191
713567
714048
714247
714648
716213
717823
718034
718608
718755
719939
722021
722815
723372
724071
725782
726667
727823
727919
728249
728332
729279
732432
738000
738140
741116
742627
743152
747709
748880
750718
752166
752244
752333
753068
753248
754846
755129
757291
758027
758079
758473
759246
759921
760556
762423
763887
765251
765554
765679
766291
769575
769777
769815
769839
770259
770780
771692
772142
772772
775100
775173
778904
779649
780555
780633
781639
782709
784641
784656
787273
787456
787618
787821
788428
788719
790384
791708
791710
792419
793119
793356
794829
795153
797342
798598
798650
798971
799226
799718
800250
802077
804318
804759
806802
808517
809930
810676
811040
811607
812675
813081
817004
817529
818302
818737
819741
819817
820116
820825
821714
824271
824477
824916
825210
825704
826242
828714
829268
829412
831503
831525
831954
833151
833248
834516
834658
835039
835149
835491
836042
836330
836457
836539
836668
837030
837321
837505
839317
839673
842332
842468
842595
842980
844561
844875
845290
845428
846101
846493
846836
849179
850907
851838
852766
852957
854296
854371
856233
858032
858821
860750
865118
865715
867621
869483
869665
870015
870328
874708
874717
876482
876658
876939
878283
879021
880292
880471
881674
882071
883408
883511
884625
885853
886373
888206
888587
891735
897717
898355
898896
901027
901031
902701
907232
907857
907994
910037
910567
910766
911936
914201
914418
914525
915878
916008
916057
918005
918223
918417
920650
920931
922161
922865
924494
925923
927652
928237
929724
930242
930707
933473
934261
934932
935529
936885
937353
938745
938910
940562
940827
944682
944757
945303
945872
946409
946987
953011
954117
957524
957622
958559
960476
960778
960888
960969
962713
963022
963626
964396
966697
966709
968273
969798
970546
970885
973922
975612
976285
976528
979024
980652
981180
981803
982120
983632
983759
985574
985928
988770
990125
990931
991486
992407
992463
994612
994720
994954
996847
998231
999305
999733
