10000
36
255
300
433
442
444
447
731
752
1124
1133
1138
1453
1454
1555
1938
1960
2019
2050
2428
2466
2567
2582
2623
2743
2942
2966
3217
3260
3394
3518
3518
3762
3819
3848
4126
4253
4494
4511
4622
4661
4924
4929
4968
5061
5160
5169
5289
5346
5539
5861
5883
5996
6320
6465
6510
6617
6755
6790
6810
7032
7047
7074
7316
7337
7376
7392
7660
8069
8176
8194
8274
8415
8482
8600
8618
8913
9130
9269
9270
9299
9468
9493
9531
9668
9835
9869
9942
10213
10420
10427
10533
10562
10629
10655
10743
10851
10992
11090
11103
11123
11215
11224
11265
11609
11675
11734
11745
11906
12017
12102
12152
12207
12232
12260
12356
12441
12462
12627
12869
12908
12917
12919
12983
13010
13122
13160
13351
13406
13481
13687
13957
14066
14167
14206
14306
14349
14352
14526
14695
14849
14929
15127
15151
15187
15258
15261
15421
15608
15634
15729
15737
15797
15968
16175
16289
16337
16397
16431
16434
16569
16692
16749
16803
16854
16898
16992
17073
17088
17308
17389
17508
17558
17849
17885
17927
18148
18212
18256
18583
18590
18672
18861
19023
19046
19075
19205
19339
19363
19514
19544
19606
19734
20029
20121
20158
20211
20348
20545
20558
20572
20649
20785
20879
20887
21014
21374
21418
21572
21697
21730
21799
21854
21977
22139
22164
22260
22314
22365
22386
22586
22658
22931
22991
23114
23237
23249
23296
23317
23461
23718
23723
23811
23860
23992
24006
24099
24189
24231
24268
24335
24339
24435
24446
24542
24558
24634
24659
24880
24940
25133
25377
25409
25687
25814
25982
26065
26098
26183
26225
26469
26541
26890
26891
26923
27049
27108
27328
27341
27357
27419
27429
27473
27481
27652
27912
27928
27975
27983
28013
28147
28182
28290
28373
28424
28476
28481
28631
28729
28861
28873
28905
28963
28964
29193
29241
29422
29561
29769
29952
29988
30146
30167
30286
30448
30487
30548
30575
30697
30753
30936
30947
31026
31047
31061
31065
31265
31280
31281
31326
31367
31387
31628
31706
31829
31957
32148
32346
32483
32522
32524
32656
32682
32750
32764
33000
33028
33234
33459
33583
33586
33759
33987
34262
34314
34321
34341
34390
34467
34588
34652
34712
35132
35207
35301
35305
35336
35593
35633
35853
35860
35935
35981
35992
36133
36155
36167
36227
36284
36401
36504
36601
36698
36720
36815
36943
37087
37088
37135
37173
37279
37293
37349
37502
37790
37907
37924
37935
38008
38100
38285
38355
38427
38726
38794
38796
38903
38930
39101
39197
39340
39412
39457
39644
39684
39773
40191
40273
40412
40435
40727
40799
41042
41157
41188
41208
41217
41478
41523
41572
41651
41772
41929
42004
42141
42189
42198
42395
42679
42801
42986
43006
43106
43146
43178
43230
43234
43290
43651
43798
43823
43919
44004
44090
44114
44481
44508
44546
44673
44799
44818
44857
44899
45092
45196
45380
45420
45486
45499
45515
45570
45587
45753
45801
45829
45885
46165
46566
46641
46720
46722
46779
46873
46877
46885
46929
46930
47142
47152
47248
47285
47486
47492
47518
47616
47695
47699
47714
47762
47771
47827
48050
48100
48141
48369
48771
48825
48829
48899
49020
49060
49083
49367
49393
49400
49484
49778
49794
49933
50085
50202
50323
50528
50813
50950
50955
51015
51111
51279
51300
51317
51321
51445
51794
51925
51992
52343
52343
52391
52426
52450
52520
52636
53042
53187
53291
53367
53386
53449
53457
53512
53592
53630
53640
53816
53983
54049
54125
54182
54261
54409
54609
54755
54942
54976
55093
55234
55329
55452
55505
55509
55531
55736
55789
55802
55911
55941
55948
56018
56163
56168
56245
56670
56757
56779
57214
57281
57329
57499
57635
57668
57729
57830
57836
57878
57891
57906
58019
58459
58864
58902
58906
58969
59075
59081
59092
59219
59414
59426
59646
59727
59812
60002
60169
60264
60306
60368
60491
60551
60664
60727
60734
60804
60954
60998
61028
61167
61379
61600
61679
61840
61856
62067
62555
62614
62640
63060
63139
63149
63224
63329
63403
63453
63482
63492
63596
63701
63740
63859
63929
63973
64051
64139
64152
64255
64265
64299
64359
64433
64659
65021
65037
65307
65387
65507
65770
65907
65997
66041
66081
66360
66892
66913
66987
67001
67016
67050
67100
67217
67258
67267
67303
67351
67375
67397
67476
67491
67615
67622
67753
67809
67953
68111
68183
68213
68471
68563
68662
68788
68904
68942
69114
69209
69308
69315
69396
69593
69659
69663
69671
69676
69756
69798
69860
70405
70439
70444
70447
70448
70478
70481
70755
70866
70905
71156
71333
71378
71381
71564
71645
71789
71908
71966
71966
72068
72097
72157
72204
72377
72411
72479
72561
72568
72797
73096
73123
73189
73204
73260
73302
73314
73361
73361
73382
73472
73560
73745
73770
73875
73963
74050
74172
74228
74292
74339
74370
74573
74747
74750
74768
74840
75002
75188
75341
75487
75488
75512
75643
75676
75679
75709
75728
75844
75847
75848
75953
76020
76174
76190
76274
76280
76490
76633
76671
76746
76767
76857
76859
76942
76979
77046
77067
77083
77117
77195
77232
77266
77357
77484
77562
77653
77734
77802
77819
77930
78155
78172
78190
78311
78429
78514
78803
79056
79252
79256
79488
79514
79524
79745
79817
79967
79982
79999
80019
80390
80408
80506
80571
80614
80658
80719
80785
81269
81322
81354
81517
81536
81681
81686
81717
81883
82210
82274
82286
82350
82398
82463
82496
82575
82714
82820
82842
83011
83155
83209
83379
83443
83496
83551
83821
83841
83902
84229
84490
84564
84906
84916
85081
85288
85321
85353
85367
85434
85443
85476
85508
85539
85663
85717
85962
85964
85975
86140
86624
86775
86815
87081
87091
87172
87184
87416
87511
87514
87578
87650
87778
87811
88023
88501
88512
88523
88626
88664
88820
88824
88877
88984
89059
89096
89216
89290
89312
89531
89631
89717
89768
89876
90240
90376
90421
90424
90426
90598
90753
90759
90965
91014
91317
91332
91384
91392
91431
91460
91570
91605
91646
91720
91814
91838
92016
92113
92262
92553
92654
92659
92691
92944
92969
93250
93291
93326
93352
93575
93737
93749
93773
93813
93896
93898
93932
94058
94291
94347
94440
94515
94537
94589
94603
94629
94960
95071
95084
95117
95237
95351
95422
95445
95680
95766
95841
95878
95893
96110
96259
96493
96702
96768
96775
96812
96822
96916
97044
97066
97088
97104
97149
97289
97326
97395
97541
97586
97644
97861
97899
97967
98079
98097
98405
98514
98634
98722
98828
98867
99037
99081
99208
99384
99395
99412
99447
99646
99807
99879
99931
99983
100056
100097
100145
100154
100201
100350
100433
100643
100647
100696
100840
100966
101193
101295
101322
101414
101644
101854
101865
102034
102124
102211
102221
102227
102687
102806
102936
103020
103029
103189
103280
103297
103368
103415
103684
103687
104156
104236
104291
104481
104707
104718
104826
105045
105164
105265
105313
105672
105734
105741
105828
105858
105958
105963
105968
105975
105976
106134
106199
106269
106341
106351
106569
106665
106709
106875
106884
106896
106897
106937
107042
107113
107146
107272
107405
107622
107815
107925
108029
108198
108206
108330
108538
108676
108754
108832
108855
108939
108970
109148
109178
109347
109388
109634
109650
109682
109745
109955
109990
110001
110072
110120
110222
110751
110767
110848
111240
111411
111594
111644
111656
111712
111720
111729
111773
111976
112092
112398
112459
112528
112574
112577
112600
112652
112690
112799
112985
113017
113043
113068
113124
113193
113315
113389
113443
113486
113614
113677
113772
114021
114111
114241
114252
114418
114493
114677
114685
114790
115081
115215
115236
115417
115418
115426
116065
116286
116383
116407
116741
116747
117163
117292
117420
117558
118048
118122
118264
118338
118415
118459
118474
118660
118699
118735
118881
118904
119124
119295
119371
119387
119500
119542
119644
120116
120135
120347
120392
120454
120544
120708
120745
120805
120806
120826
121026
121082
121225
121250
121437
121440
121463
121465
121487
121540
121601
121822
121947
121994
122303
122749
122885
123239
123307
123356
123658
124181
124205
124318
124428
124568
124728
124972
124996
125359
125368
125407
125437
125574
125728
125780
126014
126143
126245
126329
126345
126458
126644
126672
126800
126820
127152
127269
127432
127578
127872
127889
127927
127968
128033
128139
128328
128414
128438
128470
128498
128540
128582
128680
128687
128826
128841
128881
128942
128954
129012
129206
129208
129324
129624
129658
129690
129808
129911
130169
130322
130561
130566
130582
130795
130803
130998
131030
131080
131188
131378
131492
131576
131671
131826
131977
132075
132103
132142
132149
132149
132239
132251
132490
132624
132654
132698
132766
132773
132824
132952
132966
133278
133285
133309
133500
133568
133860
133882
133945
134071
134087
134229
134278
134280
134315
134434
134465
134576
134693
134723
134830
134831
134961
134994
135071
135187
135193
135446
135472
135495
135590
135730
135753
135762
135877
135906
136151
136285
136322
136485
136504
136578
136703
136730
136841
136908
136920
136973
137056
137204
137285
137325
137405
137633
137641
137792
138135
138189
138219
138390
138450
138498
138525
138528
138617
138675
138836
139480
139640
139744
140266
140289
140346
140377
140789
140840
140990
141077
141204
141297
141344
141789
141875
142078
142136
142145
142150
142251
142322
142330
142413
142458
142480
142596
142612
142738
142982
142998
143286
143705
143822
143974
144047
144068
144098
144271
144340
144343
144390
144507
144509
144694
145131
145374
145385
145607
145880
146238
146397
146489
147179
147280
147415
147562
148017
148022
148110
148332
148362
148523
148575
148733
148817
148821
148974
148977
149170
149487
149553
149676
149699
149841
149845
149974
149985
150157
150188
150199
150306
150458
150460
150463
150508
150604
150684
150691
150776
150795
150833
150999
151205
151369
151468
151668
151924
151963
151972
152010
152211
152305
152497
152641
152763
152894
152908
152914
152928
153033
153272
153430
153497
153587
153591
153893
153924
153979
154086
154248
154356
154406
154609
154612
154712
154734
154739
154776
154819
155053
155082
155090
155116
155204
155256
155277
155331
155477
155705
155715
155735
155776
155840
156062
156084
156149
156217
156280
156318
156427
156487
156492
156572
156635
156770
156879
156906
157099
157234
157303
157384
157594
157607
158297
158340
158379
158496
158531
158624
159262
159440
159640
159713
159755
159891
160266
160268
160313
160363
160488
160635
160755
160911
160915
160964
161425
161512
161541
161582
161660
161684
161790
161796
161812
161889
161923
162195
162210
162351
162426
162562
162739
162832
162910
162981
163789
163886
163891
163906
163936
164131
164135
164311
164374
164428
164468
164694
165087
165151
165177
165227
165236
165383
165479
165609
165839
165844
166119
166134
166194
166248
166443
166490
166522
166536
166542
166841
167019
167192
167324
167336
167372
167416
167441
167456
167718
167736
167921
167941
168060
168141
168194
168195
168275
168574
168674
168880
169047
169184
169278
169378
169514
169541
169580
169591
169716
169750
170041
170233
170276
170438
170489
170602
170676
170913
171019
171187
171190
171309
171332
171404
171418
171541
171591
171697
171844
171948
172029
172096
172173
172182
172327
172378
172385
172407
172415
172483
172522
172675
172823
172975
173190
173199
173278
173313
173362
173383
173583
173729
173992
174394
174598
174698
174748
174840
174964
175024
175078
175154
175392
175463
175974
175993
176029
176142
176293
176352
176361
176529
176644
176732
176829
176953
177064
177120
177199
177204
177286
177322
177445
177462
177557
177619
177855
177933
177998
178205
178352
178393
178549
178659
178726
178886
178933
179040
179107
179110
179203
179323
179342
179426
179580
179599
179677
179713
179723
179943
180061
180240
180252
180318
180350
180551
180641
180712
181023
181093
181272
181353
181383
181642
181697
181777
181974
182038
182131
182139
182173
182248
182251
182382
182447
182496
182585
182665
182729
182736
182872
182913
182951
183035
183253
183263
183286
183538
183562
183809
183817
183922
184044
184058
184106
184246
184376
184385
184456
184457
184805
184861
184888
184905
184970
185018
185023
185067
185234
185512
185544
185699
185782
185864
185942
185980
186071
186230
186267
186339
186376
186425
186496
186605
186660
186679
186784
186823
186858
186992
187127
187219
187254
187284
187535
187589
187761
187867
187877
187940
188095
188143
188190
188519
188556
188605
188817
188868
188897
189035
189184
189237
189338
189391
189506
189579
189594
189624
189687
189704
189813
189827
189856
190232
190320
190375
190451
190538
190679
190751
190901
191101
191417
191471
191499
191516
191604
191734
191740
191812
191861
191963
192156
192371
192479
192632
192787
192805
192819
193170
193321
193442
193479
193735
193761
193769
193912
193970
194001
194043
194217
194222
194269
194421
194613
194636
194895
194919
195001
195021
195024
195055
195113
195130
195323
195438
195521
195766
195795
196006
196076
196116
196693
196816
196854
197056
197126
197522
197741
197858
197915
198135
198229
198256
198343
198436
198493
198583
198609
198954
198978
198998
199122
199257
199360
199468
199490
199491
199641
199704
199849
199935
199975
200182
200203
200373
200406
200417
200607
200647
200649
200780
200827
200918
200998
201013
201193
201324
201473
201559
201601
201701
201804
201907
201945
201981
201993
202149
202165
202166
202301
202524
202660
202789
202818
203163
203210
203276
203636
203646
203766
203775
203839
204006
204155
204252
204309
204465
204531
204549
204575
204629
204640
204671
204934
204948
204964
205056
205126
205336
205340
205406
205608
205725
205860
205873
206064
206280
206326
206507
206629
206647
206697
206883
207052
207238
207445
207470
207487
207593
207840
207964
208128
208159
208165
208192
208226
208304
208659
208717
208831
209100
209174
209573
209819
209825
209956
210047
210210
210225
210285
210505
210509
210866
211004
211023
211052
211167
211332
211743
211841
211888
212057
212120
212127
212155
212163
212205
212316
212328
212374
212430
212439
212603
212635
212699
212732
212776
212832
212865
213025
213218
213306
213361
213373
213460
213466
213712
213758
214051
214165
214243
214263
214266
214289
214445
214448
214497
214513
214524
214657
214980
215108
215132
215132
215401
215418
215549
215644
215756
215830
215893
215901
215961
216011
216013
216023
216255
216270
216379
216429
216557
216573
216626
216741
217244
217302
217607
217790
217806
218050
218051
218281
218444
218537
218621
218672
218772
218793
218805
218933
218981
219043
219112
219135
219244
219297
219313
219433
219458
219743
219817
219856
219982
219992
220038
220082
220176
220202
220663
220718
220788
220924
221071
221085
221096
221101
221289
221320
221333
221405
221477
221537
221591
221598
221615
221699
221787
222125
222170
222377
222495
222543
222544
222992
223299
223305
223401
223484
223485
223502
223617
223766
223810
223840
223950
223983
224014
224029
224059
224208
224293
224402
224561
224687
224705
224830
224934
225145
225290
225310
225406
225435
225940
226036
226370
226426
226451
226580
226704
226957
227022
227182
227405
227458
227594
227757
227795
227870
227925
228071
228083
228170
228208
228215
228239
228361
228400
228429
228437
228522
228810
228993
229006
229052
229168
229206
229296
229310
229504
229523
229571
229583
229894
229941
230008
230050
230154
230187
230237
230328
230404
230429
230435
230576
230609
230758
230896
230927
231025
231065
231172
231225
231241
231385
231451
231496
231663
231989
232090
232098
232386
232413
232541
232614
232677
232774
232848
232916
233101
233188
233192
233300
233326
233351
233428
233713
233929
234007
234044
234080
234125
234153
234203
234204
234225
234290
234361
234487
234711
234755
234814
234874
234951
234969
235083
235389
235409
235411
235418
235426
235445
235507
235590
235749
235829
235986
235994
236038
236043
236141
236156
236171
236176
236177
236221
236249
236342
236369
236468
236601
236657
236946
237557
237836
237950
238100
238137
238190
238212
238235
238475
238521
238572
238680
238856
238888
238894
238986
239116
239309
239435
239491
239694
239752
239993
240102
240175
240182
240399
240410
240446
240498
240549
240756
240916
240933
241050
241186
241314
241457
241489
241567
241655
241661
241742
241904
242066
242093
242184
242190
242325
242446
242494
242654
242870
243294
243313
243350
243458
243625
243639
243654
243662
243999
244154
244244
244360
244369
244533
244573
244653
244946
244956
245006
245181
245228
245457
245561
245706
245848
245988
246073
246087
246098
246129
246343
246705
246776
246792
246919
246930
247101
247158
247196
247566
247786
247836
247950
247961
248009
248157
248453
248637
248694
248769
248844
248891
249014
249025
249128
249207
249364
249386
249448
249546
249577
249845
250104
250118
250230
250279
250294
250505
250608
250697
250762
250943
250976
251120
251349
251411
251437
251438
251472
251550
251598
251665
251676
251730
251935
252137
252140
252236
252241
252285
252286
252327
252516
252596
252738
252836
252948
253003
253119
253190
253254
253446
253572
253696
253751
253785
253856
253985
254325
254509
254521
254694
254729
254823
254870
254940
255078
255162
255194
255220
255239
255497
255596
255765
255869
255883
256097
256188
256228
256305
256480
256534
256879
256983
257144
257904
258022
258257
258523
258556
258572
258700
258863
259064
259276
259540
259618
259676
259836
260011
260013
260167
260358
260447
260475
260553
260557
260733
260853
260948
260986
261105
261127
261133
261450
261470
261492
261594
261645
261862
261866
262062
262183
262326
262391
262414
262416
262455
262574
262833
262848
262904
262990
263067
263112
263164
263255
263298
263317
263394
263418
263459
263470
263716
264059
264099
264330
264388
264515
264523
264598
264614
264625
264653
264730
264731
264765
264775
264793
264917
265052
265309
265469
265623
265679
265736
265979
265981
265992
266073
266113
266246
266315
266379
266390
266532
266876
266878
266975
267076
267085
267327
267798
267869
268127
268174
268209
268460
268465
269131
269151
269207
269215
269569
269685
269698
269864
269959
269988
270145
270347
270356
270382
270594
270668
270700
270813
270834
270848
270880
270954
271046
271047
271141
271313
271352
271596
271769
271830
272059
272083
272132
272352
272565
272570
272695
272824
272857
273044
273151
273180
273285
273335
273351
273485
273547
273603
273612
273949
274307
274380
274411
274414
274527
274648
274701
274873
274902
275006
275225
275367
275528
275645
275702
275813
276424
276478
276546
276628
276678
277140
277142
277197
277211
277215
277324
277465
277633
277725
277752
277854
277937
278146
278225
278296
278338
278347
278422
278755
278779
279011
279150
279189
279197
279214
279214
279302
279329
279518
279655
279869
279870
279913
279952
280017
280023
280034
280078
280289
280332
280383
280509
280537
280744
280766
280885
281170
281188
281195
281400
281442
281553
281575
281649
281682
281943
281957
281968
282003
282035
282047
282128
282184
282227
282348
282502
282574
282712
282800
282870
282910
282938
282969
283345
283385
283436
283478
283883
283919
283937
283967
284294
284418
284522
284680
284839
284843
285181
285246
285323
285426
285851
285923
285985
286216
286312
286428
286542
286646
286648
286907
287092
287137
287230
287642
287851
287896
287962
288041
288252
288290
288360
288567
288607
288644
288734
288806
288892
288935
288985
289114
289270
289523
289660
289677
289754
289802
289809
289948
290166
290171
290199
290204
290267
290310
290313
290364
290441
290479
290540
290607
290688
290815
290846
290956
291029
291236
291258
291513
291654
291851
291921
292122
292147
292156
292272
292286
292291
292400
292427
292561
292624
292637
292702
292859
292949
293094
293111
293180
293253
293468
293816
293836
293918
294210
294630
294737
294974
294987
295486
295669
295899
295979
296017
296046
296150
296197
296514
296526
296559
296770
296822
296853
296901
296923
296949
297012
297055
297180
297230
297238
297318
297447
297465
297574
297699
297916
297992
298058
298095
298216
298406
298659
298682
298783
299146
299156
299210
299433
299661
299689
299770
299994
300030
300049
300176
300183
300233
300340
300378
300438
300501
300566
300671
301103
301127
301138
301286
301327
301335
301345
301375
301412
301610
301778
301801
301853
302061
302083
302449
302560
302665
302690
302905
303074
303077
303202
303228
303246
303420
303490
303560
303564
303644
303881
303919
303959
304039
304086
304147
304295
304333
304518
304621
304673
304845
304987
305023
305387
305458
305601
305609
306060
306098
306163
306177
306336
306424
306460
306664
306735
306775
306852
307294
307297
307476
307661
307673
307690
307854
308020
308310
308572
308577
308600
308652
308866
308891
308978
309085
309149
309322
309339
309364
309505
309521
309563
309670
309673
309760
309776
309841
309900
309923
310036
310196
310280
310357
310388
310486
310493
310511
310546
310713
310778
310810
310831
310857
310914
311046
311288
311369
311455
311850
311906
311983
311998
312044
312091
312092
312105
312145
312338
312415
312446
312486
312496
312545
312578
312816
312979
313153
313158
313250
313256
313290
313326
313379
313386
313446
313458
313464
313466
313546
313607
313654
313665
313718
313842
313865
313872
313936
313993
314048
314117
314129
314143
314157
314236
314255
314338
314353
314379
314380
314557
314566
314613
314635
314635
314880
314920
315034
315108
315125
315157
315230
315596
315617
315767
315896
315945
316084
316106
316169
316179
316271
316370
316709
316822
316877
316931
316991
317367
317459
317501
317529
317579
317742
317796
317840
317922
317941
317958
317962
318156
318265
318266
318304
318305
318491
318506
318964
319082
319151
319193
319269
319371
319408
319481
319637
319760
319818
319878
319922
320042
320391
320399
320476
320529
320710
320769
320919
320954
321088
321178
321216
321359
321542
321588
321890
321942
322017
322103
322236
322265
322592
322613
322686
322695
322723
322745
322847
322859
323147
323440
323509
323561
323601
323644
323775
323854
323886
323889
323901
323911
324121
324174
324245
324251
324417
324680
324988
325021
325051
325097
325120
325285
325650
325654
325727
325737
325748
325760
325866
325906
325931
325965
325997
326048
326049
326120
326179
326670
326897
326914
327146
327229
327295
327783
327916
328003
328095
328304
328313
328383
328552
328552
328730
328902
328920
329036
329069
329214
329290
329303
329312
329344
329493
329535
329538
329577
329607
329706
329730
329848
329914
330035
330063
330116
330144
330285
330308
330349
330359
330535
330581
330693
330717
330729
330813
330993
331042
331225
331265
331414
331426
331440
331458
331497
331768
331775
331834
332030
332054
332165
332191
332213
332370
332461
332603
332626
332665
332984
333013
333074
333113
333135
333216
333273
333297
333453
333545
333620
333643
333825
333839
334580
334591
334605
334729
334739
334848
334914
334943
335146
335151
335160
335181
335293
335391
335425
335448
335471
335560
335564
335815
335863
335928
336027
336108
336185
336285
336383
336427
336455
336488
336528
336558
336603
336613
336826
337221
337381
337449
337451
337501
337505
337505
338022
338086
338133
338262
338280
338383
338418
338451
338634
338655
338701
338703
338756
338774
338887
338905
338931
339175
339225
339270
339281
339359
339454
339531
339543
339564
339566
339722
340185
340239
340268
340367
340441
340448
340451
340512
340597
340694
340703
340777
340813
340971
341202
341313
341322
341472
341523
341583
341662
341959
342136
342203
342254
342383
342524
342646
342828
342878
343048
343049
343101
343269
343570
343598
343620
343775
343895
343910
344053
344088
344097
344334
344407
344421
344854
344866
344980
345042
345163
345250
345267
345303
345391
345490
345644
345647
345653
345841
345966
346051
346063
346185
346226
346427
346505
346645
346821
346893
346907
347119
347279
347388
347527
347968
347986
348106
348246
348286
348338
348367
348470
348525
348740
348962
348963
349209
349286
349322
349522
349582
349609
349619
349659
349662
349697
349697
349764
349773
349773
349802
349877
349897
350010
350152
350217
350510
350538
350546
350639
350822
350824
350917
350950
350957
351002
351073
351263
351349
351503
351575
351591
351699
351710
351718
351739
351807
351822
351931
351981
351997
352113
352145
352258
352562
352578
352829
352972
353241
353347
353413
353461
353469
353543
353551
353565
353719
353895
354001
354312
354371
354549
354576
354657
354808
355007
355046
355202
355265
355351
355475
355487
355489
355506
355613
355729
355906
356026
356099
356261
356405
356418
356443
356735
356981
357245
357317
357328
357454
357523
357548
357596
357663
357670
357939
358219
358221
358235
358304
358343
358419
358420
359065
359299
359326
359329
359331
359374
359470
359546
359825
360182
360183
360303
360440
360632
360848
360940
361037
361071
361111
361343
361536
361594
361600
361614
361649
361737
361769
361891
361900
361965
361988
362079
362182
362202
362225
362260
362266
362472
362599
362609
362865
362882
362934
363027
363188
363206
363229
363249
363380
363385
363646
363886
363969
364449
364573
364618
364670
364672
365048
365062
365147
365575
365707
365734
365752
365790
365804
365866
365899
365922
365989
365993
366003
366055
366110
366153
366160
366163
366197
366366
366390
366400
366460
366503
366797
367085
367168
367228
367253
367317
367512
367567
367730
367803
367924
367986
368007
368138
368320
368570
368678
368829
368853
368972
368982
369005
369134
369209
369253
369265
369266
369297
369395
369452
369452
369486
369598
369711
369815
369962
370072
370204
370243
370301
370455
370520
370674
370734
370736
370741
370775
370790
370828
371200
371475
371498
371513
371545
371692
371702
371726
371845
372054
372120
372202
372236
372296
372350
372351
372395
372435
372535
372574
372652
372657
372679
372727
372797
372867
372960
373077
373092
373101
373132
373141
373212
373226
373375
373379
373406
373455
373484
373506
373582
373587
373968
374329
374438
374666
374999
375292
375373
375388
375463
375480
375484
375564
375677
375762
375788
375851
376072
376164
376291
376451
376467
376556
377362
377373
377434
377480
377600
377658
377716
377879
377952
377970
378037
378169
378285
378377
378522
378560
378634
378737
378742
378747
378953
378959
379022
379062
379274
379341
379397
379420
379534
379561
379682
379686
379837
379924
380010
380029
380110
380188
380303
380396
380406
380455
380635
380661
380663
380699
380811
380888
380947
380980
381169
381184
381250
381368
381466
381497
381505
381755
381828
381839
381843
382208
382421
382531
382615
382980
382994
383107
383131
383214
383270
383371
383421
383587
383632
383657
383703
383857
383933
383976
384212
384256
384332
384481
384548
384551
384603
384624
384949
385007
385197
385210
385417
385421
385452
385492
385549
385624
385658
385725
385765
386300
386371
386394
386409
386656
386698
386797
386818
386908
387136
387213
387361
387402
387519
387845
388121
388140
388212
388228
388249
388302
388338
388387
388590
388686
388998
389106
389150
389207
389344
389376
389394
389460
389489
389519
389667
389910
390004
390148
390260
390332
390332
390491
390540
390548
390649
390735
390857
390954
391027
391131
391208
391303
391419
391825
391863
391992
392130
392369
392409
392505
392619
392620
392657
392729
392780
392809
392819
393099
393157
393233
393249
393270
393357
393384
393448
393655
393658
393669
393690
393826
393880
394128
394267
394308
394523
394572
394689
394720
394768
394878
395117
395148
395258
395576
395612
395838
396033
396118
396275
396348
396414
396480
396491
396537
396553
396604
396670
396893
396925
396936
397052
397059
397366
397378
397428
397538
397597
397616
397638
397648
397927
397962
398153
398331
398336
398409
398664
398819
399163
399240
399307
399322
399344
399693
399840
399847
399932
399959
400257
400578
400994
401019
401045
401126
401195
401227
401340
401368
401394
401410
401503
401518
401829
402040
402068
402154
402155
402162
402171
402219
402602
402666
402668
402833
402971
403082
403249
403259
403402
403489
403509
403541
403600
403720
403749
403825
404023
404069
404101
404157
404227
404234
404331
404506
404512
404849
405198
405430
405467
405862
405967
405972
406181
406289
406418
406504
406591
406642
406651
406669
406716
406764
406775
406911
406917
407031
407266
407323
407483
407771
407806
407933
407961
408070
408099
408105
408154
408326
408441
408486
408538
408556
408580
408617
408626
408643
408711
408736
408799
408915
408984
409073
409098
409177
409380
409384
409512
409658
409676
409695
409922
409971
410303
410335
410426
410440
410629
410768
410891
410935
411021
411181
411281
411294
411382
411395
411486
411593
411721
411781
411877
411888
411926
412056
412257
412259
412543
412617
412618
412790
413113
413156
413200
413295
413297
413352
413517
413577
413640
413832
414081
414124
414153
414233
414439
414730
414794
414836
414846
414870
414906
414922
415051
415213
415361
415388
415430
415588
415606
415746
415798
415936
415982
416072
416163
416194
416314
416470
416552
416641
416829
416840
417033
417405
417492
417546
417593
417786
417930
418139
418183
418249
418281
418329
418417
418581
418592
418623
418898
418967
418970
419068
419092
419137
419199
419226
419574
419669
419802
419836
419878
419957
420057
420132
420265
420271
420275
420295
420301
420458
420555
420647
421086
421131
421194
421245
421274
421364
421408
421821
421855
421887
421933
421964
422129
422136
422197
422552
422564
422726
422841
423107
423169
423187
423285
423333
423390
423400
423417
423458
423597
423741
423859
423861
424005
424055
424167
424235
424313
424331
424384
424455
424493
424721
424782
424900
424982
425096
425428
426142
426308
426680
426690
427127
427155
427161
427168
427311
427440
427821
427872
427966
428267
428308
428354
428419
428581
428636
428841
428909
428974
429062
429226
429298
429330
429384
429417
429477
429538
429551
429825
429956
430072
430124
430144
430239
430262
430364
430387
430524
430614
430653
430745
430849
430953
431013
431040
431209
431436
431636
431785
431826
431886
432042
432107
432187
432406
432472
432490
432499
432511
432539
432701
432703
432872
432898
432981
433097
433103
433103
433107
433127
433156
433167
433190
433410
433653
433829
433921
433983
434228
434348
434401
434469
434476
434525
434670
434720
434896
435005
435020
435085
435253
435311
435613
435627
435718
435728
435790
435874
435916
435974
436055
436100
436203
436249
436306
436388
436397
436545
436618
436622
436631
436633
436648
436928
436976
437021
437031
437243
437248
437276
437588
437609
437721
437780
437846
438256
438844
439244
439247
439257
439339
439457
439500
439558
439765
439801
439866
440034
440261
440457
440459
440647
440684
440690
440752
440816
440845
440868
441270
441388
441482
441484
441563
441581
441863
442017
442138
442209
442306
442332
442361
442594
442611
442766
442835
442852
442876
442926
442959
443024
443033
443336
443388
443412
443615
443621
443883
443924
443938
443979
443997
444033
444063
444155
444173
444204
444248
444309
444384
444780
444909
444972
444991
445081
445261
445431
445443
445486
445498
445659
445901
446083
446150
446602
446697
446914
447028
447238
447388
447500
447927
447971
447990
448013
448023
448194
448213
448253
448482
448563
448678
448703
448722
448912
449109
449203
449383
449486
449495
449505
449687
449697
449819
449841
449877
450440
450520
450533
450557
450809
450851
450894
450932
450934
451001
451100
451142
451145
451259
451310
451332
451357
451623
451637
451769
451949
451953
451964
452047
452157
452290
452344
452390
452397
452797
453033
453197
453430
453443
453450
453467
453527
453689
453748
453864
453962
453969
454050
454213
454217
454283
454419
454483
454750
454891
454897
454989
455510
455672
455757
456042
456072
456383
456400
456464
456475
456527
456531
456765
456806
456810
456889
456934
457045
457104
457116
457142
457218
457239
457356
457371
457424
457785
457787
457855
457878
458037
458080
458555
458709
458944
458982
459090
459398
459598
459651
459681
459827
460208
460829
460837
460913
461050
461065
461158
461223
461302
461327
461367
461410
461465
461469
461535
461730
461751
461797
461898
462009
462086
462127
462168
462178
462249
462321
462337
462631
462783
462845
462886
463089
463287
463440
463548
463568
463606
463693
463733
463849
463996
464004
464142
464173
464428
464558
464651
464716
465052
465268
465268
465306
465594
465738
465821
465981
466115
466149
466232
466314
466315
466357
466421
466522
466536
466697
466697
466712
466746
466769
466825
467086
467104
467139
467191
467265
467275
467284
467291
467307
467321
467337
467353
467403
467491
467588
467589
467657
467674
467729
467732
467990
468094
468136
468259
468327
468332
468354
468358
468403
468521
468549
468581
468623
468862
468948
468958
469180
469261
469339
469496
469531
469649
469714
469715
469760
469881
470007
470129
470299
470356
470367
470548
470705
470759
471059
471076
471150
471187
471229
471280
471296
471332
471587
471654
471881
471889
471916
471958
472160
472367
472384
472400
472428
472464
472465
472484
472518
472644
472739
472893
472977
473170
473448
473452
473676
473705
473770
473954
474005
474018
474031
474085
474092
474185
474195
474378
474533
474540
474711
474764
474865
475239
475385
475484
475786
475839
475864
476095
476120
476201
476245
476368
476428
476479
476608
476627
476684
476793
476824
476860
477046
477146
477151
477278
477340
477413
477502
477522
477667
477743
477857
477875
477950
477984
478051
478429
478448
478455
478709
478886
478977
479037
479365
479386
479450
479526
479595
479643
479724
479826
479877
479937
479937
480034
480285
480395
480429
480548
480784
480930
481144
481160
481405
481438
481629
481663
481950
481979
481981
481994
481997
482134
482373
482426
482600
482793
482859
483352
483465
483492
483546
483578
483695
483696
483794
484049
484234
484390
484505
484741
484820
484853
485039
485153
485197
485278
485413
485442
485487
485567
485728
485862
485986
486004
486072
486147
486254
486297
486325
486478
486624
486682
486682
486952
486981
487081
487100
487132
487372
487388
487418
487677
487799
487879
487890
487972
488092
488105
488153
488341
488388
488529
488605
488927
488963
488987
489327
489416
489475
490104
490311
490418
490577
490862
490912
490950
491193
491201
491371
491562
491618
492040
492204
492204
492328
492719
492808
492820
493086
493089
493384
493478
493504
493797
493821
493865
493918
494031
494163
494297
494340
494730
494777
494979
495066
495106
495114
495171
495403
495495
495496
495707
495820
495996
496012
496052
496053
496334
496416
496749
496882
496938
497011
497365
497877
497962
498064
498076
498085
498106
498117
498150
498198
498201
498358
498420
498475
498489
498726
498761
499161
499165
499268
499320
499323
499419
499426
499509
499573
499995
500209
500245
500250
500346
500471
500502
500540
500792
500835
500882
500910
500938
501198
501413
501475
501526
501574
501613
501615
501705
501782
502046
502103
502201
502307
502324
502491
502757
502920
502959
502982
503117
503126
503191
503211
503236
503435
503508
503747
503763
503779
503795
503803
503981
503984
504090
504464
504614
504764
504807
504845
505011
505137
505183
505254
505406
505476
505511
505540
505563
505593
505599
505646
505817
505829
506049
506265
506478
506751
506965
507083
507235
507264
507313
507320
507561
507627
507677
507772
507865
508084
508361
508370
508432
508463
508569
508572
508706
508802
508858
508997
509161
509509
509614
509754
509950
510107
510131
510173
510218
510304
510450
510553
510643
510813
510902
511012
511029
511135
511214
511409
511527
511537
511556
511667
511877
512015
512078
512139
512269
512312
512315
512334
512337
512669
512769
512878
513271
513349
513362
513471
513745
513758
513910
514129
514140
514227
514235
514302
514499
514522
514600
514615
514678
514704
514786
514997
515044
515058
515061
515090
515116
515117
515123
515190
515439
515485
515502
515518
515539
515671
515799
516132
516368
516369
516505
516558
516589
516644
516785
516922
517138
517241
517314
517524
517566
517574
517639
517795
517810
517813
518120
518280
518308
518387
518659
518732
519195
519205
519223
519243
519313
519360
519361
519434
519497
519721
519838
519937
519965
520089
520156
520197
520519
520734
520816
520903
520906
520918
521011
521037
521094
521104
521225
521271
521467
521514
521515
521568
521669
521688
521802
522074
522093
522097
522109
522136
522255
522285
522459
522521
522564
522644
522657
522726
522746
522753
523165
523201
523490
523522
523703
523761
523843
523863
523945
524140
524189
524203
524278
524284
524322
524363
524557
524678
524952
525038
525157
525168
525191
525201
525464
525478
525507
525550
525702
525801
525903
525908
525991
526050
526467
526725
526845
526863
526890
527072
527119
527131
527205
527251
527367
527470
527551
527659
527666
527931
527992
528102
528168
528247
528455
528538
528550
528563
528569
528704
528818
528852
529082
529162
529244
529469
529526
529667
529710
529848
529987
530010
530016
530212
530321
530328
530514
530559
530567
530663
530781
530792
530846
530852
530890
530890
530900
530905
531369
531449
531606
531617
531618
531674
532237
532353
532526
532531
532727
532760
532888
533408
533420
533467
533516
533554
533568
533616
533767
533857
533884
533906
533915
533923
534111
534313
534350
534396
534581
534649
534877
535148
535270
535294
535745
535880
535997
536115
536142
536166
536227
536386
536484
536534
536793
537012
537050
537059
537195
537246
537340
537421
537472
537624
537679
537738
537951
537996
538177
538717
538869
538916
538963
539051
539115
539193
539310
539366
539435
539627
539636
539717
539892
540118
540144
540153
540324
540410
540476
540585
540667
540720
540787
540876
540959
541084
541266
541352
541410
541535
541638
541680
541691
541692
541757
541925
542009
542022
542039
542321
542351
542391
542401
542408
542538
542935
542954
543012
543157
543406
543541
543725
544038
544109
544163
544246
544303
544572
544654
544994
545047
545219
545318
545531
545600
545611
545683
545940
546089
546111
546269
546403
546589
546714
547047
547112
547163
547242
547476
547487
547569
547715
547847
547981
547982
548218
548302
548348
548480
548538
548572
548597
548675
548677
548812
549011
549031
549190
549300
549595
549618
549656
549797
549906
549933
550206
550297
550367
550508
550548
550591
550728
550899
550931
551128
551197
551205
551312
551345
551356
551430
551435
551521
551567
551615
551761
551764
551782
551782
551900
552212
552505
552540
552684
553258
553486
553745
553809
553842
553975
554097
554119
554278
554389
554459
554578
554676
554691
554708
554716
554826
554975
554987
554996
555432
555445
555488
555966
556088
556108
556360
556387
556466
556472
556491
556517
556863
557062
557131
557167
557295
557493
557581
557632
557646
557684
557749
557789
557825
558006
558093
558097
558206
558311
558352
558651
558702
558862
558889
559330
559521
559556
559609
559609
559817
559893
560056
560082
560140
560183
560401
560613
560701
560768
560848
560898
560982
561026
561063
561117
561189
561333
561472
561535
561555
561639
561823
561922
561941
562063
562128
562155
562290
562412
562570
562636
562651
562702
562773
562807
562944
563112
563237
563633
563664
563667
563762
563792
563855
563960
564054
564055
564099
564253
564334
564354
564696
564772
564814
564819
565056
565081
565107
565124
565212
565641
565728
566058
566061
566277
566348
566907
566952
566959
567001
567081
567147
567201
567266
567323
567522
567527
567576
567752
567769
567772
567865
567888
567962
568160
568564
568579
568631
568656
568689
568865
569133
569137
569165
569248
569326
569400
569463
569541
569682
569796
569815
569831
570216
570246
570404
570662
570749
570775
570824
570940
570990
571036
571041
571192
571306
571340
571361
571575
571598
571631
571633
571954
571983
572017
572165
572226
572272
572295
572417
572516
572550
572563
572571
572847
572880
573105
573107
573320
573498
573499
573533
573552
573559
573697
573821
573944
574096
574481
574570
574998
575116
575128
575137
575196
575216
575257
575297
575386
575525
575584
575635
575741
575936
576125
576131
576261
576378
576483
576627
576652
576662
576795
576914
577126
577249
577297
577320
577363
577403
577598
577620
577719
577775
577896
578141
578223
578448
578523
578543
578566
578604
578678
578818
578884
578931
578962
578966
579100
579213
579236
579394
579451
579567
579785
579800
579825
579838
579911
579957
580063
580150
580161
580282
580384
580533
580581
580715
580758
580822
580899
581061
581067
581088
581377
581590
581770
581868
581915
581957
582139
582144
582317
582403
582432
582498
582613
582655
582963
583022
583088
583204
583282
583308
583565
583685
583830
583861
583988
584069
584210
584302
584330
584489
584527
584585
584601
584663
584723
584813
584863
584909
585089
585146
585205
585234
585260
585416
585418
585420
585481
585541
585685
585726
586120
586188
586244
586333
586477
586694
586750
586784
586902
586921
586987
587203
587222
587279
587347
587581
587680
587735
587736
587753
587771
587799
587937
588236
588266
588285
588398
588459
588609
588645
588682
588729
588776
588779
588788
589076
589165
589339
589360
589475
589687
589693
589814
589912
589978
590080
590102
590154
590272
590291
590527
590701
591253
591409
591525
591537
591583
591594
591697
591764
591834
591940
592196
592262
592282
592287
592378
592506
592562
592909
593028
593071
593129
593278
593437
593472
593491
593534
593589
593786
593892
593970
594379
594462
594510
594545
594546
594828
595009
595060
595070
595093
595108
595170
595364
595419
595425
595519
595846
596094
596139
596150
596198
596259
596318
596490
596499
596499
596517
596530
596629
596906
597040
597096
597147
597375
597395
597589
597674
597682
597724
597802
598016
598079
598081
598138
598189
598276
598408
598463
598527
598625
598745
598985
598999
599076
599335
599527
599529
599580
599651
599679
599863
600083
600172
600278
600450
600487
600550
600564
600685
600750
600849
600909
600958
600969
601014
601151
601277
601277
601951
602211
602404
602553
602958
603064
603070
603175
603178
603202
603262
603298
603345
603398
603422
603556
603560
603729
604205
604251
604266
604362
604498
604591
604600
604770
605218
605280
605356
605357
605430
605486
605872
605935
605936
605941
606123
606125
606278
606290
606360
606495
606885
607065
607427
607601
607602
607839
607888
607924
607935
608377
608448
608696
608705
608835
608918
608950
608991
609171
609285
609526
609534
609710
609811
609841
609860
609980
610109
610140
610178
610250
610301
610317
610431
610443
610523
610528
611127
611422
611422
611621
611725
611786
611841
612202
612230
612310
612363
612470
612646
612858
612913
612945
613105
613251
613376
613447
614303
614327
614747
614784
614961
615097
615252
615462
615463
615481
615487
615568
615794
615910
616135
616152
616157
616247
616274
616274
616475
616492
616700
616710
616756
616778
616886
616979
617048
617095
617189
617216
617423
617450
617467
617773
617837
617921
618059
618161
618220
618241
618364
618592
618615
618630
618806
618825
618986
619105
619115
619172
619206
619354
619567
619675
619903
619968
620026
620252
620360
620494
620548
620752
620791
620852
620883
620965
620995
621235
621288
621473
621487
621505
621535
621543
621584
621752
621830
621835
621978
621985
622082
622130
622155
622161
622181
622305
622311
622460
622513
622584
622610
622721
622745
622838
622963
622986
623087
623241
623338
623365
623383
623448
623478
623479
623493
623748
623803
623997
624098
624157
624274
624295
624297
624523
624571
624617
624673
625043
625199
625321
625344
625440
625536
625541
625761
626028
626130
626143
626506
626562
626635
626696
626759
626759
626978
627046
627062
627114
627116
627125
627370
627415
627462
627682
627744
627790
627795
627919
628130
628145
628155
628327
628383
628388
628643
628761
628836
628846
628895
628897
628922
628986
629053
629144
629169
629267
629328
629352
629464
629492
629598
629791
629878
630044
630191
630291
630569
630704
631296
631508
631832
631847
631874
631918
631948
631970
632159
632177
632222
632236
632277
632445
632508
632775
632883
632968
633090
633198
633736
633837
633858
633978
634078
634155
634243
634297
634402
634582
634661
634791
634956
635029
635034
635075
635098
635426
635501
635543
635635
635640
635642
635724
635757
636041
636190
636202
636350
636363
636500
637381
637382
637546
637710
637723
637750
637830
637864
637971
638788
638877
638889
639149
639247
639440
639492
639509
639522
639802
639842
639989
640097
640267
640509
640526
640555
640617
640677
640716
640723
640795
641019
641020
641027
641189
641224
641245
641330
641412
641421
641649
641807
641811
641818
641868
642117
642159
642435
642494
642554
642672
642754
642848
643008
643013
643054
643158
643292
643400
643570
643610
643643
643662
643732
643794
643881
643949
643990
644016
644018
644047
644165
644258
644372
644496
644564
644595
644775
644838
644880
645110
645581
645649
645690
645718
645721
645907
645969
646046
646066
646190
646252
646278
646284
646291
646342
646413
646456
646486
646541
646593
646648
647125
647308
647358
647741
647808
647816
647821
647835
647981
648522
648578
648669
648687
648806
649089
649146
649210
649229
649302
649315
649449
649525
649583
649590
649694
650017
650090
650277
650281
650319
650353
650353
650396
650519
650661
650700
650742
651010
651079
651138
651261
651380
651458
651469
651538
651581
651632
651766
651886
651981
652136
652341
652708
652728
652804
652832
652852
652969
652971
653215
653231
653254
653450
653498
653642
653728
653804
653806
653906
654080
654174
654401
654456
654469
654487
654502
654535
654595
654716
654734
654821
654927
655009
655035
655052
655071
655165
655510
655554
655669
655699
655773
656052
656093
656173
656342
656350
656444
656687
656721
656858
657023
657055
657114
657121
657186
657431
657489
657532
657585
657628
657668
657812
657914
657963
658205
658219
658508
658821
658924
658927
658932
659162
659180
659268
659502
659598
659866
659921
660017
660052
660140
660303
660443
660525
660544
660629
660653
660671
660762
660869
660894
660956
660979
661063
661296
661298
661340
661530
661709
661792
661796
661851
661864
662037
662049
662129
662136
662320
662626
662664
662680
662873
663139
663181
663264
663346
663420
663432
663446
663472
663548
663600
663760
663817
664114
664158
664166
664170
664544
664553
664563
664659
664893
664907
665026
665066
665123
665188
665210
665390
665417
665473
665612
665687
665710
665752
665977
666497
666599
666688
666768
666858
667011
667094
667099
667109
667138
667202
667608
667688
667726
667890
668013
668514
668535
668608
668611
668620
668640
668865
668976
669049
669128
669347
669447
669517
669545
669603
669682
669825
670027
670085
670261
670451
670638
670806
670904
671196
671363
671386
671545
671789
672066
672093
672104
672693
672789
672795
672873
673399
673545
673740
673790
673799
673850
674040
674322
674333
674360
674432
674559
674564
674587
674620
674868
674887
674952
674953
675152
675202
675633
675817
675869
676117
676171
676223
676244
676250
676289
676386
676406
676469
676649
676744
676746
677068
677228
677461
677634
677776
678130
678236
678278
678403
678448
678842
678855
678972
679087
679284
679287
679402
679668
679674
679688
679786
679852
679884
679959
680050
680062
680146
680280
680360
680380
680423
680452
680492
680537
680630
680700
680920
681051
681059
681115
681387
681607
681612
681615
681905
681924
682052
682097
682185
682304
682572
682600
682779
682813
682844
682958
682983
682989
683020
683169
683255
683384
683421
683427
683715
683780
683842
684044
684185
684474
684634
684778
684962
685213
685272
685366
685389
685452
685603
685702
685769
685828
686078
686296
686442
686467
686778
686856
686968
686970
686994
687029
687041
687087
687224
687259
687293
687408
687414
687494
687538
687690
687883
688024
688199
688406
688507
688631
688656
688663
688755
688870
688938
689008
689010
689064
689369
689452
689463
689527
689900
689940
690017
690065
690097
690098
690206
690611
690965
691146
691168
691196
691244
691458
691502
691595
691737
691811
691831
691855
691865
691913
691978
692110
692212
692225
692309
692420
692450
692589
692724
692960
692962
692986
693016
693045
693121
693154
693245
693413
693851
693872
693974
694152
694153
694225
694424
694608
694671
694726
694756
694816
694857
694908
694915
695035
695086
695101
695124
695215
695335
695416
695580
695605
695733
695922
696042
696102
696133
696182
696434
696615
696680
696774
696845
696955
697068
697192
697201
697267
697342
697386
697474
697497
697558
697664
697806
697863
698122
698172
698288
698319
698432
698478
698494
698708
698810
698817
699010
699040
699213
699265
699377
699559
699581
699591
699731
699753
699799
699823
699825
699830
699862
700010
700235
700370
700501
700514
700565
700651
700904
700914
700928
700962
701002
701051
701076
701219
701234
701288
701590
701667
701693
701719
701766
701794
701872
701887
702025
702105
702106
702257
702321
702344
702367
702648
702682
702724
702873
703041
703118
703130
703207
703380
703423
703684
703806
703811
704116
704217
704429
704489
704841
705023
705095
705202
705369
705759
706112
706167
706304
706684
706872
706910
706932
707026
707096
707147
707394
707717
707775
707815
707876
707909
708005
708043
708076
708427
708508
708556
708683
708735
708806
708810
709196
709212
709242
709687
709879
710062
710107
710174
710311
710374
710409
710456
710776
710784
710813
710816
710994
711587
711708
711756
711934
712107
712210
712262
712280
712350
712616
712642
712754
712811
713098
713126
713146
713285
713322
713339
713389
713494
713659
713851
713893
714496
714587
714872
714917
715013
715189
715207
715251
715486
715522
715604
715749
715788
715796
715939
716006
716023
716034
716043
716151
716376
716420
716425
716665
716719
716726
716745
716758
716921
716948
717094
717136
717352
717362
717415
717490
717584
717650
717780
717801
718269
718298
718399
718468
718497
718503
718698
718779
718786
718822
718850
719039
719138
719171
719186
719192
719202
719330
719629
719724
719752
719876
719971
719974
720092
720104
720251
720348
720365
720382
720651
720738
720751
720916
720956
721307
721534
721538
721628
721659
721702
721888
722034
722237
722517
722601
722731
722805
722855
722873
722934
722936
722948
722992
723059
723362
723409
723453
723532
723621
723666
723763
723918
723941
724010
724059
724093
724379
724388
724462
724530
724788
724847
724908
724978
724991
725132
725267
725330
725341
725389
725396
725447
725598
725603
725626
725691
725714
725859
725864
725915
725926
725941
726041
726120
726204
726385
726540
726578
726829
727029
727110
727207
727318
727371
727385
727415
727510
727520
727584
727648
727663
727703
727874
727957
728007
728176
728200
728350
728403
728422
728476
728648
728681
728999
729113
729380
729471
729486
729586
729655
729869
729878
729878
730016
730158
730173
730272
730288
730340
730506
730564
730603
730784
730910
731052
731057
731112
731148
731197
731245
731335
731364
731561
731615
731837
731876
731992
732068
732175
732192
732298
732809
732977
733120
733209
733280
733336
733402
733484
733501
733558
733564
733610
733623
733730
733866
733939
733998
734181
734188
734200
734401
734458
734484
734543
734555
734658
734713
734808
735144
735455
735521
735561
735622
735976
735999
736171
736310
736343
736397
736419
736488
736780
736801
736946
737050
737112
737179
737181
737234
737399
737442
737475
737541
737627
737750
737815
737904
737969
738010
738094
738312
738328
738391
738718
739009
739078
739106
739116
739420
739626
739685
739862
739965
739990
740039
740221
740294
740324
740383
740550
740700
740776
740963
740992
741274
741329
741372
741475
741487
741608
741622
741869
741896
742223
742240
742353
742356
742393
742395
742579
742593
742755
742933
743123
743198
743227
743267
743397
743410
743602
743651
743665
743696
743746
743749
744232
744284
744414
744957
744989
745020
745163
745389
745397
745424
745514
745532
745554
745585
745691
745764
745846
746183
746192
746333
746471
746519
746620
746628
746640
746774
746800
747018
747032
747360
747495
747530
747654
747738
747766
747848
747920
748082
749045
749391
749560
749638
749900
750124
750137
750139
750153
750217
750287
750323
750394
750400
750571
750593
750702
750810
750824
750963
751108
751144
751179
751292
751519
751544
751659
751670
751752
751806
751840
751860
752023
752110
752136
752329
752452
752493
752711
752741
752746
752872
752904
752918
752957
753332
753378
753457
753466
753660
753663
753757
753795
753797
753885
754076
754150
754191
754229
754237
754262
754453
754550
754623
754672
754778
754841
754887
754937
754969
755011
755077
755135
755184
755405
755516
755580
755643
755737
755786
755899
755942
755950
755972
755973
756073
756317
756321
756393
756698
756748
756833
757184
757190
757280
757324
757510
757585
757771
758001
758205
758288
758353
758410
758440
758475
758748
758830
759042
759326
759389
759413
759701
759730
759749
759893
760064
760105
760281
760602
760653
760696
760986
761198
761217
761267
761416
761679
761709
761718
762234
762235
762466
762495
762660
762788
762864
762934
762954
763023
763023
763107
763117
763194
763206
763556
763862
763865
764083
764099
764210
764301
764382
764385
764435
764605
764644
764648
764670
765027
765092
765285
765318
765606
765759
765803
765829
765834
765862
766090
766103
766239
766252
766280
766370
766496
766902
767036
767157
767159
767165
767170
767210
767214
767420
767421
767580
767679
767708
767736
767797
767859
767926
767949
767973
767985
768090
768170
768187
768404
768427
768461
768482
768517
768518
768566
768602
768638
768847
768880
768941
768962
769039
769081
769092
769220
769347
769396
769426
769522
769646
769692
769961
770179
770197
770215
770279
770395
770497
770598
770616
770695
770764
770839
770898
771005
771005
771062
771096
771307
771432
771456
771520
771567
771600
771655
771670
771694
771849
771874
772188
772196
772239
772568
772576
772713
772909
772910
773050
773135
773224
773226
773241
773565
773580
773596
773617
773629
773705
773762
773919
774058
774278
774412
774656
774665
774719
774907
774970
775017
775072
775114
775294
775316
775341
775477
775615
775726
775769
775858
776032
776049
776099
776144
776147
776339
776353
776407
776498
776634
776737
776833
776879
776975
777024
777165
777191
777307
777403
777446
777710
777809
777938
778063
778131
778152
778459
778517
778548
778558
778729
778812
778825
778917
779036
779282
779414
779448
779451
779519
779577
779776
779785
779791
779929
779933
780081
780238
780324
780352
780424
780452
780524
780986
781126
781399
781449
781456
781516
781725
781731
781798
781836
781972
782456
782482
782504
782593
782607
782715
782778
782937
782974
782986
782994
783052
783125
783127
783247
783302
783376
783471
783472
783555
783592
783655
783776
783851
784058
784115
784289
784380
784602
784960
784972
785167
785223
785245
785542
785733
785739
785807
785815
785919
785943
785987
786005
786112
786165
786256
786285
786359
786481
786498
786532
786737
786743
786915
786928
786966
787007
787083
787100
787151
787183
787197
787298
787509
787672
787716
787736
787888
787913
788155
788179
788206
788295
788474
788564
788704
788727
788995
789008
789182
789451
789458
789495
789579
789750
789767
789894
789977
790559
790571
790622
790698
791049
791328
791346
791411
791467
791526
791801
792003
792016
792082
792127
792139
792152
792187
792618
792746
792788
792848
792888
792951
793008
793028
793172
793234
793413
793463
793470
793486
793566
793584
793609
793793
793818
793820
793830
793876
793912
794089
794311
794529
794551
794572
794606
794864
795168
795174
795182
795408
795492
795546
795617
795748
795802
795874
795993
796009
796124
796158
796185
796225
796310
796557
796770
796917
796918
796940
796987
797027
797070
797097
797098
797106
797183
797200
797284
797454
797497
797519
797693
797713
797745
797854
797946
797991
798021
798115
798133
798240
798367
798484
798619
798625
798638
798842
798889
798993
799165
799424
799861
800027
800056
800178
800253
800452
800458
800481
800492
800503
800543
800630
800752
800909
800945
801000
801043
801196
801277
801443
801498
801584
801718
801796
801896
802009
802108
802172
802178
802344
802517
802560
802573
802628
802631
802694
802812
802819
802854
802972
802982
802995
802997
803169
803555
803625
803847
803960
804606
804629
804640
804653
804709
804787
805017
805036
805140
805354
805448
805522
805773
805829
805834
805855
805861
805874
805980
806107
806169
806182
806295
806329
806394
806407
806667
806964
807244
807279
807308
807333
807612
807626
807680
807800
807815
807931
807951
807984
808290
808379
808390
808547
808571
808591
808673
809110
809203
809223
809313
809388
809389
809523
809552
809632
809865
809997
810035
810120
810202
810259
810510
810556
810655
810721
810783
810906
810956
811004
811194
811267
811308
811311
811527
811559
811676
811703
812074
812143
812287
812313
812359
812408
812433
812449
812698
812710
812720
812855
812863
813062
813179
813264
813327
813351
813471
813482
813666
813953
813990
814042
814216
814316
814321
814546
814907
814972
815044
815103
815476
815552
815560
815907
815937
815944
816012
816048
816224
816244
816408
816500
816511
816513
816517
816570
816641
816769
816792
816872
816917
816952
817090
817205
817311
817352
817463
817632
817791
818062
818221
818307
818315
818562
818576
818578
818661
818693
818764
818918
818947
818989
819109
819129
819199
819245
819304
819371
819392
819447
819544
819559
819799
819997
820166
820409
820702
820742
820757
820798
820819
820885
820932
821001
821295
821316
821336
821500
821830
822002
822006
822010
822029
822094
822242
822339
822350
822364
822578
822758
823019
823036
823045
823146
823429
823461
823621
823802
823883
824000
824040
824062
824333
824851
824958
825040
825248
825384
825564
825604
825673
825706
825766
825792
825820
826067
826172
826222
826382
826529
826604
826815
826871
827225
827298
827412
827434
827575
827601
827660
827660
827921
828203
828306
828631
828725
828880
829029
829066
829377
829381
829464
829483
829769
829819
829891
830287
830293
830310
830435
830624
830837
830848
830854
830947
831038
831246
831317
831376
831568
832326
832480
832557
832563
832671
832817
832884
833031
833079
833124
833177
833215
833336
833377
833513
833861
834046
834206
834221
834467
834475
834619
834630
834659
834827
834896
834898
834918
834923
835147
835402
835403
835464
835757
835874
835906
836014
836164
836240
836358
836394
836506
836528
836573
836577
836661
836836
837068
837116
837202
837342
837542
837752
837902
837924
837930
837934
837963
837978
838029
838125
838268
838271
838357
838671
838794
838838
838916
838988
839100
839232
839364
839406
839429
839500
839888
839902
839973
840182
840194
840217
840421
840455
840485
840493
840740
840772
840824
840824
840948
841059
841063
841112
841117
841131
841140
841306
841340
841497
841512
841545
841579
841647
841804
841888
842038
842078
842136
842167
842251
842260
842273
842298
842334
842349
842459
842549
842615
842770
842793
843172
843212
843216
843261
843309
843311
843394
843438
843507
843563
843577
843659
844059
844086
844124
844191
844203
844435
844600
844740
845049
845078
845166
845366
845374
845467
845515
845570
845574
845685
845875
845997
846064
846136
846155
846277
846420
846519
846536
846612
846640
846663
846691
846814
846877
846977
847148
847183
847229
847360
847526
847552
847575
847630
847656
847704
848092
848159
848222
848322
848554
848620
848621
848673
848686
848735
848959
848976
849014
849032
849147
849231
849326
849357
849490
849583
849752
849870
850269
850447
850494
850502
850525
850596
850677
850719
850836
850850
850949
851087
851198
851310
851354
851495
851502
851610
851614
851663
851688
851721
851727
851998
852029
852126
852246
852367
852411
852437
852532
852558
852612
852647
852736
852920
852992
853122
853129
853210
853494
853504
853741
853890
854163
854177
854218
854238
854328
854469
854535
854549
854646
854668
854812
854860
854868
854911
854928
854946
854995
855085
855116
855125
855258
855272
855380
855489
855496
855803
855871
856014
856064
856096
856170
856206
856214
856291
856336
856371
856374
856375
856426
856448
856503
856663
856683
856702
857037
857178
857215
857891
857997
858035
858040
858095
858127
858151
858221
858368
858394
858542
858607
858665
859025
859536
859610
860089
860180
860550
860580
861295
861624
861652
861984
862027
862043
862190
862201
862237
862256
862272
862281
862410
862518
862636
862726
862912
862947
863038
863117
863195
863303
863313
863322
863345
863426
863624
863665
863729
863738
863948
864236
864531
864948
865059
865081
865185
865196
865442
865562
865690
865738
865856
865891
865900
865921
865926
866043
866200
866222
866361
866511
866732
866737
866785
866857
867009
867063
867135
867304
867408
867429
867504
867551
867579
867795
867921
868066
868116
868182
868437
868575
868625
868668
868782
868790
868888
868896
868900
868968
869159
869167
869259
869270
869348
869363
869471
869533
869628
869831
869896
869962
869971
870101
870120
870398
870403
870584
870650
870674
870754
870756
870783
871126
871131
871398
871528
871753
871914
872037
872192
872204
872460
872619
872632
872939
872950
872987
873060
873206
873248
873263
873429
873466
873480
873577
873592
873730
873792
873839
873867
873966
874781
874850
875250
875298
875397
875623
875673
876167
876194
876237
876339
876372
876394
876465
876624
876792
876851
876889
876957
877229
877247
877329
877413
877507
877617
877690
877830
878095
878235
878377
878577
878653
878753
878787
878815
878851
878879
879049
879124
879178
879197
879209
879247
879315
879526
879742
879762
879819
879928
880050
880142
880156
880348
880413
880421
880587
880623
880791
880805
880883
881005
881108
881591
881601
881649
881739
881743
881756
881771
882102
882155
882280
882320
882371
882624
882716
882770
882827
882993
883024
883035
883068
883098
883103
883130
883345
883423
883435
883470
883480
883652
883693
883920
883945
884016
884544
884547
884583
884647
884840
884857
885144
885146
885153
885223
885545
885614
885692
885936
885943
885976
886023
886092
886112
886276
886284
886297
886318
886340
886570
886661
886772
887053
887064
887232
887409
887427
887480
887556
887605
887619
887760
887875
887881
887910
887985
888089
888099
888109
888377
888423
888791
888863
888915
888963
888977
888993
889072
889394
889549
889558
889595
889643
889709
889914
889995
890011
890046
890131
890181
890337
890365
890403
890558
890616
890653
890816
891003
891126
891201
891287
891288
891345
891354
891450
891619
891962
892001
892041
892049
892221
892442
892466
892483
892561
892569
892610
892655
892819
892833
892872
892973
893220
893252
893290
893379
893414
893467
893506
893629
893732
893827
894117
894134
894198
894210
894283
894341
894348
894599
894624
894627
894737
895007
895084
895199
895199
895373
895669
895684
895978
896209
896256
896270
896472
896562
896772
896987
896989
897100
897112
897131
897149
897255
897410
897665
897671
897686
897734
897798
897909
897975
898001
898358
898397
898490
898519
898709
898947
899059
899118
899127
899156
899169
899171
899438
899456
899508
899576
899960
900191
900255
900703
900924
900961
901013
901069
901149
901156
901300
901306
901397
901556
901595
901651
901697
901828
901853
902061
902094
902162
902619
902627
902810
902922
903049
903146
903265
903424
903774
903947
903987
904020
904102
904367
904624
904642
904676
904713
904971
904973
905174
905215
905288
905321
905385
905534
905583
905630
905699
905929
905971
906012
906080
906083
906090
906256
906341
906457
906563
906585
906603
906703
906957
906986
907301
907456
907642
907727
907746
907754
907805
907910
907911
907977
907978
908060
908094
908198
908331
908355
908386
908456
908614
908762
908977
908978
909003
909244
909294
909347
909428
909531
909705
909732
909755
909876
909901
910049
910137
910149
910222
910483
910522
910718
910733
910784
910821
910824
910853
910890
911346
911379
911388
911393
911536
911879
911934
911962
912031
912168
912170
912334
912458
912489
912582
912624
912801
912835
913353
913501
913534
913595
913642
913670
913721
913728
913768
913812
913847
913907
914145
914314
914420
914580
915096
915156
915249
915266
915458
915487
915509
915666
915813
915840
915854
915930
915930
916098
916178
916292
916726
916825
917094
917163
917179
917265
917365
917483
917549
917757
917872
918053
918155
918167
918238
918396
918502
918523
918588
918591
918598
918604
918688
918829
918931
919092
919393
919405
919418
919585
919672
919778
919854
919951
919955
919983
920072
920382
920416
920424
920481
920503
920688
920713
920798
920919
920940
921077
921181
921236
921375
921448
921701
921900
921933
922018
922310
922360
922362
922521
922569
922643
922779
922785
922991
923165
923462
923497
923514
923533
923710
923763
923846
923904
924099
924152
924157
924171
924411
924635
924644
924704
924776
924923
925352
925355
925555
925566
925616
925724
925775
925895
925976
926008
926066
926071
926117
926176
926263
926761
926795
926915
926936
926937
927100
927374
927390
927462
927611
927814
927950
927964
928033
928047
928827
928829
928856
928861
929036
929090
929275
929549
929565
929641
929650
929873
930049
930083
930273
930368
930415
930431
930445
930556
930566
930741
930854
930868
931031
931118
931222
931227
931389
931514
931553
931608
931614
931626
931863
931989
932206
932501
932602
932901
932956
933014
933081
933307
933453
933701
933749
933797
933834
934113
934203
934318
934338
934527
934652
934677
934872
935058
935092
935155
935240
935353
935493
935570
935618
935633
935758
935801
936324
936416
936572
936577
936584
936803
937180
937206
937227
937271
937397
937565
937611
937682
937807
937815
938071
938196
938495
938520
938531
938583
938590
938610
938613
938751
938796
938805
938830
938846
938964
938977
939032
939190
939385
939431
939540
939615
939685
939790
939926
939941
939988
940084
940100
940200
940256
940272
940390
940426
940700
940721
940798
941211
941211
941383
941414
941420
941525
941602
941621
941810
941849
941976
942099
942194
942218
942419
942564
942615
942704
942716
942814
942858
942880
942904
942973
943138
943166
943324
943832
943873
944079
944141
944275
944319
944339
944396
944712
944783
944825
945111
945132
945438
945488
945599
945797
945911
946115
946130
946193
946200
946346
946446
946511
946550
946759
946788
946876
947092
947144
947255
947466
947576
947612
947787
947847
947921
948008
948348
948355
948367
948477
948505
948604
948952
948976
949244
949316
949385
949480
949507
949507
949518
949922
949960
950151
950167
950224
950292
950304
950522
950615
950844
950907
950910
951073
951115
951200
951257
951389
951588
951610
951668
951670
951698
951717
951737
951780
951914
951983
952260
952388
952464
952471
952479
952512
952552
952620
952629
952782
952816
952831
952913
952988
952993
953104
953303
953449
953525
953542
953706
953748
953763
953844
953988
954581
954589
954597
954646
954966
955074
955150
955211
955298
955456
955464
955541
955572
955667
955676
955695
955740
955808
955821
956045
956224
956226
956338
956373
956391
956581
956599
956625
956681
956809
956917
956946
957077
957499
957592
957658
958260
958420
958681
958684
958806
958943
959062
959208
959231
959272
959380
959509
959513
959536
959576
959710
959828
959973
960181
960200
960321
960380
960404
960592
960752
960830
960919
960940
961019
961117
961299
961325
961634
961691
961692
962211
962380
962594
962812
962855
963082
963215
963382
963555
963585
963757
963826
963833
963860
963902
964071
964104
964119
964137
964158
964171
964450
964599
964640
964666
964675
964734
964779
964804
964923
964925
964953
964956
964974
964990
965061
965300
965361
965555
965584
965724
965878
965988
966002
966152
966153
966188
966244
966377
966511
966597
966647
966680
966707
966777
967173
967180
967454
967720
967725
967883
967923
968174
968311
968413
968434
968516
968682
968985
969069
969121
969147
969202
969265
969278
969317
969472
969693
969695
969699
969791
969844
970035
970267
970269
970321
970383
970516
970518
970555
970614
970618
970812
971117
971224
971260
971494
971622
971635
971639
971694
971795
971836
971918
972026
972123
972123
972134
972191
972333
972415
972447
972550
972575
972694
972783
972881
972962
973019
973097
973152
973221
973230
973299
973592
973729
973812
974290
974379
974410
974474
974528
974666
974689
974822
974911
974994
975110
975277
975317
975381
975424
975502
975563
975718
975911
976357
976409
976420
976653
976679
976918
977033
977053
977078
977974
978018
978034
978158
978285
978294
978377
978539
978545
978552
978572
978601
978763
978967
979178
979180
979275
979364
979431
979472
979630
979704
979707
979833
979982
980055
980069
980073
980100
980134
980148
980162
980226
980274
980329
980356
980381
980422
980614
980825
981003
981031
981116
981142
981156
981260
981285
981287
981308
981515
981566
981623
981655
981685
982130
982159
982218
982231
982263
982449
982546
982590
982859
983010
983182
983232
983291
983326
983326
983636
983934
983976
983980
984086
984641
984662
984758
984782
984998
985073
985154
985290
985324
985334
985446
985646
985709
986093
986176
986191
986303
986463
986502
986601
986633
986643
986778
986930
987208
987413
987523
987596
987740
987744
988147
988210
988389
988519
988562
988679
988716
988724
988801
988986
989078
989198
989300
989332
989343
989439
989490
989500
989693
989789
989809
989878
989881
989893
989939
990009
990072
990091
990110
990163
990239
990288
990497
990578
990710
990811
990977
991101
991138
991162
991217
991352
991433
991495
991518
991598
991783
991807
991914
991951
992031
992287
992304
992466
992499
992560
992566
992567
992659
992716
992823
992972
992976
993023
993131
993133
993148
993369
993378
993403
993685
993687
993791
993861
993932
993980
994144
994213
994246
994565
994842
994893
994895
995154
995322
995357
995503
995549
995713
995773
995778
995854
996063
996276
996405
996418
996661
996679
996705
996825
996993
997057
997363
997495
997512
997614
997616
997658
997805
997936
997983
998025
998078
998151
998169
998179
998232
998413
998524
998610
998622
998787
998797
999012
999159
999187
999376
999401
999562
999565
999615
999626
999758
999773
999853
