100
12713
13891
21165
37292
80156
95370
102908
106048
149169
174717
185334
194880
197125
197895
203618
209047
230018
230482
241517
266931
294493
297861
298338
313584
325858
338039
339445
343576
349398
367669
372923
373250
390334
392480
406553
408150
410134
413033
416946
433929
444970
448821
448908
451523
453717
457536
459209
459732
469102
526545
526895
528119
528545
528777
530535
545322
550421
551112
558726
583014
599751
605517
608112
625152
630810
633929
635669
636990
645227
651224
666488
679551
722663
741395
743901
754808
754821
755528
763146
766921
784567
788413
804453
837219
845180
857956
881765
902195
907309
913686
916566
929074
934080
935465
935844
936839
944335
950869
981304
988259
