10000
233
351
384
394
449
479
577
659
914
932
1345
1403
1518
1954
2266
2382
2564
2697
2706
2723
2914
2925
2952
3191
3357
3551
3824
3894
3917
3975
4064
4645
4662
4689
4746
4800
4807
5040
5153
5387
5576
5739
5827
5900
5990
6123
6132
6142
6510
6512
6900
7071
7072
7156
7253
7331
7417
7422
7461
7500
7744
7887
7914
7916
8708
8838
8890
8997
9158
9292
9409
9532
9647
9663
9757
9857
10087
10246
10326
10419
10666
10734
10874
10911
11099
11224
11399
11425
11585
11630
11679
11800
11884
12029
12113
12375
12382
12421
12427
12466
12623
12740
12751
12775
12808
13294
13524
13583
13717
13776
13840
14004
14262
14285
14392
14491
14514
14530
14560
14711
14749
14800
14907
15291
15355
15391
15453
15481
15491
15538
15656
15673
15676
15800
15805
15933
16021
16076
16461
16543
16626
16779
16863
16876
16927
16948
17120
17131
17267
17502
17593
17935
18018
18071
18197
18214
18462
18548
18746
18825
18834
18921
18965
19126
19469
19526
19617
19632
19818
19859
19896
19918
20015
20094
20193
20416
20447
20463
20617
21193
21343
21421
21428
21512
21599
21695
21717
21738
21789
21809
21827
21845
21873
21878
21919
21953
22051
22117
22158
22175
22284
22502
22502
22626
22743
22761
22803
22874
22899
23165
23215
23257
23257
23409
23479
23484
23647
23802
23951
23981
24195
24226
24362
24489
24497
24628
24761
24828
25053
25229
25332
25487
25647
26034
26111
26122
26619
26700
26889
26910
26976
27069
27244
27391
27548
27713
27896
28163
28293
28314
28470
28509
28862
28884
28938
29014
29071
29177
29542
29686
29709
29783
29879
30023
30091
30135
30289
30495
30533
30548
30725
30829
30877
30893
30949
31393
31420
31488
31655
31663
31714
31799
31906
31930
31976
32189
32247
32267
32295
32307
32641
33026
33054
33183
33358
33361
33471
34054
34060
34094
34226
34596
34612
34620
34655
34762
34792
34934
34992
35157
35187
35297
35301
35353
35392
35456
35781
35793
36168
36215
36329
36408
36623
36642
36657
36676
36776
36914
37013
37084
37145
37188
37305
37311
37338
37356
37364
37461
37907
37973
38124
38139
38258
38443
38464
38554
38574
38654
38876
38919
39064
39185
39194
39299
39389
39400
39542
39633
39701
39734
39887
40061
40099
40298
40465
40497
40657
40687
40962
41111
41321
41356
41465
41739
41753
41772
41779
41891
42011
42159
42288
42325
42343
42348
42562
42583
43235
43321
43333
43366
43382
43410
43568
43643
43834
43913
44033
44144
44145
44483
44562
44564
44579
44676
44707
44714
44872
44892
44908
45050
45078
45391
45395
45930
46066
46105
46527
46532
46573
46666
46688
46870
46875
46919
47113
47453
47592
47714
47858
47899
47998
48025
48052
48337
48594
48735
48749
48831
48969
49116
49417
49464
49491
49563
49595
49656
49668
49714
49771
49798
49853
50229
50310
50370
50465
50678
50726
50740
50771
50818
50835
50962
50967
51078
51112
51137
51213
51375
51524
51763
51769
51911
52027
52484
52596
52600
52624
52678
52710
52728
52741
52923
52975
52984
53092
53198
53261
53494
53659
53844
53895
54148
54319
54415
54489
55038
55112
55152
55159
55210
55292
55362
55405
55480
55685
55936
56037
56075
56283
56286
56570
56602
56625
56631
56679
56779
56802
56900
56906
56911
56913
56954
57001
57157
57273
57671
57923
58148
58320
58378
58655
58887
58963
58971
58996
59031
59053
59071
59081
59177
59418
59461
59590
59688
59718
59765
59770
59796
59845
59874
59893
60018
60156
60307
60456
60535
60602
60694
60717
61042
61100
61113
61350
61574
61811
62018
62109
62200
62379
62394
62414
62571
62611
62737
62750
62938
63101
63107
63160
63280
63331
63414
63758
63864
63918
63977
64070
64168
64276
64313
64594
64678
64688
64694
64788
64876
64968
65084
65102
65299
65416
65438
65504
65577
65659
65689
65795
65825
65828
65914
65940
65970
66270
66353
66400
66432
66441
66721
67163
67211
67286
67341
67364
67364
67534
67918
68823
68918
69011
69035
69056
69325
69325
69473
69535
69600
69636
69680
69791
69941
69961
70007
70027
70111
70299
70341
70367
70475
70639
70644
70659
70730
70888
70962
71126
71253
71588
71618
71940
72179
72287
72434
72789
72913
72974
73083
73155
73608
73640
73719
73722
73744
73764
73977
74075
74086
74096
74179
74253
74339
74470
74562
74680
74756
74798
74830
74859
74954
75092
75197
75302
75304
75337
75566
75609
75891
75983
76020
76033
76041
76078
76114
76324
76447
76518
76623
76735
76851
76912
77160
77333
77335
77647
77715
77848
77931
77938
77955
77987
77987
78086
78125
78141
78160
78262
78371
78445
78572
78580
78675
78763
79071
79129
79139
79225
79332
79492
79632
79697
79722
79871
80275
80355
80516
80549
80561
80743
81017
81047
81098
81351
81424
81477
81486
81520
81598
81872
81949
82032
82045
82183
82691
82863
83045
83371
83635
83717
83802
83853
83934
84101
84104
84157
84418
84456
84663
84717
84957
85049
85058
85280
85357
85450
85471
85520
85604
85734
85769
85897
85953
85998
86086
86312
86472
86498
86686
86903
87117
87260
87285
87300
87412
87424
87492
87792
88031
88057
88284
88369
88473
88586
88630
88664
88730
88889
89094
89279
89483
89825
90018
90130
90176
90181
90330
90567
90589
90865
90868
90872
91118
91141
91319
91397
91446
91482
91489
91500
91520
91660
91717
91741
91891
91973
92094
92230
92327
92341
92357
92383
92401
92644
92936
92996
93017
93058
93067
93140
93271
93312
93335
93383
93459
93496
93549
93613
93685
93789
93831
93841
93887
94010
94019
94122
94163
94224
94338
94488
94492
94500
95097
95161
95213
95241
95265
95599
95834
96043
96130
96225
96435
96512
96596
96815
96858
97123
97297
97365
97643
97688
97691
98023
98028
98082
98290
98319
98506
98580
98629
98645
98828
98834
98866
98882
98932
99040
99049
99162
99187
99320
99459
99482
99505
99685
99855
99891
99892
100152
100360
100366
100439
100514
100553
100622
100638
100662
100889
101172
101336
101343
101474
101517
101711
101778
101841
101843
101874
101887
102140
102492
102506
102514
102538
102713
102780
102807
102900
103060
103213
103271
103334
103351
103515
103616
103968
104042
104048
104063
104258
104306
104455
104476
104539
104550
104622
104795
104818
104835
104960
105174
105197
105398
105487
105498
105594
105620
105664
106217
106268
106411
106546
107036
107060
107170
107229
107263
107302
107390
107498
107590
107641
107783
107887
107910
107923
108007
108120
108382
108418
108505
108523
108727
109072
109079
109166
109313
109536
109619
109635
109687
109741
110093
110162
110269
110473
110637
110687
110738
110949
110957
111017
111124
111299
111328
111351
111357
111533
111561
111619
111724
111730
111827
111834
112035
112085
112169
112178
112237
112294
112635
112677
112677
112692
112949
112988
113100
113214
113274
113549
113910
114009
114157
114400
114408
114486
114559
114596
114598
114692
114711
114836
114863
115147
115205
115256
115351
115806
115810
115920
116005
116211
116262
116264
116477
116524
116532
116535
116549
116998
117127
117138
117145
117259
117398
117404
117556
117774
117786
117854
117982
118028
118056
118056
118182
118190
118223
118403
118494
118621
118721
118732
118903
118942
118956
119104
119221
119289
119601
119677
119691
119857
119917
120153
120336
120368
120485
120604
120755
120797
120835
120840
120895
120914
120924
120949
121136
121520
121610
121661
121775
121788
121809
121860
121922
121946
121990
122008
122043
122056
122076
122077
122268
122307
122332
122499
122644
122698
122793
122907
122955
122966
123065
123065
123069
123142
123220
123288
123395
123414
123651
123765
123784
123996
124063
124226
124230
124265
124448
124469
124482
124487
124496
124511
124626
124706
124830
124843
124941
124986
124995
125012
125035
125165
125186
125412
125508
125509
125564
125701
125712
125928
125983
125995
126010
126017
126243
126306
126340
126441
126519
126559
126758
126851
126882
127060
127268
127273
127303
127361
127548
127580
127663
127725
127792
127852
127888
127910
128043
128047
128184
128213
128237
128442
128467
128518
128594
128756
128758
128868
129144
129171
129174
129243
129280
129384
129389
129547
129767
129792
129815
129820
129832
129854
129934
130189
130200
130287
130437
130498
130553
130764
130928
131002
131033
131189
131214
131324
131518
131530
131696
131706
131772
131792
131971
132039
132127
132167
132301
132420
132436
132556
132697
132749
132825
132836
132854
132998
133532
133844
134007
134078
134089
134226
134332
134347
134810
134901
134930
135011
135044
135101
135192
135373
135415
135440
135675
135882
136450
136546
136762
136982
137098
137106
137136
137274
137374
137374
137403
137451
137457
137476
137567
137682
137888
137912
138036
138133
138156
138172
138183
138248
138255
138258
138451
138628
138690
138809
138927
138970
139033
139046
139073
139276
139282
139491
139614
139670
139914
140018
140095
140280
140292
140344
140379
140554
140687
140796
140934
141197
141261
141319
141437
141463
141827
141833
141854
141942
142044
142130
142251
142294
142353
142519
142648
142922
142949
143029
143031
143227
143385
143609
143687
143761
143800
143841
144008
144110
144221
144294
144866
144982
145095
145212
145244
145246
145335
145497
145503
145601
145632
145635
145851
145992
146051
146312
146328
146426
146533
146765
146772
146787
146912
147126
147278
147319
147323
147425
147452
147623
148040
148079
148180
148193
148411
148728
148874
148968
148970
149053
149083
149098
149125
149131
149308
149321
149324
149387
149437
149646
149683
149913
150086
150155
150200
150354
150403
150585
150634
150726
150728
151314
151351
151702
151776
151922
151925
152141
152152
152465
152530
152573
152926
152973
153184
153222
153305
153333
153362
153430
153553
153645
154035
154045
154073
154096
154106
154243
154357
154608
154643
154754
154981
155032
155159
155258
155323
155358
155717
155756
155831
156275
156368
156417
156473
156555
156569
156610
156724
156731
156742
156787
156908
157095
157155
157174
157241
157246
157432
157689
157700
157736
157757
157769
158073
158259
158322
158455
158546
158655
158695
158828
158906
158981
159071
159075
159115
159148
159168
159552
159592
159757
159780
159832
159897
160040
160121
160257
160271
160336
160416
160526
160835
160889
161061
161141
161262
161446
161457
161467
161494
161618
161620
161626
161847
162292
162392
162547
162610
162675
162679
162958
163022
163048
163164
163484
163490
163490
163564
163575
163663
163803
164012
164094
164114
164214
164362
164365
164441
164540
164806
164933
165018
165339
165613
165739
165787
165837
165905
165929
165976
166261
166286
166332
166336
166499
166521
166690
166751
166781
166875
166884
166996
167039
167081
167089
167423
167430
167623
167636
167640
167662
167902
168027
168035
168272
168317
168430
168466
168686
168789
168981
169084
169087
169087
169091
169170
169208
169234
169252
169289
169412
169489
169508
169629
169709
169738
169873
169944
170074
170130
170199
170394
170460
170482
170575
170827
170988
171003
171226
171297
171310
171322
171455
171540
171611
171728
172010
172133
172178
172475
172593
172656
172740
172749
172842
172876
172912
173012
173041
173111
173125
173132
173264
173319
173460
173525
173564
173619
173621
173715
173757
173787
173796
173886
173894
174046
174062
174145
174270
174286
174380
174415
174427
174440
174481
174556
174615
174891
174927
174984
174985
175069
175265
175293
175301
175329
175358
175473
175612
175732
175736
175763
175990
176149
176197
176413
176413
176451
176710
176734
176746
176777
176919
177218
177264
177281
177465
177561
177645
177827
178009
178172
178325
178422
178540
178809
178819
178872
178979
179080
179124
179281
179382
179632
179662
179845
179931
180017
180243
180366
180467
180561
180643
180741
180866
180874
180921
181316
181348
181375
181461
181482
181556
181584
181614
181746
181881
181927
181929
181976
182005
182142
182185
182456
182731
182771
182798
183047
183093
183155
183174
183193
183301
183309
183309
183416
183422
183492
183521
183543
183582
183709
184170
184193
184230
184245
184262
184287
184300
184311
184635
184744
184791
184795
184828
184834
184932
184944
184968
185018
185138
185165
185208
185215
185310
185365
185382
185426
185574
185585
185665
185781
185795
186008
186055
186187
186288
186307
186390
186437
186564
186759
186774
186922
186983
187112
187150
187528
187791
188087
188123
188135
188206
188316
188370
188449
188503
188524
188561
188573
188771
188778
188982
189014
189346
189456
189717
189891
189902
190308
190398
190462
190579
190719
190813
190960
190960
191158
191225
191363
191568
191616
191723
191737
191847
191972
192024
192083
192091
192246
192286
192301
192306
192393
192458
192491
192539
192586
192624
192638
192706
192746
192990
193036
193173
193366
193443
193501
193662
193748
193753
193791
193971
194044
194045
194118
194187
194237
194266
194443
194487
194517
194543
194600
194628
194736
194832
194860
194897
195052
195319
195371
195501
195665
195987
196200
196230
196494
196585
196660
196719
196770
196915
197081
197262
197475
197600
198352
198434
198469
198518
198795
198817
198946
199026
199041
199163
199265
199282
199457
199476
199569
199602
199657
199738
199929
199938
199992
200004
200236
200412
200434
200468
200513
200641
200740
200761
200823
200854
200862
200866
200897
200958
200990
201024
201032
201065
201102
201130
201144
201185
201382
201390
201417
201466
201660
201664
201778
201818
201835
201873
201895
201992
202108
202250
202462
202473
202516
202519
202567
202623
202695
202919
202934
202959
203036
203174
203257
203437
203527
203615
203681
203758
203810
203862
204267
204390
204840
204935
204959
205076
205129
205131
205145
205172
205215
205256
205555
205582
205928
205938
206014
206111
206210
206539
206547
206557
206620
206919
206931
207013
207060
207087
207111
207138
207183
207261
207264
207296
207306
207364
207513
207655
207659
207778
208005
208138
208340
208344
208372
208403
208422
208537
208728
208737
208807
208826
208960
209141
209225
209270
209442
209568
209646
209707
209836
209875
209884
209922
210063
210123
210341
210412
210522
210670
210716
210881
210911
210942
210988
211091
211141
211174
211654
211765
211789
211818
211989
212111
212111
212239
212666
212710
212771
212774
213006
213042
213093
213229
213255
213279
213557
213606
213694
213797
214157
214208
214475
214526
214670
214674
214764
214779
214934
215000
215240
215247
215249
215365
215372
215429
215713
215871
215968
216022
216358
216416
216522
216656
216786
216793
216827
216854
216866
216885
216958
217278
217402
217607
217640
217896
217937
217994
218031
218070
218088
218114
218266
218358
218491
218780
218816
219105
219403
219776
219928
219930
220177
220196
220212
220227
220262
220569
220661
220673
220779
221028
221110
221170
221372
221510
221528
221576
221685
221698
221704
221923
222152
222239
222254
222274
222357
222540
222971
223040
223085
223087
223379
223622
223683
223746
223768
223772
223909
223913
224012
224021
224187
224203
224280
224317
224365
224525
224791
224960
225038
225122
225153
225224
225376
225412
225421
225527
225586
225604
225837
225986
226017
226030
226110
226397
226567
226728
226771
226797
226881
227096
227177
227202
227237
227457
227479
227487
227578
227609
227899
228026
228034
228063
228127
228515
228579
228635
228671
228727
228830
228852
228861
229309
229455
229478
229489
229573
229749
229754
229826
229921
230000
230017
230188
230343
230517
230540
230594
230677
230704
230942
230951
231064
231132
231482
231491
231508
231517
231763
231816
232071
232150
232373
232522
232645
232772
232889
232951
233047
233328
233339
233355
233392
233469
233491
233707
234191
234351
234407
234577
234734
234927
235038
235048
235054
235065
235203
235267
235390
235447
235573
235811
235856
235860
235996
236017
236412
236473
236494
236532
236538
236551
236565
236590
236884
236917
236975
237229
237272
237319
237716
237898
237922
237970
237971
237988
238079
238085
238139
238237
238237
238250
238366
238378
238394
238517
238570
238780
238972
239007
239022
239049
239105
239164
239244
239334
239379
239383
239514
239522
239555
239719
239811
239826
240063
240167
240334
240359
240398
240488
241029
241083
241088
241152
241168
241254
241270
241318
241424
241745
241779
241795
241831
241917
242013
242183
242204
242286
242539
242629
242700
242886
242947
243033
243043
243050
243135
243202
243257
243283
243381
243575
243655
243767
243793
243828
243858
244167
244168
244201
244216
244285
244328
244398
244448
244535
244653
244660
244697
244770
244773
244816
244851
244874
245277
245371
245385
245424
245649
245722
245766
245808
246014
246140
246265
246316
246489
246492
246581
246699
246764
246915
246973
247132
247136
247170
247235
247289
247294
247325
247345
247355
247389
247429
247596
247802
247929
247949
247978
248058
248119
248197
248276
248311
248426
248430
248525
248779
248788
248952
248961
249134
249165
249214
249262
249419
249484
249487
249512
249623
249639
249668
249712
250043
250313
250345
250456
250469
250495
250741
250799
251051
251129
251134
251139
251432
251437
251560
251740
251769
251886
251903
251970
252030
252067
252086
252217
252224
252369
252486
252599
252705
252715
252822
253162
253178
253259
253291
253568
253717
253877
254222
254272
254309
254456
254513
254613
254671
254757
255070
255079
255186
255593
255789
255854
255891
255912
255979
256002
256110
256111
256161
256253
256296
256496
256617
256675
256679
256689
256763
256874
256964
256983
256992
257088
257155
257191
257258
257271
257277
257332
257619
257710
257878
258162
258187
258215
258254
258262
258477
258634
258692
258807
258977
258987
259014
259017
259207
259245
259334
259349
259643
259674
259685
259924
260067
260166
260239
260385
260692
260916
260978
261031
261239
261288
261302
261412
261519
261543
261588
261591
261595
261805
261858
261871
261952
262114
262229
262240
262355
262400
262552
262795
262875
263089
263153
263203
263431
263492
263593
263626
263636
263647
263698
263729
263736
263739
263740
263847
264238
264474
264706
264746
264752
264927
265012
265070
265289
265295
265567
265588
265654
265799
266012
266058
266120
266315
266358
266391
266537
266657
266708
266763
266939
267019
267210
267270
267341
267371
267424
267441
267648
267674
267712
267741
267816
267860
267895
268220
268265
268321
268408
268514
268559
268584
268591
268628
268639
268758
268778
268843
268913
269021
269027
269189
269327
269386
269431
269542
269606
269693
269842
270435
270562
270583
270734
270823
271046
271204
271209
271223
271382
271443
271515
271630
272239
272279
272293
272513
272667
272693
272792
272800
273033
273045
273105
273145
273285
273369
273381
273449
273601
273635
273652
273724
273731
273844
274236
274399
274429
274492
274504
274523
274631
274649
274722
274842
275122
275145
275215
275285
275565
275673
275705
275820
275866
275907
276041
276043
276109
276226
276241
276299
276310
276486
276539
276628
276628
276645
276729
276982
276993
277041
277116
277276
277285
277302
277403
277510
277515
277651
277685
277902
277913
277988
278064
278101
278192
278275
278533
278622
278734
278872
278908
278964
279533
279912
279944
280057
280241
280248
280423
280551
280780
280905
281068
281205
281222
281465
281515
281571
281617
282032
282170
282189
282271
282302
282317
282458
282464
282575
282728
282901
282930
283022
283134
283388
283493
283500
283504
283619
283657
283694
283705
283725
283943
284000
284035
284235
284306
284421
284487
284519
284618
284763
284859
284915
285001
285001
285063
285196
285460
285481
285786
285902
286206
286324
286531
286570
286837
287011
287056
287104
287175
287194
287201
287228
287246
287297
287424
287593
287615
287619
287633
287714
287927
288014
288141
288237
288770
288850
288929
289017
289384
289443
289473
289818
289861
289881
289913
290121
290124
290238
290323
290328
290353
290623
290671
290726
290737
290737
290834
290936
290956
291149
291178
291348
291504
291816
291868
291868
292066
292238
292764
292848
292935
292959
293209
293391
293425
293586
293591
293654
293871
293914
293938
293967
294225
294278
294345
294347
294423
294455
294469
294709
294839
294963
295036
295181
295193
295322
295327
295350
295430
295601
295603
295842
295893
296131
296318
296337
296355
296365
296576
296597
296786
296862
296927
296936
296970
297011
297043
297047
297125
297138
297163
297296
297388
297631
297647
297647
297918
298012
298169
298310
298538
298760
298859
298862
298940
299076
299247
299302
299338
299387
299502
299532
299646
299650
299706
299730
299757
299862
300397
300411
300444
300565
300729
300836
300889
300964
301149
301274
301336
301397
301496
301685
301722
301768
301951
302109
302183
302187
302328
302352
302382
302446
302483
302556
302603
302648
302663
302742
302863
303260
303276
303289
303419
303480
303489
303504
303572
303614
303618
303637
303641
303736
303857
303859
304034
304059
304182
304274
304430
304619
304857
304923
305071
305215
305274
305320
305454
305476
305684
305720
305742
306020
306038
306058
306068
306076
306119
306137
306161
306210
306353
306489
306914
306934
307045
307072
307078
307330
307335
307439
307787
307878
307893
307898
307904
308299
308636
308737
308740
308801
308973
309125
309313
309323
309380
309566
309603
309676
309751
309823
309842
309912
309935
309942
310045
310146
310564
310608
310610
310675
310747
311128
311222
311265
311335
311472
311636
311824
311886
311986
312002
312021
312186
312210
312289
312572
312696
312774
312776
312920
313026
313087
313137
313207
313225
313342
313406
313424
313476
313491
313531
313600
313689
313732
313786
313812
313914
313995
314357
314377
314400
314405
314471
314499
314698
315070
315411
315697
315750
315821
315889
316040
316055
316059
316077
316114
316123
316418
316461
316779
316808
316831
317010
317041
317171
317192
317200
317233
317566
317575
317597
317662
317687
317785
317804
317980
318062
318138
318335
318409
318424
318588
318660
318677
318696
318786
318795
318968
319225
319281
319341
319443
319516
319609
319672
319823
319854
319990
320025
320032
320241
320260
320275
320448
320475
320554
320824
320872
320906
321006
321014
321198
321321
321346
321385
321457
322044
322079
322305
322318
322453
322479
322527
322534
322613
322812
322978
323008
323031
323103
323103
323444
323583
323630
323637
323692
323810
323858
324025
324125
324138
324483
324548
324579
324737
324751
324755
324782
324814
324841
324877
324884
324936
325098
325145
325195
325230
325410
325441
325521
325587
325737
325754
325852
325891
325921
325939
325953
325994
326051
326184
326211
326382
326529
326534
326606
326728
326799
326847
327042
327127
327260
327299
327531
327548
327636
327649
327658
327797
327920
328192
328321
328478
328761
328800
328861
328920
329159
329187
329216
329279
329315
329329
329363
329522
329836
329961
330007
330023
330082
330210
330385
330534
330545
330553
330602
330796
330828
330894
331024
331887
332000
332033
332419
332514
332622
332633
332664
332707
332758
332844
332898
333017
333021
333340
333345
333464
333500
333615
333646
333663
333754
333776
333873
333905
333936
333953
333955
334136
334223
334300
334350
334364
334415
334436
334474
334550
334686
334930
335047
335222
335248
335319
335379
335381
335385
335471
335479
335663
335665
335685
335711
335784
335787
335803
335806
336015
336153
336214
336296
336376
336490
336509
336580
336703
336712
337002
337020
337106
337332
337393
337469
337474
337498
337535
337607
337682
338030
338130
338486
339085
339208
339288
339312
339441
339463
339469
339491
339568
339631
339903
339978
340229
340361
340451
340461
340488
340640
340688
340710
340859
341014
341064
341202
341222
341246
341251
341346
341382
341443
341514
341575
341645
341824
342037
342075
342077
342142
342251
342364
342371
342395
342423
342719
342948
342954
343178
343195
343204
343286
343306
343341
343357
343436
343525
343660
343785
343796
343804
344000
344006
344409
344459
344468
344472
344513
344633
344655
344766
344912
345050
345144
345264
345370
345383
345513
345695
345758
345813
345826
345870
346135
346168
346213
346243
346369
346425
346525
346543
346589
346661
346710
347016
347061
347074
347157
347334
347404
347485
347674
347747
347784
347866
348062
348068
348245
348320
348380
348528
348599
348755
348832
348954
349155
349165
349178
349357
349402
349491
349746
349770
349802
349891
350098
350163
350199
350308
350349
350438
350610
350737
350756
351091
351787
351852
351868
351876
352062
352149
352229
352308
352356
352473
352486
352490
352512
352587
352674
352714
352812
352812
352852
352889
352979
353155
353181
353309
353322
353447
353508
353533
353705
353789
354334
354375
354391
354532
354622
354907
355051
355158
355192
355194
355206
355273
355304
355315
355350
355417
355632
355632
355687
355688
355703
355740
355853
355929
356001
356092
356100
356259
356279
356356
356498
356520
356580
356783
356784
356958
356960
356963
357253
357260
357338
357400
357476
357587
357620
357757
357758
357845
357914
358213
358253
358422
358696
358720
358740
358758
358767
358768
358805
358807
358914
359036
359046
359070
359116
359204
359235
359561
359590
359653
359841
359862
359922
359968
359987
360140
360231
360288
360346
360627
360712
360714
360738
361057
361443
361725
361769
361875
362026
362142
362214
362284
362386
362488
362489
362559
362853
362992
363212
363245
363454
363566
363629
363785
363935
363963
363997
364461
364474
364612
364654
364678
364691
364768
364885
365268
365368
365451
365486
365551
365651
366039
366094
366275
366428
366524
366545
366649
366937
367028
367113
367128
367147
367165
367198
367260
367565
367753
367961
367985
368037
368224
368285
368411
368465
368474
368617
368740
368756
368852
368942
369027
369031
369036
369042
369044
369064
369071
369134
369162
369308
369445
369519
369538
370282
370282
370290
370334
370716
370739
370820
370869
371010
371151
371307
371372
371416
371439
371523
371891
372013
372311
372474
372478
372888
372930
373006
373095
373377
373380
373453
373751
373766
373805
373861
373944
374132
374188
374428
374577
374691
374780
374941
375121
375217
375256
375393
375577
375791
375847
375905
375928
375955
376007
376324
376333
376438
376501
376516
376648
376719
376796
376863
376866
376880
377034
377103
377276
377344
377364
377516
377641
377813
377839
378027
378170
378183
378204
378306
378330
378465
378538
378573
378594
378626
378651
378784
378931
378932
379049
379125
379197
379277
379478
379611
379642
379814
379958
379999
380009
380052
380116
380124
380246
380285
380348
380460
380461
380489
380536
380587
380675
380806
381008
381045
381075
381261
381464
381484
381517
381837
381949
382024
382394
382420
382438
382613
382752
382755
382821
382845
382881
382939
382987
383034
383421
383894
383932
383950
384034
384102
384148
384358
384438
384655
384698
384912
384934
385015
385244
385392
385549
385562
385575
385599
385971
386067
386068
386134
386143
386148
386352
386395
386397
386416
386462
386548
386716
386761
386786
386833
387176
387218
387304
387665
387772
387772
387863
387900
387966
388002
388041
388086
388412
388509
388560
388823
388979
389023
389037
389212
389228
389415
389555
389802
389887
389973
390007
390060
390082
390403
390570
390600
390672
390813
390829
390875
391158
391166
391271
391283
391742
391754
391757
391800
391822
392114
392202
392206
392222
392339
392360
392462
392541
392969
393094
393127
393191
393254
393313
393314
393391
393403
393419
393492
393556
393571
393774
393794
393798
393876
394000
394134
394515
394667
394733
394819
395184
395196
395548
395620
395628
395685
395801
395878
395947
395956
396074
396131
396149
396290
396328
396406
396430
396433
396449
396516
396597
396720
396730
396881
396902
396978
397318
397414
397415
397489
397587
397702
397800
397817
397901
398038
398046
398183
398201
398242
398258
398259
398358
398459
398582
399072
399168
399256
399343
399391
399401
399426
399533
399542
399608
399858
400004
400119
400345
400376
400447
400739
401002
401068
401075
401103
401178
401201
401233
401278
401328
401390
401436
401678
401683
401716
401762
401813
401829
401869
401942
402141
402179
402203
402396
402607
402620
402691
402985
403122
403137
403175
403201
403331
403337
403444
403564
403658
403809
403822
403894
403973
404262
404295
404297
404325
404336
404376
404474
404496
404643
405071
405282
405325
405351
405364
405428
405630
405648
405772
405868
405921
405944
405972
406073
406124
406354
406357
406377
406402
406493
406515
406569
406611
406726
406772
406842
407292
407388
407522
407644
407755
407802
407845
407976
408113
408146
408181
408296
408526
408571
408572
408714
408806
408946
409124
409129
409349
409485
409607
409624
409766
409857
410082
410419
410504
410558
410715
410826
410957
411043
411140
411486
411537
411568
411645
411750
411762
411898
411935
411997
412004
412039
412485
412524
412550
412577
412989
412999
413027
413236
413247
413756
413804
413862
413963
413983
414049
414133
414188
414231
414261
414281
414401
414431
414780
414839
414879
414993
415239
415462
415572
415810
415840
415841
416020
416026
416108
416125
416130
416449
416464
416508
416578
416800
416835
416934
416987
417185
417322
417323
417453
417551
417551
417636
417681
417792
417800
417891
417982
418222
418426
418432
418506
418524
418562
418660
418805
418822
418961
419148
419305
419464
419643
419677
419685
419703
419831
419903
420034
420176
420257
420370
420371
420464
420549
420615
420790
420825
420876
420940
420942
420949
420998
421010
421096
421147
421176
421243
421270
421383
421422
421463
421494
421549
421736
421825
421955
422307
422518
422620
422635
422741
422789
422792
422916
422942
422986
423035
423153
423423
423450
423665
423795
424003
424100
424135
424183
424226
424230
424355
424477
424538
424551
424591
424600
424612
424841
424854
425208
425256
425366
425501
425565
425611
425613
425760
425770
425789
426010
426179
426268
426407
426528
426894
426954
426984
426991
427073
427177
427209
427325
427329
427360
427371
427415
427477
427504
427577
427592
427611
427718
427756
427789
428028
428100
428101
428257
428282
428363
428791
428984
429151
429207
429505
429583
429590
429663
429745
429793
429898
429980
430099
430184
430262
430316
430407
430492
430685
430850
430873
431094
431363
431374
431542
431573
431765
432055
432172
432197
432213
432554
432581
432591
432613
432623
432672
432735
432765
432836
432936
433019
433233
433298
433312
433468
433552
433623
433809
433852
433859
433947
433964
434030
434036
434048
434071
434089
434099
434189
434194
434261
434334
434428
434594
434781
434846
435002
435115
435137
435377
435525
435526
435586
435804
435834
435870
436025
436267
436772
436803
437160
437648
437665
437764
437823
437845
437936
438080
438112
438144
438239
438306
438441
438473
438539
438555
438579
438625
438665
438831
438894
439051
439197
439264
439270
439654
440014
440298
440342
440372
440559
440668
440731
440903
441003
441021
441269
441305
441348
441452
441462
441466
441625
441901
441908
442000
442073
442130
442143
442276
442315
442542
442634
442706
443064
443162
443401
443438
443477
443590
443662
443761
443814
444022
444106
444157
444416
445040
445119
445255
445278
445515
445559
445738
445752
445815
445816
445864
446180
446199
446554
446594
446620
446635
446681
446806
446839
446890
447065
447113
447328
447438
447621
447686
447872
448151
448154
448220
448259
448321
448349
448746
448792
448808
448889
448996
449010
449140
449402
449585
449951
449952
450364
450422
450537
450614
450894
450995
451068
451208
451230
451284
451333
451347
451377
451379
451406
451426
451497
451530
451705
451935
451986
452113
452220
452241
452274
452447
452460
452820
452866
452873
452909
453132
453288
453349
453676
453762
454029
454046
454100
454168
454281
454377
454628
454678
454694
454835
454847
454899
454929
454977
455278
455645
455681
455744
455850
456034
456432
456464
456503
456706
456799
456817
456856
457028
457207
457336
457408
457489
457505
457633
457638
457789
457895
457946
457983
457989
458300
458484
458836
458938
459031
459120
459362
459455
459470
459505
459695
459803
459815
459834
459838
460214
460263
460267
460281
460427
460486
460564
460622
460626
460683
460698
460825
461017
461170
461419
461508
461576
461776
461889
461988
462050
462147
462214
462239
462359
462377
462392
462452
462754
462840
462908
463022
463070
463123
463179
463383
463553
463556
463573
463660
463699
463719
463749
463832
464054
464332
464340
464349
464534
464539
464663
464795
464822
464834
464949
465040
465229
465269
465394
465705
465763
465777
465872
465957
466043
466072
466152
466173
466507
466534
466555
466572
466582
466634
466937
467152
467533
467684
467796
467845
467902
467970
467994
468205
468244
468415
468617
468740
468747
468749
468981
469010
469012
469101
469345
469507
469601
469609
469771
469778
469896
469989
470247
470275
470539
470565
470628
470720
470766
470841
470853
471010
471068
471160
471173
471194
471200
471263
471437
471460
471471
471722
471795
471802
471910
471930
472042
472112
472169
472238
472277
472278
472313
472401
472905
473001
473031
473037
473230
473431
473472
473679
473822
473956
473992
474122
474122
474151
474170
474371
474444
474647
474705
474804
474809
474889
474889
474961
474990
475048
475245
475374
475375
475458
475737
475958
476067
476330
476466
476475
476639
476719
476761
476819
476888
476922
476962
477006
477076
477224
477253
477315
477417
477513
477572
477956
478166
478168
478300
478355
478570
478614
478621
478803
478938
479016
479028
479087
479233
479271
479391
479486
479540
479752
479848
479878
479949
479972
480000
480195
480260
480340
480446
480605
480651
480836
480876
480884
480932
480983
481131
481139
481233
481287
481377
481396
481499
481558
481623
481645
481707
481737
481822
481851
482216
482338
482386
482687
482842
482856
482891
483335
483360
483429
483465
483679
483695
483722
483832
483896
484057
484107
484180
484187
484348
484438
484486
484511
484596
484653
484882
484911
484943
484951
484984
484989
485278
485281
485301
485655
485717
485853
485965
486312
486528
486568
486759
486808
486835
486935
487054
487185
487261
487611
487766
487906
488020
488231
488280
488447
488479
488524
488583
488592
488628
488697
488766
488839
488841
489060
489144
489481
489523
489719
489777
489803
489809
490238
490259
490275
490292
490466
490489
490631
490636
490694
490858
490990
491225
491277
491339
491670
491726
491766
491871
491912
491954
492003
492086
492171
492237
492250
492450
492473
492671
492828
493112
493122
493202
493268
493499
493556
493583
493644
493766
493832
494007
494184
494283
494353
494474
494474
494601
494676
494726
494736
494987
495106
495122
495180
495232
495335
495390
495431
495434
495445
495549
495596
495654
495762
495950
496035
496038
496062
496116
496527
496634
496749
496760
496834
496862
496869
496911
497249
497382
497667
497926
497942
498038
498283
498309
498498
498557
498559
498646
498705
498743
498824
498987
499050
499394
499508
499537
499611
499757
499809
500024
500033
500087
500174
500181
500495
500537
500642
500657
500752
500794
500881
501184
501388
501411
501454
501494
501564
501572
501766
501803
501829
501877
501950
502238
502339
502526
502656
502711
502722
502862
502937
502952
503279
503353
503354
503589
503668
503692
503730
503803
503842
503864
503900
503911
503937
504026
504045
504056
504221
504416
504618
504708
504770
504841
504871
505019
505076
505102
505158
505379
505613
505648
505690
505869
505975
506202
506311
506332
506354
506633
506705
506736
506745
507034
507267
507311
507344
507365
507436
507477
507552
507669
507670
507742
507961
508028
508187
508319
508419
508444
508521
508583
508586
508621
508690
508811
508917
509071
509125
509144
509155
509170
509174
509361
509398
509624
509665
509751
509844
509982
510219
510230
510414
510420
510567
511006
511196
511215
511304
511328
511355
511380
511558
511606
511659
511850
512003
512126
512356
512361
512364
512439
512581
512713
512750
512838
512867
512885
513138
513180
513228
513260
513522
513558
513614
513655
513674
513731
513830
513927
513986
514042
514094
514174
514195
514360
514415
514419
514566
514581
514602
514640
514831
514858
515078
515183
515302
515323
515531
515716
515725
515749
515849
515893
515989
516130
516208
516310
516316
516384
516733
517064
517204
517245
517312
517420
517788
517807
517850
517926
518044
518175
518284
518363
518416
518458
518702
518707
518730
518835
518958
519177
519486
519558
519660
519827
519965
520154
520167
520186
520250
520280
520336
520375
520561
520717
520751
520755
521021
521088
521217
521238
521262
521505
521794
521875
521996
522062
522335
522356
522365
522410
522463
522496
522499
522565
522676
522740
522823
522860
523095
523098
523115
523238
523279
523456
523652
523693
523793
523953
524042
524106
524216
524227
524241
524259
524342
524346
524399
524503
524590
524849
524905
524912
524992
525017
525179
525207
525229
525252
525256
525620
525709
525726
525870
525932
525986
525990
526040
526398
526637
526750
526926
527031
527146
527293
527468
527511
527530
527635
527704
527713
527975
528027
528097
528178
528220
528325
528430
528472
528652
528797
528954
529171
529175
529181
529183
529324
529333
529427
529445
529509
529562
529800
529824
530048
530103
530206
530214
530237
530298
530317
530470
530509
530578
530691
530822
530892
530913
531142
531260
531328
531360
531422
531496
531521
531559
531918
532056
532077
532096
532288
532382
532605
532665
532849
533063
533156
533179
533218
533270
533315
533344
533474
533556
533585
533622
533682
533756
533757
533814
533929
534094
534266
534311
534374
534597
534736
534756
534802
534889
534929
535308
535602
535651
535710
536049
536154
536196
536371
536464
536485
536575
536600
536709
536717
536804
536829
537257
537333
537463
537476
537546
537624
537718
537817
537825
537887
537931
537933
537941
538122
538397
538644
538738
538782
538832
538860
539147
539170
539231
539490
539521
539530
539751
539783
539918
540125
540204
540207
540392
540559
540598
540802
541166
541171
541214
541511
541539
541557
541746
541756
541779
541798
542231
542245
542266
542282
542310
542447
542512
542814
542869
542935
543077
543157
543202
543221
543282
543360
543522
543582
543645
543682
543889
544056
544116
544165
544167
544175
544278
544529
545152
545245
545336
545389
545397
545414
545428
545491
545622
545633
545642
545668
545734
545764
545816
545972
546070
546154
546171
546204
546219
546358
546655
546716
546955
547034
547063
547218
547220
547419
547477
547515
547664
547673
547695
547788
547837
547939
548024
548293
548317
548423
548441
548480
548642
548665
548796
549041
549072
549082
549096
549115
549116
549188
549231
549545
549576
549595
549767
549779
549857
549934
550149
550293
550305
550469
550477
550516
550577
550589
550806
550812
550925
551086
551214
551500
551533
551607
551706
551733
551889
552101
552121
552175
552181
552217
552238
552259
552342
552601
552640
552842
552850
552899
553098
553172
553325
553354
553534
553724
553729
553739
553825
553973
554004
554013
554023
554038
554123
554136
554327
554337
554342
554365
554488
554520
554582
554620
554910
554927
555110
555242
555354
555386
555437
555439
555478
555506
555568
555769
555779
556101
556116
556193
556303
556344
556358
556369
556432
556469
556592
556598
556658
557001
557107
557185
557186
557232
557340
557689
557696
557723
557859
557867
558070
558083
558152
558163
558181
558269
558283
558630
558678
558773
558874
558883
558948
559224
559246
559362
559372
559403
559432
559464
559591
559626
559683
559771
559856
559942
559945
560135
560175
560421
560487
560584
560710
560793
560837
560865
560999
561101
561199
561385
561397
561437
561453
561615
561624
561795
562030
562122
562156
562211
562368
562480
562509
562742
562864
562975
563077
563113
563158
563225
563707
563741
563918
564060
564241
564406
564413
564422
564439
564441
564481
564780
564833
564850
564981
565004
565053
565071
565173
565268
565306
565344
565370
565435
565534
565586
565694
565926
565929
566009
566016
566493
566760
566917
567388
567447
567516
567564
567656
567797
567862
567942
568063
568094
568229
568241
568463
568486
568511
568547
568774
568901
568927
569175
569215
569243
569249
569447
569503
569571
569598
570207
570270
570888
570988
571183
571301
571582
571681
571728
571845
571869
571956
572049
572145
572205
572271
572300
572385
572506
572578
572590
572736
572738
572998
573139
573194
573239
573423
573540
573545
573552
573570
573661
573662
573870
573871
574127
574293
574471
574575
574581
574671
574732
574866
575027
575202
575311
575365
575455
575495
575506
575639
575770
575857
575879
575911
576003
576090
576108
576122
576407
576417
576432
576442
576616
576935
576967
577002
577090
577111
577128
577139
577173
577226
577517
578276
578281
578586
578594
578918
579336
579347
579866
579960
580240
580295
580460
580730
580769
580772
580780
580880
581106
581177
581229
581238
581312
581374
581449
581459
581519
581816
581917
581989
582007
582142
582292
582376
582475
582570
582619
582631
582694
582839
582841
583494
583672
583679
583880
583933
583939
583993
584099
584180
584350
584390
584565
584576
584655
584785
584929
585088
585112
585189
585337
585413
585443
585467
585505
585514
585539
585582
585626
585657
585710
585762
585808
585846
585941
585954
585982
585989
586251
586294
586318
586348
586372
586540
586540
586544
586629
586718
586755
586788
586857
587015
587016
587066
587252
587465
587539
587557
587602
587812
588215
588291
588363
588431
588731
588966
589138
589220
589254
589372
589598
589602
589647
589662
589730
589818
590114
590269
590419
590454
590632
590773
590789
590850
590934
590964
590983
591152
591215
591292
591424
591458
591867
591882
591885
591963
592002
592119
592140
592315
592570
592577
592924
593093
593213
593567
593632
593774
594101
594131
594360
594390
594471
594494
594706
594785
594862
595012
595088
595159
595287
595661
595979
596231
596244
596259
596411
596571
596604
596636
596717
596949
597101
597226
597233
597254
597259
597284
597312
597443
597479
597607
597625
597628
597738
597842
598060
598086
598112
598270
598385
598980
598991
599068
599143
599151
599327
599337
599351
599584
599593
600066
600269
600380
600428
600451
600609
600621
600947
600953
601008
601196
601352
601361
601365
601473
601496
601581
601739
601799
601872
602014
602094
602298
602454
602787
602990
603053
603201
603229
603432
603580
603614
603616
603669
603687
603697
603701
603842
603871
603962
604200
604216
604297
604496
604555
604604
604744
604804
604807
605204
605408
605560
605576
605621
605640
605978
606043
606119
606310
606348
606379
606421
606638
606690
606765
607042
607050
607132
607204
607273
607446
607508
607647
607683
607767
607825
608065
608342
608372
608385
608412
608611
608829
608998
609116
609116
609140
609159
609364
609400
609558
609565
609714
609776
610138
610154
610195
610225
610408
610461
610608
610706
610718
610721
610774
610920
610983
611338
611402
611434
611540
611709
611729
612003
612024
612147
612184
612311
612415
612483
612557
612578
612598
612644
612718
612837
612846
612979
613169
613226
613243
613303
613452
613523
613578
613748
613788
614022
614074
614149
614153
614435
614456
614518
614559
614612
614612
614708
614743
614770
614813
615080
615255
615364
615437
615526
615591
615895
616121
616137
616172
616248
616293
616436
616553
616646
616646
616885
617255
617491
617615
617662
617721
617861
617886
617937
618019
618053
618183
618248
618255
618322
618437
618615
618750
618843
619005
619171
619223
619242
619383
619424
619431
619446
619496
619525
619921
620007
620009
620110
620154
620339
620449
620493
620578
620637
620680
620835
620876
620946
621099
621131
621152
621163
621293
621294
621311
621334
621666
621721
621734
621735
621785
621789
621957
622071
622147
622162
622324
622652
622869
622902
622927
622969
623096
623135
623319
623320
623441
623589
623661
623685
623762
623788
624024
624090
624126
624150
624172
624255
624364
624789
625121
625209
625209
625273
625413
625491
625736
625804
626067
626076
626080
626381
626416
626548
626607
626649
626752
627038
627126
627137
627327
627346
627381
627421
627537
627764
627882
627887
627887
627925
628106
628158
628273
628390
628500
628516
628533
628546
628595
628679
628695
628795
628928
628929
629206
629257
629452
629494
629697
629732
629904
629983
630026
630158
630258
630273
630440
630513
630581
630832
630923
630959
630962
631065
631122
631147
631215
631324
631515
631520
631531
631686
631713
631824
631909
631925
632645
632653
632689
632744
632812
632822
632870
632880
632966
633058
633174
633287
633324
633734
633787
633815
633872
633945
633962
634143
634225
634243
634320
634657
634696
634904
635177
635268
635425
635439
635510
635615
635621
635978
636050
636157
636218
636223
636244
636436
636454
636556
636560
636675
636711
636795
637057
637128
637188
637266
637293
637344
637395
637470
637826
637850
637899
637951
638039
638182
638223
638282
638290
638422
638473
638645
638684
638744
638786
638816
638847
638887
638977
639101
639125
639130
639135
639157
639217
639366
639371
639407
639425
639452
639629
639636
639849
639890
640033
640132
640292
640439
640572
640727
640767
640856
640953
640980
641029
641164
641386
641410
641590
641656
641710
641767
641866
641917
641930
642032
642069
642123
642217
642317
642319
642339
642406
642410
642709
642744
642948
643032
643037
643058
643205
643280
643413
643522
643530
643539
643571
643682
643682
643810
643882
643959
644107
644421
644490
644734
645178
645216
645220
645230
645487
645496
645567
645697
645728
645885
645959
645986
646016
646036
646081
646120
646140
646295
646325
646693
646746
646778
646853
646872
646908
646973
647144
647432
647758
647782
647796
647991
648222
648394
648470
648624
648769
649189
649221
649288
649338
649339
649367
649409
649425
649441
649796
649970
650097
650227
650398
650434
650481
650540
650748
650808
650919
650923
651006
651017
651020
651021
651048
651100
651204
651251
651575
651939
652290
652334
652382
652410
652515
652642
652644
652706
652842
652903
653136
653284
653336
653422
653463
653575
653702
653892
653939
654061
654119
654383
654537
654879
654961
655035
655504
655707
655859
655908
656073
656084
656102
656115
656174
656185
656294
656310
656341
656439
656514
656517
656600
656656
656705
656971
657198
657203
657261
657305
657460
657528
657704
657735
657761
657834
658007
658045
658058
658077
658095
658110
658126
658162
658268
658280
658589
658732
658883
658909
658916
659147
659226
659271
659296
659417
659425
659426
659456
659487
659626
659855
659887
659971
660196
660288
660331
660419
660446
660682
661036
661182
661219
661235
661275
661316
661544
661544
661625
661642
661819
661925
661941
662165
662241
662437
662602
662926
663101
663139
663230
663276
663340
663451
663479
663707
663710
663767
663922
663925
664079
664195
664383
664538
664641
664694
664713
665072
665093
665202
665385
665697
665847
665945
666039
666064
666208
666277
666321
666349
666403
666586
666636
666662
666680
666865
667033
667144
667230
667266
667274
667276
667456
667521
667620
667767
667789
668375
668562
668922
668924
669075
669159
669216
669249
669548
669593
669666
669779
670424
670446
670563
670625
670767
671008
671175
671250
671339
671408
671429
671522
671725
671756
672410
672449
672461
672488
672730
672781
672902
673006
673056
673149
673206
673391
673601
673626
673731
673932
674097
674150
674283
674304
674385
674444
674562
674898
674993
675046
675223
675228
675315
675336
675340
675466
675481
675735
675824
675924
675928
675992
676111
676114
676242
676321
676334
676359
676532
676557
676559
676649
676710
676840
676875
676903
676906
677108
677184
677307
677473
677541
677578
677639
677806
677848
678104
678348
678629
678657
678791
678946
679204
679305
679335
679355
679360
679374
679476
679518
679622
679685
679691
679749
680120
680135
680203
680258
680367
680401
680408
680639
680736
680886
681197
681227
681330
681504
681629
681844
681948
682007
682072
682177
682452
682604
682804
682961
683062
683127
683196
683433
683439
683441
683577
683589
683747
683777
683958
683966
683969
683999
684135
684490
684492
684502
684618
684855
684869
685068
685116
685207
685347
685513
685535
685619
685713
685761
685862
685900
686010
686056
686067
686372
686376
686577
686658
686658
686694
686735
686854
686901
686953
687117
687128
687134
687286
687311
687315
687457
687514
687517
687546
687594
687612
687636
687665
687769
687770
688046
688227
688453
688508
688526
688549
688609
688876
689214
689248
689298
689332
689362
689401
689586
689789
689935
690160
690175
690227
690339
690355
690393
690693
690772
690912
690977
690993
691059
691094
691245
691409
691420
691559
691721
691843
691860
692028
692058
692166
692197
692396
692551
692581
692687
693004
693077
693172
693301
693434
693515
693585
693694
693955
693972
694035
694055
694108
694234
694268
694308
694412
694433
694598
694842
694920
694923
695178
695216
695282
695347
695438
695468
695788
696150
696205
696267
696275
696366
696564
696607
696608
696627
696732
696776
696912
697224
697228
697294
697430
697488
697653
697707
697810
697986
698136
698315
698368
698717
698742
698984
699253
699512
699673
699698
699934
699975
700004
700166
700308
700407
700413
700553
700611
700631
700773
700884
700990
700992
701102
701120
701129
701271
701518
701573
701682
701693
701709
701887
702099
702169
702296
702386
702626
702764
702782
702931
702974
703104
703267
703346
703442
703890
704015
704033
704073
704108
704277
704427
704456
704463
704499
704914
704922
705116
705218
705479
705523
705682
705694
705823
705828
705894
705926
705977
705984
706098
706315
706316
706338
706385
706388
706438
706912
707171
707213
707394
707529
707574
707587
707596
707683
707733
707782
707802
707869
707881
708234
708288
708439
708689
708741
708818
708881
709024
709113
709171
709185
709234
709308
709331
709368
709404
709583
709637
709738
710025
710036
710058
710186
710238
710300
710415
710657
710663
710686
710687
710801
710835
711064
711176
711197
711352
711352
711503
711730
711749
711835
712003
712057
712072
712112
712149
712182
712186
712311
712453
712469
712481
712794
713024
713084
713147
713229
713329
713358
713820
713851
713932
714231
714587
714873
714925
715040
715193
715204
715287
715295
715333
715425
715492
715608
715701
715730
715784
715820
715839
715988
716001
716058
716158
716257
716269
716308
716322
716461
716477
717118
717236
717267
717315
717328
717363
717480
717570
717782
717869
718116
718461
718486
718516
718518
718629
718635
718792
718924
718945
718986
719004
719025
719525
719676
719682
719799
719853
719910
719933
720124
720139
720158
720196
720254
720291
720711
720834
720842
721124
721532
721625
722232
722302
722412
722432
722488
722588
722603
722941
723009
723207
723251
723282
723326
723365
723391
723407
723465
723549
723567
723597
723740
723754
724294
724440
724441
724488
724681
724865
724934
725225
725283
725464
725644
725925
726021
726106
726465
726533
726544
726591
726692
726707
726901
726903
727132
727145
727370
727372
727583
727730
727814
727843
727939
727951
728069
728131
728255
728399
728559
728591
728691
728695
728805
728976
729066
729106
729109
729139
729408
729492
729510
729536
729615
729684
729712
730045
730100
730208
730481
730522
730522
730533
730709
730748
730798
730915
731013
731149
731406
731410
731430
731448
731509
731673
731801
731835
731852
731975
732026
732313
732322
732338
732379
732677
732713
732775
732817
733075
733212
733290
733328
733500
733538
733578
733652
733745
733765
733960
734366
734379
734654
734680
734766
734895
735144
735185
735234
735368
735393
735400
735413
735462
735493
735521
735532
735551
735569
735830
735999
736041
736167
736408
736412
736515
736610
736653
736858
736963
737051
737071
737148
737394
737418
737437
737480
737500
737549
737566
737929
738085
738095
738139
738201
738345
738369
738397
738534
738600
738603
738629
738672
738825
738942
739099
739182
739536
739576
739789
739881
740086
740150
740215
740269
740392
740402
740454
740482
740488
740553
740577
740608
740658
741399
741797
741839
741904
741909
741930
742001
742650
742709
742758
742791
742854
742961
742971
743001
743125
743182
743194
743262
743467
743491
743535
743786
743863
743887
744109
744111
744114
744167
744178
744200
744210
744323
744406
744591
744749
744800
744828
744870
744889
744894
744996
745093
745150
745187
745527
745614
746147
746200
746618
746625
746690
746783
746842
746900
746957
747092
747116
747304
747478
747515
747541
747552
747758
747920
748026
748146
748217
748330
748435
748866
749396
749421
749500
749563
749680
749796
749888
750100
750303
750409
750447
750537
750783
750826
750872
750923
751179
751230
751401
751465
751700
751789
751832
751984
752017
752024
752057
752161
752200
752486
752525
752600
752721
752927
753143
753195
753435
753482
753482
753581
753837
754031
754052
754064
754146
754195
754494
754556
754766
754768
754997
755048
755053
755171
755244
755458
755461
755551
755656
755708
755910
755925
755963
756024
756050
756333
756380
756480
756481
756566
756578
756937
756954
756980
757003
757154
757176
757216
757234
757275
757334
757534
757543
757722
757843
757870
757898
757923
757980
757989
758094
758157
758246
758379
758485
758536
758567
758628
758717
758912
758975
758997
759050
759167
759187
759281
759393
759550
759602
759652
759946
760044
760056
760103
760392
760428
760607
760619
760640
760871
760878
760907
760999
761037
761137
761139
761216
761340
761750
761822
761957
761996
762229
762330
762418
762439
762512
762517
762538
762674
762969
763024
763163
763514
763569
763633
763813
763885
763923
763958
764068
764122
764192
764264
764642
764671
764749
764774
764945
765465
765487
765487
765535
765591
765640
765677
765826
765828
766125
766223
766281
766493
766670
766727
766848
766988
767187
767243
767714
767720
767807
768238
768645
768724
768910
769044
769152
769154
769241
769335
769535
769826
769892
770051
770082
770092
770131
770298
770349
770368
770444
770457
770708
770739
770957
770996
771014
771325
771364
771415
771465
771502
771877
771905
771914
771933
772003
772032
772072
772260
772277
772405
772435
772552
772559
772676
772701
772736
772866
772894
773098
773246
773335
773403
773487
773506
773721
773913
774175
774180
774361
774387
774400
774468
774570
774624
774643
774820
774918
775053
775171
775266
775422
775520
775530
775739
775969
776204
776259
776351
776356
776377
776414
776446
776523
776570
776691
776946
777230
777467
777636
777785
777907
777908
777957
777961
778000
778241
778798
778852
778859
778992
779033
779133
779291
779410
779534
779813
779816
779819
779920
779984
779988
780033
780105
780106
780324
780391
780394
780496
780667
780683
780793
780815
780884
780934
780946
780959
781059
781130
781430
781548
781775
781788
781813
782054
782069
782116
782131
782206
782265
782376
782469
782870
782897
783082
783097
783244
783316
783323
783342
783456
783549
783678
783711
783896
783928
783934
783960
784093
784170
784246
784313
784316
784333
784371
784390
784480
784585
784590
784603
784744
784757
784758
784986
785000
785344
785482
785551
785568
785666
785735
785749
785788
786299
786468
786531
786734
786749
786956
786969
787096
787132
787207
787335
787503
787525
787766
787798
787847
787852
787959
787977
787980
788057
788234
788304
788304
788322
788351
788746
788870
788897
789000
789173
789204
789284
789331
789365
789421
789641
789654
789656
789671
789679
789694
789775
789835
790067
790315
790316
790454
790483
790492
790520
790677
790723
790995
791012
791014
791022
791037
791190
791371
791905
791973
792060
792316
792375
792403
792543
792685
792931
792994
793234
793234
793245
793361
793473
793625
794009
794125
794203
794260
794459
794538
794540
794548
794627
794647
794731
794922
795057
795241
795263
795335
795352
795441
795504
795913
795968
796281
796404
796600
797064
797114
797239
797265
797364
797409
797433
797462
797488
797548
797605
797612
797626
797691
797712
797852
797896
797937
798136
798357
798419
798563
798755
798851
798884
799042
799047
799160
799538
799666
799688
799908
800027
800091
800261
800490
800575
800947
801032
801093
801158
801234
801527
801678
801816
802167
802181
802329
802734
802768
803002
803037
803258
803295
803299
803538
803727
804292
804402
804534
804555
804722
804804
804836
805102
805217
805420
805425
805494
805562
805921
805944
806000
806078
806116
806147
806172
806202
806263
806346
806363
806489
806583
806593
806681
806802
806816
806819
806883
807005
807147
807306
807370
807751
808006
808056
808249
808323
808480
808502
808597
808673
808771
808815
808871
808952
808959
809078
809286
809340
809345
809460
809486
809519
809534
809619
809657
809658
809821
809907
810284
810360
810554
810600
810629
810683
810875
810919
810947
811006
811026
811243
811490
811518
811647
811706
811769
811873
811922
811961
811995
812214
812278
812353
812364
812544
812581
812658
812676
812867
812935
813068
813081
813279
813584
813820
813833
813905
813916
813976
813978
813980
814016
814054
814345
814451
814522
814612
814701
814727
814790
815024
815075
815142
815346
815350
815394
815464
815481
815671
815725
815731
815791
816033
816183
816210
816283
816456
816462
816539
816605
816638
816736
816848
816902
816947
817112
817174
817192
817284
817396
817418
817554
817664
817728
817751
817801
817842
817960
818043
818099
818285
818390
818482
818552
818628
818690
818714
818720
818722
818805
818842
818874
819139
819155
819176
819186
819193
819371
819459
819473
819544
819572
819984
819992
820111
820124
820298
820322
820498
820660
821091
821171
821234
821357
821509
821806
821855
821915
822046
822107
822142
822245
822588
822613
822818
822865
822867
822936
823010
823130
823146
823157
823260
823274
823297
823391
823401
823449
823458
823742
823845
823947
824032
824119
824149
824289
824296
824559
824606
824732
824904
824964
824970
825091
825138
825204
825268
825303
825353
825371
825407
825628
825636
825716
825732
825754
825938
826065
826105
826203
826210
826365
826444
826777
826851
826864
826883
827024
827030
827110
827159
827192
827354
827552
827906
828710
828722
828806
828931
829100
829350
829469
829486
829779
829782
829883
829922
829981
830202
830234
830239
830341
830397
830429
830481
830566
830639
830829
830854
830950
830995
831002
831267
831280
831409
831918
832002
832101
832170
832174
832220
832255
832400
832426
832594
832635
832637
832713
833067
833158
833511
833529
833658
833691
833718
833739
833819
833884
833911
833981
833993
834029
834167
834251
834352
834401
834468
834482
834484
834733
834820
834900
835110
835112
835162
835187
835301
835413
835520
835525
835563
835843
836238
836311
836374
836429
836456
836598
836625
836915
836931
836971
836993
837330
837482
837781
837912
837927
837952
837989
838020
838216
838272
838291
838293
838325
838405
838525
838675
838735
838783
838853
838949
838969
839004
839060
839105
839164
839242
839358
839445
839930
839959
840085
840097
840263
840400
840657
840663
840683
840891
840932
840937
841120
841136
841562
841661
841686
841785
842067
842234
842318
842460
842539
842560
842579
842586
842867
842959
842967
842971
843185
843327
843424
843450
843531
843643
843682
843810
843856
843893
843931
843961
843962
844120
844177
844201
844283
844392
844397
844531
844636
844691
844866
844868
844980
845094
845162
845170
845171
845218
845341
845521
845526
845624
845657
845664
845775
846125
846131
846152
846175
846239
846362
846433
846569
846594
846674
846935
847083
847236
847584
847666
847682
847754
847815
847894
848192
848296
848340
848486
848629
848650
848676
848707
848768
848777
848833
848856
848959
849019
849075
849077
849081
849185
849222
849269
849390
849459
849515
849590
849610
849664
849728
850042
850097
850139
850141
850162
850195
850745
850819
851466
851629
851645
851672
851703
851747
851751
851794
851812
851961
851996
852069
852116
852173
852209
852357
852381
852605
852614
852694
852814
852901
852976
852986
853112
853142
853238
853429
853551
853582
853603
853715
853720
853757
853779
853861
853936
854009
854121
854216
854280
854371
854632
854685
854739
854762
854810
854938
855233
855355
855484
855518
855556
855557
855574
855618
856059
856085
856129
856131
856138
856196
856197
856202
856313
856405
856606
856678
856794
857205
857209
857325
857605
857611
857621
857684
857696
857915
857974
857984
858072
858255
858357
858596
858621
858786
858966
859006
859043
859139
859288
859586
859717
859761
859790
859884
859927
860083
860120
860252
860311
860410
860617
860715
860724
860816
860870
861005
861365
861409
861554
861641
861653
861672
861695
861769
861771
861809
862194
862259
862356
862389
862392
862666
862687
862690
862698
862698
863006
863131
863217
863242
863347
863644
863743
863951
863958
863980
864091
864166
864222
864245
864330
864349
864428
864509
864677
864801
864949
865040
865127
865303
865344
865428
865554
865650
865877
866076
866084
866182
866254
866352
866537
866736
866866
866887
866909
866963
867138
867168
867193
867241
867302
867355
867419
867498
867560
867717
867797
867831
867850
867942
868083
868240
868242
868320
868751
868789
868850
868883
868938
868980
868988
869053
869488
869611
869749
869871
869913
869945
869968
870005
870242
870539
870606
870715
870756
871075
871240
871338
871381
871399
871536
871556
871586
871587
871616
871648
871665
871774
871925
872015
872159
872166
872231
872255
872591
872599
872756
872957
872979
873127
873131
873153
873171
873221
873274
873479
873494
873509
873623
873654
873760
873860
873998
873998
874000
874112
874201
874294
874399
874645
874725
874745
874815
874903
874922
874938
875260
875313
875315
875323
875457
875536
875634
875640
875654
875788
876008
876010
876090
876193
876347
876435
876790
877161
877283
877354
877356
877385
877610
877683
877713
877714
877864
878007
878033
878133
878166
878221
878255
878327
878436
878468
878564
878940
878955
879053
879201
879410
879419
879462
879698
879783
879962
880010
880035
880215
880230
880271
880423
880740
881299
881568
881611
882026
882033
882142
882176
882185
882187
882465
882611
882635
882725
882755
882846
882914
882956
883113
883255
883357
883399
883416
883530
883548
883711
883716
883719
884185
884196
884276
884297
884481
884690
884702
884714
884728
884846
885079
885117
885121
885177
885493
885533
885687
885726
885956
885993
886079
886334
886457
886564
886685
886845
886879
886955
887142
887167
887529
887544
887550
887558
887641
887698
887736
887990
888011
888096
888180
888382
888448
888449
888541
888607
888803
888821
888894
889125
889298
889423
889456
889631
889999
890033
890139
890623
890648
891002
891339
891532
891563
891636
891807
891894
892047
892236
892433
892450
892562
892913
893029
893083
893323
893427
893654
893655
893723
893794
893801
893922
894171
894181
894204
894660
894716
894726
894815
894837
894867
895008
895149
895303
895381
895522
895733
895764
895963
896143
896166
896179
896359
896515
896618
896628
896726
896739
896893
896924
896998
897037
897075
897090
897312
897483
897485
897570
897574
897584
897645
897653
897662
897744
897836
897912
898174
898302
898560
898648
898678
898777
898884
899025
899064
899204
899350
899429
899629
899717
899855
900012
900268
900488
900684
900794
901264
901333
901340
901445
901530
901662
901786
901872
901878
901895
901924
901928
901952
902074
902086
902410
902423
902759
902793
902892
902901
902953
903046
903155
903269
903363
903466
903883
903959
904209
904221
904299
904327
904343
904359
904442
904447
904551
904721
904821
904835
904873
905003
905026
905219
905237
905251
905379
905453
905493
905502
905524
905525
905605
905659
905717
905960
905985
906246
906301
906332
906636
906742
906878
907026
907029
907070
907119
907214
907425
907653
907693
908038
908195
908323
908557
908566
908698
908712
908728
908778
908797
908870
908934
908951
909006
909161
909406
909708
909751
909783
909871
909884
910051
910078
910080
910133
910145
910277
910292
910384
910402
910439
910466
910483
910610
910620
910685
910888
911088
911095
911101
911284
911288
911300
911660
911849
911929
911977
912074
912186
912207
912500
912502
912565
912605
912739
913167
913179
913243
913427
913653
913662
913668
913906
913949
914167
914278
914281
914449
914505
914861
914864
914876
914876
914924
914945
914986
915015
915067
915149
915152
915227
915251
915394
915412
915450
915482
915488
915529
915595
915617
915665
915734
915856
916159
916290
916344
916382
916478
916479
916532
916626
916823
916936
916947
916985
917029
917203
917292
917628
917716
917749
917780
917848
917891
917944
918029
918066
918076
918098
918425
918622
918731
918731
918763
918784
918821
918985
919008
919196
919269
919330
919341
919405
919408
919422
919505
919536
919554
919565
919604
919966
919994
920026
920079
920138
920329
920471
920576
920604
920622
920861
920929
920947
921001
921195
921307
921511
921655
921710
921965
921994
922117
922373
922432
922504
922547
922721
922919
923010
923103
923105
923298
923368
923426
923426
923448
923518
923577
923642
923700
923827
924005
924217
924219
924400
924419
924445
924511
924622
924755
924767
924795
924827
924992
925003
925032
925084
925108
925176
925210
925245
925305
925362
925365
925531
925555
925559
925889
926104
926524
926726
926745
926758
926946
926973
927135
927150
927188
927189
927286
927329
927415
927555
927566
927656
927755
927774
927777
927825
927890
927959
928014
928055
928113
928183
928426
928467
928612
928614
928664
928694
928731
928785
928816
928832
928939
929027
929228
929364
929366
929591
929811
929812
929922
930068
930085
930266
930354
930459
930478
930529
930556
930721
930924
930955
930964
931080
931142
931216
931241
931334
931361
931392
931629
931721
931827
931855
931915
932005
932230
932390
932426
932646
932841
932961
933006
933041
933052
933229
933326
933806
933913
934020
934135
934211
934560
934700
934703
934732
934836
934838
935058
935401
935549
935603
935637
935718
935992
936017
936239
936486
936534
936643
936753
936870
936907
937225
937333
938009
938120
938272
938447
938529
938560
938594
938639
938893
938995
939061
939122
939166
939427
939627
939685
939794
939953
940003
940392
940440
940535
940562
940563
940609
940622
940657
940734
940748
940772
940801
940883
940946
941022
941168
941180
941281
941360
941434
941456
941458
941613
941648
941712
941717
941834
941955
942284
942431
942460
942479
942486
942798
943070
943171
943189
943224
943312
943333
943465
943797
943804
943939
944343
944349
944541
944865
944870
944925
944949
945028
945232
945562
945587
945669
945705
945721
945831
945904
946091
946176
946454
946536
946597
946598
946693
946939
947030
947229
947255
947610
947696
947752
947972
948041
948046
948053
948115
948240
948298
948323
948509
948536
948626
948897
949047
949091
949106
949145
949211
949255
949315
949365
949724
949743
950014
950017
950083
950090
950150
950304
950415
950473
950638
950673
950741
950787
950881
951338
951378
951565
951919
951982
951997
952036
952195
952721
952734
952895
952929
952931
953045
953263
953311
953327
953359
953372
953511
953770
953801
953939
953980
954212
954214
954270
954318
954368
954438
954461
954566
954673
954758
954994
955111
955311
955420
955694
955745
955829
955887
956063
956091
956128
956340
956364
956366
956389
956445
956458
956473
956555
956789
956895
957038
957241
957341
957539
957567
957654
957787
957792
958082
958128
958239
958691
958724
958781
958850
958938
959005
959034
959173
959330
959337
959356
959459
959808
959850
960010
960485
960514
960527
960994
961135
961308
961312
961352
961355
961595
961740
961879
962016
962045
962213
962321
962345
962375
962616
962833
962949
962985
963037
963148
963148
963222
963378
963403
963486
963559
963598
963646
963761
963781
963866
963907
964105
964182
964305
964339
964401
964403
964545
964561
964584
964635
964644
965447
965476
965562
965604
965717
965720
965812
965849
965861
965932
965938
966013
966241
966254
966280
966361
966443
966666
967147
967180
967298
967356
967403
967473
967575
967683
967698
967735
967813
967855
967856
967907
967913
967915
968137
968270
968483
968595
968646
968739
968813
968877
969046
969499
969523
969540
970065
970101
970293
970294
970336
970337
970383
970427
970471
970636
971129
971176
971225
971257
971311
971488
971495
971521
971583
971756
971957
972086
972101
972272
972278
972304
972501
972556
972675
973080
973105
973138
973321
973353
973410
973506
973761
973771
973791
974523
974697
974700
974780
974882
974980
975037
975080
975100
975109
975144
975224
975232
975232
975281
975342
975497
975520
975525
975715
975774
975883
975908
975961
976075
976380
976436
976596
976708
976838
977008
977262
977294
977437
977505
977566
977836
977903
977919
977959
978020
978083
978334
978335
978488
978500
978539
978580
978617
978721
978741
978897
979097
979128
979220
979272
979337
979342
979715
979736
979778
979943
980035
980117
980370
980485
980582
980865
980964
981197
981319
981344
981676
981708
981744
981888
981888
981927
982074
982096
982141
982174
982285
982317
982417
982498
982603
982709
982779
982994
983017
983080
983128
983245
983295
983367
983374
983401
983420
983619
983681
983714
983761
983858
983919
983994
984088
984209
984292
984323
984415
984418
984533
984972
985035
985084
985348
985470
985551
985591
985712
986030
986101
986127
986196
986728
987164
987197
987251
987257
987504
987573
987686
987687
987802
987820
987875
987889
987936
987949
988044
988073
988281
988567
988614
988665
988916
988990
989017
989057
989105
989120
989121
989145
989167
989181
989241
989277
989338
989359
989398
989444
989653
989969
990238
990343
990423
990434
990535
990604
990761
990851
990874
990908
990957
990991
990996
991137
991342
991616
991680
991724
991843
991868
991979
992110
992231
992365
992463
992836
992907
993238
993416
993437
993742
993781
993797
993838
993870
993953
993995
994007
994009
994238
994243
994321
994606
994715
994768
994819
994862
994863
994898
995042
995049
995126
995130
995505
995647
995679
995746
995921
995968
996001
996001
996100
996139
996282
996360
996528
996644
996737
996805
996890
996933
997194
997229
997416
997584
997735
997740
997765
997850
998004
998149
998207
998256
998301
998478
998510
998769
998780
998894
998925
998979
998981
999004
999083
999095
999114
999184
999333
999340
999344
999606
999744
999891
999947
