100
4029
22154
36826
58638
61075
62289
65246
72548
78172
92405
98428
114909
120701
120937
128909
168270
169011
183966
190391
196180
196527
214190
218707
234328
242204
263368
281139
286543
294861
331180
331802
339959
344431
349819
357148
360123
361988
362849
372581
389754
404724
418274
420402
440315
447545
448415
453091
453578
463796
465151
468003
470907
473342
481812
490844
498935
520285
527681
552186
563048
564789
566851
592932
597756
614851
619665
639248
653259
668347
681881
685706
686579
698607
704463
709039
728649
742837
781176
785691
820484
833657
834305
846646
855757
866069
869431
880640
886129
893573
894198
896495
900025
935180
935305
952704
977066
977133
982593
983419
999407
