1000
1748
4732
5289
6245
7086
7121
11518
13146
14997
15551
17294
17419
17670
19140
19375
19570
19887
20215
20650
20886
21182
23012
23286
23711
24643
24868
26527
26639
27177
27401
28668
29930
33133
39147
39594
39649
40399
42728
43970
44676
45477
46962
47566
47706
47881
49532
50432
52249
54768
54887
55773
59416
59630
61099
61429
61761
63581
63734
65554
65803
66008
67719
67890
68707
69749
70122
70169
70612
71155
71358
71761
72098
72171
72874
73575
73630
74516
75581
75731
78282
82523
82670
83957
85476
88364
88765
89243
91647
92450
94530
98660
98782
99349
102084
102172
102279
103356
104619
104626
104889
107499
107798
112013
112540
113709
114113
114458
115367
116426
116454
118230
118273
118663
119690
121105
121378
123107
123210
123705
126545
126605
127414
128259
129267
131282
133012
133374
134499
137417
137492
138992
139645
140407
141890
143557
143607
144118
144622
145029
146090
146382
150539
151336
151853
151908
152644
154066
156477
156557
157192
157927
159826
161300
162240
163454
166801
167076
167564
167761
168425
169938
172941
173471
173919
174963
179100
179228
179359
180849
182363
182419
182968
183857
183938
185135
189106
189505
190563
192230
192697
192985
196397
196744
197050
197409
197546
198653
199197
200676
200899
201788
202820
203210
203365
203892
203965
204010
204470
205033
205391
205703
206355
207180
208644
209443
210331
211583
211877
212084
213357
214110
215112
216653
217244
218513
219344
220884
222200
222440
224134
225955
226814
227446
229976
230261
230688
231834
233314
234581
235352
235559
236760
238312
239207
240120
240233
240384
240602
241503
241650
241699
241710
242257
242593
242810
243835
244576
245309
246383
246536
248996
250883
251889
252194
256046
257105
259611
260251
260485
261109
261254
261740
262183
264839
265293
265577
265973
266078
269167
270450
270581
271327
271698
271971
272261
275058
275521
275901
276803
276860
277994
279184
281268
281283
281498
281974
282393
282953
286578
287345
288132
289987
290011
290191
292522
293718
294199
294507
299039
302426
303099
303763
305563
305926
306162
306344
306390
306602
307529
308174
309152
309328
309781
310383
311556
311873
312112
315258
315583
316859
317362
317593
319827
321483
323802
324936
325589
327621
330879
332627
334013
335887
336537
337425
340158
343407
344680
345054
346406
347038
347303
348225
348617
350608
352278
353232
354454
354965
355936
357155
357397
357408
358064
358786
359251
359580
359615
360246
361020
361115
361410
362113
363017
363949
364295
366117
366612
366779
367606
367939
368570
368717
373326
373719
374014
375423
375588
376984
377715
377986
379013
380914
381660
381981
382851
382978
384192
384599
385455
386233
387380
387682
389262
389919
391277
393287
395238
396514
397876
398960
399072
402522
403734
403900
404918
405764
406102
407029
408753
409271
410861
411237
414719
415410
415457
415943
416780
418081
418475
419629
420491
421405
422231
423380
424690
425069
425318
426496
426738
427447
427851
430167
430715
431066
431842
433499
434458
435645
435874
437919
438165
439550
439877
440000
441807
443096
445016
445332
446463
448084
449511
449830
450764
450971
452215
452240
455215
460999
461227
461479
462141
462409
462973
463757
464844
464953
464989
465591
466721
466737
467316
469962
470669
473135
477014
477947
477997
478917
479246
480085
482185
482777
482905
483551
486772
489514
490664
491336
491694
492236
493025
494572
496606
497859
499027
501179
501549
506927
507496
508174
508664
510044
511206
511367
512003
513079
515052
517180
517249
518308
519062
520135
520772
521100
521416
521550
521999
523636
524629
525283
525309
525831
526872
527211
527417
527954
528957
529296
529924
531736
532258
533869
536289
538956
539927
540963
541039
541176
541203
541813
542052
542250
542400
544052
546033
547772
549077
549306
553928
554670
555567
555725
556468
557842
558343
558504
559015
559358
560902
561392
561471
564044
564302
564748
565030
566055
567177
568498
572237
574427
576874
578935
580161
584106
586188
586418
586769
587888
587905
591411
592260
592979
593642
594568
595464
595923
598114
601313
602348
602535
602582
602711
603122
603576
603887
604605
605249
605284
607216
610645
615149
615429
615701
616245
616294
618754
620363
621198
621316
622277
622982
624452
625753
626810
627508
629114
631019
632639
634001
634308
635804
635973
637878
640943
640966
642377
642600
642879
643015
643362
644264
644588
644629
645744
646845
647081
647299
647971
648248
649197
651349
652525
654602
654691
655659
655788
656430
657272
659514
660444
662742
663044
663439
664710
665447
666817
667533
671177
673909
674609
675029
675167
676317
676713
677190
679035
679042
679404
680255
680830
682567
683213
683535
686013
686454
686768
687395
687800
688246
688299
689896
690287
691098
691405
692843
694235
695273
695902
698547
699088
699148
699716
700404
701501
703557
705781
706826
706844
709019
711013
711595
712400
713163
713734
715142
715602
716475
717295
720280
720880
721071
722522
722755
722799
722918
723695
724618
725040
726112
730412
732199
734754
736276
736382
738479
738678
739365
740667
740694
742303
742434
743048
744004
745345
745721
746996
747576
748633
749089
749503
749665
755073
756621
756753
758759
760898
761165
761238
762089
762472
763193
763270
766777
767399
770296
772054
772976
773503
773520
775722
777598
778653
779084
779128
779757
781515
781576
781612
782091
784110
785320
785634
785916
786854
786988
789224
789304
789529
789981
790329
793514
793662
793667
793794
794662
796295
796464
798918
801532
801961
802178
802221
802519
804667
806272
806857
808871
810208
810349
810421
810424
811905
813038
813863
814213
817855
818910
819023
820866
823429
823879
826214
827051
827804
827812
829596
833681
834677
836688
838332
840389
840614
842798
843031
843204
843850
845366
845768
846606
846728
847690
848576
849933
850004
851152
852594
852766
854569
854590
855845
856110
856905
857522
858455
859001
859774
860194
860948
861432
861962
864542
864772
864843
864939
866736
866986
867860
867872
867970
868278
868914
869461
871735
872368
877514
877752
878577
879355
879394
879658
882188
883522
883845
885526
886524
889507
890700
891595
891750
892202
893538
893601
896364
897316
897720
897800
898760
898819
899052
899857
902087
902275
902595
902748
906060
906082
907648
908442
908922
910277
910537
912388
915073
915811
916085
917089
917654
918847
919237
920508
922283
922373
923343
923447
924050
925133
925274
926103
927203
927470
929493
929554
929730
931693
932254
933303
934728
935314
938795
939425
939436
940426
942238
944687
945005
945837
945962
946672
946703
948982
949731
951010
951099
951159
951710
952373
953185
954854
955812
955934
956128
958322
962742
963441
967604
967765
967793
968399
968599
968658
968677
969062
969779
969954
970728
970754
971201
975139
975193
975904
978137
978612
979788
980406
981219
981709
982609
982756
983091
983511
984012
984500
984521
984686
986514
987591
987930
988122
988400
989402
991075
992987
995965
997464
997590
997924
998205
999069
999499
999660
