10000
422117
739018
627797
753771
289110
317921
890737
948374
998196
748263
419810
8756
549403
873398
15097
518864
54891
653698
776859
885192
768490
75203
276440
509106
903555
102312
831083
216688
636347
580144
805887
722901
428588
296095
215174
887665
26374
760872
592709
661916
336594
571266
685573
343663
620121
837226
34760
83700
62523
652325
178899
497715
294779
121783
885965
798122
908101
384969
984085
147194
143530
637052
495451
105455
743225
964385
819733
717537
12934
175364
78587
481984
846861
125568
874245
728768
270179
489574
397872
412235
185783
702755
44907
705967
684447
92373
174887
787487
202021
847394
214276
674258
569623
886093
473722
109589
841197
129315
674890
819413
774924
384456
751028
247212
844563
634720
447068
563753
427996
47167
324483
274345
791724
286207
140777
458918
301030
203418
877141
244894
149757
147803
448090
460450
16447
334501
75828
738667
725054
345480
426005
928825
205859
706200
612587
957924
353972
714757
818407
776297
355446
66952
401454
502365
965874
967532
293307
790377
413345
360553
873896
31040
931886
839467
335855
3210
892216
335301
809514
111354
938181
577238
961592
479481
92547
611662
416331
424818
588912
856036
346357
556847
847804
341619
73327
387096
133448
899650
311482
691920
410665
953024
651315
880857
659178
562083
420716
351253
211978
405092
88343
523779
325611
62888
241139
174878
56154
313725
544148
201070
181222
353601
555181
200769
21788
341272
659699
72275
175155
213857
958023
519117
834108
777201
279818
147354
947533
517516
399360
151174
618824
287116
432696
291549
297651
636340
499676
392895
311689
210924
736715
416172
783459
528583
85806
436406
772154
116767
981756
944930
260838
521918
776498
942100
995913
290639
513162
397362
730764
37652
318876
886120
674435
171017
324330
650245
450139
714893
637921
562091
540508
690352
221173
707367
403906
284043
812916
177482
5027
229192
962316
644761
767969
750510
287045
818724
193401
119690
177081
164164
644633
327356
303481
168361
955547
118612
302710
67747
124240
554845
502986
619740
942895
73738
700987
883305
398884
180757
275621
555754
785056
477689
523557
247045
745345
456248
56578
564743
791049
549741
275621
333230
921696
434280
876921
96665
736194
807306
679317
35493
886185
67211
640451
169950
536490
760786
434954
892356
660868
961400
817030
35356
29526
195540
979323
52988
128406
461198
270590
158759
404608
717628
827148
215271
757498
305259
648133
490908
358104
679476
83112
759581
75800
937255
279167
225491
130445
531527
837433
920912
876954
430919
829248
331793
204049
852679
970866
509285
417730
88421
160245
403743
47230
438301
586495
324116
270056
399243
498475
937445
898793
221186
667491
933327
743884
310336
664923
884380
673005
616713
948414
995851
37355
547060
923925
603324
411596
28608
406319
746346
219089
143365
184800
29440
412841
588232
874113
873506
125877
974974
911588
479442
305425
520708
582881
398673
962968
143076
844812
884284
490983
289937
710160
978066
393407
171126
451851
677096
48344
822
575461
815627
862157
263250
783872
702653
732734
363667
975802
902205
226281
227997
730482
242783
935764
844601
516129
974649
299198
326494
964363
936115
269416
406178
772570
184983
191038
586061
540991
767308
559158
491448
148541
619010
12784
683319
938
783273
121153
574877
551724
609863
902105
700483
667885
295893
607137
927565
857476
384699
192796
549468
345561
549483
780313
532949
98687
38398
187788
66500
157538
969609
352790
94519
314546
483662
925612
59001
23460
457991
300583
920195
506620
189173
97050
77970
302280
921054
371123
953000
672923
627360
62572
616793
596118
531671
265526
311856
161106
574582
118219
997609
215288
753066
772801
293074
871414
847502
664075
718492
539946
16554
302087
694132
69245
23377
934328
962625
516020
810213
86124
203476
439018
114070
205761
763585
485900
788740
356912
135793
3907
699495
489081
489865
565772
643083
485071
359091
676495
502497
182763
299267
158519
225937
351077
932018
608224
510259
762314
712745
453149
357727
387929
205853
421236
352778
520352
177856
973817
121764
289037
196348
678641
480164
512234
638287
735381
58031
302176
920009
863545
557005
436458
941246
420430
379927
973681
287037
655251
270822
148772
625302
548686
152570
34489
954390
624325
687823
399617
271150
699446
104304
537838
693619
887626
498335
54860
905287
785001
273740
236471
667412
635662
599442
725109
923699
168426
864961
586083
97545
66184
397473
256188
726106
81509
318548
860125
384245
556496
908694
663851
355985
393414
957240
959309
322892
537656
412458
90892
890344
46457
896762
27621
626546
327869
596058
643414
625112
765227
247721
233853
870609
642742
806168
16370
680222
957567
350202
928471
721522
502598
985860
616116
115224
331766
808123
338838
196004
874634
218077
463087
63631
568137
720411
311737
296996
294176
379623
972922
381669
997232
733015
10694
93887
376017
187259
124803
432575
323752
227946
887108
288361
658907
590421
778876
291704
175257
925948
304376
40425
263014
540038
527648
893486
615591
506018
348674
643218
746917
339375
639556
482393
794440
320373
901387
963302
726158
83888
643290
163682
98656
108399
609959
770119
533678
190960
894048
351496
275161
595190
936027
209965
898856
590827
51321
970437
640499
887500
669499
210596
48361
156981
643615
867338
574146
2474
13758
900661
388411
208610
815633
217518
25919
632209
673485
374496
916521
492276
106865
273392
771559
410732
302979
681524
640687
99135
895412
953281
543853
999292
789566
882912
698927
787772
540292
560862
640870
308471
54085
182687
896093
857399
772104
853868
455715
129544
511633
532613
786697
83906
81128
720700
842901
489058
358656
711294
627955
840585
249660
945639
453812
844589
395484
757912
854394
19922
585136
739831
710233
834134
334417
87045
851199
858942
749427
428093
676540
72120
929322
2939
226350
472334
696165
277301
434394
342644
257173
290879
37360
57271
789680
962086
521000
937581
742036
424079
594960
28123
134956
345662
628753
967584
72542
765629
527244
661560
512760
942170
166415
501670
179178
128319
655628
212734
854531
4170
740791
968300
205480
282067
799395
229913
106084
378397
455749
842781
949964
963732
244365
600591
411497
307608
700256
290066
879252
261448
670523
760586
468021
98238
530441
729312
298983
624620
152612
233989
256610
816371
252473
150706
234762
926701
935635
259627
837962
692118
123794
977600
990048
803140
240442
710795
290197
458993
824777
582798
986820
376165
421733
891386
480563
460456
989220
890979
981644
16808
711330
387750
941045
670141
66883
553682
627979
526211
259967
331106
386587
852913
938193
188976
763085
609989
704278
807327
713320
498727
972649
42329
182621
726860
138310
703287
770508
628912
934140
636609
332890
386302
756390
767079
115138
135821
230903
74683
985494
548421
55141
382425
893722
865468
267930
703335
764076
912717
732289
193263
508206
297219
94572
150467
15335
5648
974159
163080
12473
337946
528127
16855
459619
79263
225869
759590
937491
179763
595053
811599
675940
133063
251881
425601
529369
961501
59403
517359
292673
63870
278057
319924
361678
280419
897791
596979
488964
606065
74434
584334
24925
39535
891957
680102
777570
242047
501405
50719
426520
333975
644741
927982
111086
998888
485956
357344
106103
690090
947470
202637
629370
713635
637253
357717
538889
50386
615049
889608
639249
430838
25823
920197
390681
381478
43247
445969
327054
604161
102284
822290
547391
111714
331890
805438
186191
209406
684559
550298
151031
909284
986074
229794
246796
3372
142757
557116
523399
953331
907108
178470
351817
849922
299568
906550
745297
932139
42097
873970
165497
113298
485737
822041
438112
706112
123846
720980
179444
133373
260337
547071
208654
73161
610409
666988
458371
345240
427842
505975
332125
113844
26470
365801
91598
740722
603092
696860
443252
568307
161718
557850
202324
353235
204299
897069
615269
294639
481202
128096
871433
88798
491065
288921
128521
976103
956075
750872
78574
435822
565475
851372
173622
339599
259676
547886
610601
638670
986125
359178
939579
872870
423505
327846
492369
330677
319389
12866
14935
989522
754098
51280
942498
486338
946214
29458
279619
928966
442246
776109
955679
912273
825290
883266
620116
969067
95870
258514
375017
968021
677153
607362
224425
703215
215794
983011
3491
227535
447719
823494
30729
768090
450430
136010
218386
522773
422169
630424
361280
674803
906366
545216
995401
458934
690127
305004
80802
453794
258960
989301
90559
627511
885821
49861
316220
134593
162180
297051
780526
854061
516143
560597
767730
789686
735948
828131
778510
530394
786923
351280
234157
388844
718632
390708
277515
361325
710403
244309
44479
952623
97665
962248
306472
810252
347858
163684
543435
803776
89843
96672
472758
937590
882274
560166
800413
8918
198502
118072
529460
759512
419467
649705
169047
258852
279995
462831
740617
367802
529089
153038
268097
75459
207285
894534
313024
398285
917107
439838
790623
673347
587935
383905
261977
19109
154266
321023
382617
617034
265488
116152
929509
737568
441872
98217
7753
416710
736544
289382
227883
374711
319725
693257
690753
348706
575355
297732
400411
556660
536683
963294
275109
54633
89525
576914
295364
601925
555905
21551
21500
923480
220005
426154
470777
849881
76628
389338
309771
409421
423544
699603
212099
109052
755481
830653
508856
120844
633048
937201
963953
99718
214268
594682
575598
572861
583329
294458
305547
905635
7627
429943
423443
166454
142377
250062
952960
958085
294593
432606
950165
285776
544537
588964
24695
881154
851417
642821
970366
867941
961108
292105
915828
399599
951332
451013
84298
622880
397289
884279
847993
869393
604369
432087
62763
995899
149947
759648
730713
514118
880577
346950
831380
919248
12811
496269
782889
795331
254931
519375
545705
225060
974116
526263
388391
941280
898457
900708
379997
291387
254490
94644
787887
993629
670720
351975
764325
762228
192652
441102
731051
872444
684867
822904
464041
921389
511642
492770
55614
622151
320599
635483
135564
623651
338441
537884
279606
679988
609805
569993
358601
94590
817255
665015
93876
711636
769415
250026
524617
409462
64504
203321
258830
543925
540054
323698
699295
798333
891466
166097
536387
153349
693731
458741
100781
21733
760189
284197
292252
186688
473319
233696
117133
107157
854012
681394
311621
166210
888187
264931
265197
74991
214856
704540
553553
672591
957144
629346
674575
147783
570401
569398
311464
796083
830447
287854
286533
183956
525587
571747
132900
905639
992207
837872
613148
802577
631775
724119
906849
560780
458787
227738
876312
55931
200660
927044
169249
242868
242127
15707
440798
151742
5733
9795
938332
286953
701210
156136
868718
682951
360206
11533
137992
295560
252537
394547
795274
813248
350739
520554
416447
203745
807706
726079
715704
87949
589729
337740
809192
477907
382314
980145
888831
839457
562283
912745
922298
877001
15021
687536
613021
25501
348804
513174
808791
398569
434641
964476
63962
454079
211459
691591
751687
589081
700254
212816
44311
451889
938554
372772
455005
823511
977016
633333
959154
865699
714590
175192
579556
884956
863962
449928
545709
990609
446861
471905
892129
460228
546316
319916
936394
54082
252604
676638
358355
665903
788019
543686
402243
673881
895677
474530
384904
559158
851366
118189
540859
292980
211304
377323
30012
27399
558517
174232
689605
743377
79128
414423
62305
16076
363150
218940
649430
209946
686196
185524
31122
523744
712395
692528
30498
758525
664737
452702
151585
162354
383558
692530
368661
664096
423358
456490
601273
475597
619702
991434
219665
945887
546935
973295
284019
982824
136996
843587
433751
684337
19751
455146
961484
734331
602433
6948
87319
299600
324371
957802
345412
73903
517513
652908
857798
394954
237764
245398
732259
81023
236739
311507
555287
224143
245170
639754
788342
590509
295793
724921
566072
806450
112403
704034
115468
368138
865060
696621
497451
889448
10070
475276
673023
538824
721150
385387
717596
333740
706080
436664
330098
956525
815915
718972
519758
773913
963931
90649
982535
853511
742306
917880
992099
448268
398968
204260
244155
97600
87560
953482
172151
30949
11696
23527
791155
521495
920802
633002
84149
81948
149159
897213
48034
967775
723989
248670
627400
288754
231265
677065
317705
589077
70593
802785
264188
744363
814650
955290
382852
631968
3168
659081
567427
22401
800638
280483
452691
684876
479815
696033
385155
143692
12563
504604
641848
930475
550604
497403
69813
525182
123955
928972
872355
605918
833345
446488
450214
370611
861226
679509
966917
595462
635823
603979
701274
965578
731332
945457
342673
123729
721521
708282
582337
429788
21621
123310
487142
609234
449777
28641
308947
23763
821212
463904
621993
249307
88173
499698
686130
368878
343222
492240
98150
244811
171566
533237
997416
979367
94635
674319
25639
225301
567242
353133
667121
829000
38164
819040
143164
53026
672123
647371
269800
894747
335118
269173
293676
571733
833767
476183
347518
289048
576836
307513
444563
4950
39783
860207
593795
991209
361801
44498
711325
40104
270524
117731
91570
840421
815116
511585
650155
660608
962728
220968
384777
252730
595700
694232
385536
544595
135565
402374
604910
14190
929387
418037
605289
734391
695013
596125
870430
666059
753137
799105
558795
547985
844177
618182
280342
506729
765741
684173
399285
451498
583788
992350
964218
183967
575562
90467
526492
53337
513458
607278
624481
731039
542695
770544
234993
503816
376550
44624
973766
408272
859387
588422
376541
131532
866429
605183
19238
710573
186498
369213
383055
532168
703602
5587
532820
794189
422188
191781
403938
819111
149544
296103
164429
918902
918161
602279
75701
873581
522174
912568
613748
170161
939234
471726
630360
679853
368857
894926
323696
2165
124368
123809
753269
221578
802116
22474
990407
396518
9871
897911
539218
248761
151122
458881
171790
789112
964807
401261
997038
892356
658868
997149
852212
25122
269946
152177
927544
281440
428254
364464
231709
950351
287050
218852
55880
403465
652589
171678
954209
546612
548216
236902
261335
671888
947162
61112
284734
615110
726810
237076
610641
777240
771773
695617
457235
288175
477389
408425
778159
519808
735466
243324
403504
932098
516487
988565
51365
434962
308079
232780
307845
82240
587383
893827
272190
96939
636802
784472
304712
849018
177665
828531
834189
522965
441632
235889
564689
876395
883372
609864
990417
312110
382519
853360
387041
462042
52809
112017
797191
34905
564006
419699
74851
152277
517582
701185
473943
611247
510712
655311
346247
235163
656938
837244
362347
729946
133181
749223
599608
588602
429281
882113
31287
540308
74291
955818
51366
203496
725617
791076
538592
788568
650066
236872
14681
206179
37834
373653
442151
933872
340992
778227
238164
215609
589718
400726
203276
200907
911665
442605
90295
732972
19958
180915
133833
931872
728696
45086
58725
470297
95657
109522
201236
284650
367692
327453
691870
901945
561637
359601
11535
454824
928066
872710
30061
772228
486689
690176
102115
104633
295402
809027
786687
134297
156729
426272
673049
679329
984782
786933
269520
668286
688699
763775
805321
322580
262478
864338
590385
754217
547104
461951
953139
870445
402125
748879
94743
346130
950924
679129
168920
501242
505744
422481
491464
14341
73429
61519
650447
910722
313443
961930
339567
489758
667617
411482
246170
430493
507306
359717
519395
118447
974923
424320
784802
567609
185791
608
296567
191206
269522
21774
784879
154697
822015
369903
683340
184874
44112
195441
821917
302378
995668
707420
898134
656356
449412
363848
490751
295581
43664
834221
111919
535778
20780
868963
202045
315868
672025
114435
246910
213448
128278
603326
297703
273479
763056
11951
593413
816967
667517
921134
982345
111537
112136
123297
412593
391152
206831
428854
446447
636672
769365
157276
298039
368909
960779
790786
112299
988982
280808
13981
75742
557792
760002
921056
537615
403658
892288
394834
940630
518189
201098
239692
210046
528623
136254
982027
111996
963388
889286
937326
997549
270389
781092
183150
828909
493225
177822
352240
283978
297835
279975
38304
873036
920428
499176
36228
470266
931691
993651
128021
681489
911912
771853
652681
891657
347913
824850
677891
924455
953255
739174
598389
643969
581390
192670
916623
550999
169278
790771
459709
819700
159327
630637
801517
869015
125971
622387
678354
440645
233688
380229
736973
780549
869481
492269
859702
98038
549592
835395
597176
749813
196197
691938
879845
158262
208820
791784
808676
221957
242869
426926
280372
339195
933473
56488
593457
216516
324453
198496
174959
244572
262070
27867
243210
933362
505836
132695
362331
507759
607142
342975
517315
223036
932085
410129
548528
920972
731659
789717
320058
933021
399376
806461
890507
721011
492048
757015
456903
945274
552922
461339
155195
908686
647736
484167
239396
269322
12039
518849
677553
356129
271980
58010
251994
816928
780544
619435
459107
182163
970184
907462
102783
697767
651879
476431
773925
397930
291949
773045
602077
822616
691918
463260
95470
68166
104232
583552
116244
341423
832231
817225
957927
697016
898607
840194
733092
995468
766384
606971
675624
503651
65333
908544
269040
663445
180650
549811
701538
469604
757021
779332
292243
705950
28148
677586
230634
834753
72162
294613
510936
461404
676629
329107
161200
149895
339325
433300
783100
164099
212426
559802
232522
598032
243079
804136
433184
699209
945174
923831
972156
871901
461724
626740
893109
512492
538644
648926
266978
278666
452757
445564
722038
182802
18880
341396
145101
285766
672181
960936
539131
282177
759486
329294
839639
552152
931805
633062
524512
900063
147633
947772
776474
140909
299513
588872
627570
429489
708751
518773
352846
226867
971058
316552
975072
447180
931200
806150
459756
40357
485926
13695
806719
470651
272774
705177
634013
365199
40303
562409
225613
313404
358446
222505
46185
827327
442549
581569
457738
870778
993186
65822
379131
328198
466201
149600
295330
19273
369000
98237
946992
921105
52959
85931
39957
386852
531804
818179
827544
868890
942870
682650
868887
211914
624389
845416
821801
723610
642457
574178
616056
754321
425438
705529
127380
337081
149961
706083
126091
313884
465545
706193
747389
136244
872690
147197
683503
86106
545513
796448
442443
770190
582018
532121
487219
916028
803019
153429
272547
511380
346447
898119
67307
439617
164257
356271
300701
850681
876844
236882
25283
572183
626200
642550
298950
557926
361356
575923
459839
26942
519479
577391
862906
517379
128526
53575
590998
84050
325879
979794
702921
439086
253
618414
617084
694929
98825
831424
210383
348143
42809
682340
823128
855294
507880
904401
317219
613470
235655
742489
109021
750735
972193
905280
112424
762047
507490
795606
728204
500097
259548
30710
974945
228110
130098
718825
405047
471332
997717
788328
53580
195602
432803
681040
399393
484437
712173
995883
505008
882187
661941
766040
602404
147647
481715
83614
579814
705068
945640
799743
207249
894968
754368
767159
452712
853376
9914
579845
426738
443769
143500
912102
943365
423836
805349
333114
583887
640890
728438
199591
130390
690818
579625
568721
208355
268951
681985
479372
696198
355276
182149
544527
87838
191570
876003
55777
925140
901598
330965
394378
842281
179540
8037
138628
778500
899232
825227
268970
352685
309344
762927
963605
665821
985005
783452
340782
189835
545468
864902
524743
381351
609486
947872
674359
375416
285584
382260
719511
623732
888553
280821
163241
607846
490365
744464
368564
985187
175430
250397
453597
277131
738620
798829
938122
597711
602865
414055
193389
771603
530161
780656
961341
620183
278622
107385
40778
419952
162036
906869
516383
977856
907249
426115
89421
966460
22026
384246
394975
861792
821239
140996
505956
531225
521499
785761
659341
420125
359909
776377
358588
729729
909005
872926
390449
609313
941101
408852
941069
543963
527205
328161
925056
419702
551281
465843
897445
564416
680566
686852
727873
453860
974492
452412
605790
333596
259435
253456
326464
997696
6840
372599
879179
992874
879066
930833
984377
344160
649474
122269
419467
62259
742985
413115
335845
435859
396971
466499
901643
997641
188829
946410
645899
526862
986032
49622
152652
914038
369624
524248
878055
42480
996782
393567
352807
413277
630986
455643
942418
798023
437210
370577
493328
325419
906107
184321
930604
863109
20469
473721
142396
166667
410358
585494
233941
466102
847931
742601
943848
684246
510857
593386
809688
224675
612513
766375
546442
979099
591095
993124
140319
471749
601000
39332
587331
565754
72471
57087
348563
959675
257053
331549
304226
87343
867194
939386
342309
798082
970446
34895
962584
234197
295925
486759
119584
761277
299789
886700
443577
874590
192678
758116
398856
972763
287728
239680
445932
723920
878872
654125
842649
416534
528892
58289
447632
89611
793127
173356
868517
375269
86482
976128
205386
494828
666485
100026
785550
741580
139095
485439
231597
938891
782366
264399
972055
836113
683829
363610
517017
714306
330473
783831
573919
279861
231771
15083
207020
710637
119907
708427
100188
166645
574715
325099
285746
537208
970455
59339
711303
682475
298076
946719
736519
470343
760631
234628
174769
366159
387174
365815
262715
224311
906879
660526
2352
63333
354012
97120
502181
114018
247662
395277
381755
189305
717343
720159
816522
594023
195889
499847
532163
116150
422579
586262
23268
127221
436503
968343
566831
661784
480646
616974
17821
257634
837205
38325
174607
359636
21197
15032
419258
937520
876022
346231
64109
594802
960258
882639
24832
849933
408969
406291
798847
243412
910742
186753
319068
147091
5303
211697
39670
222299
451570
819387
207611
116191
379584
965720
431341
754615
608770
984094
513328
983815
792809
570565
818321
464711
990041
276884
487210
976351
258689
288234
702593
412077
439380
326039
24933
875603
350380
663119
758799
712674
178372
912036
723090
32945
359852
164987
568379
567947
133937
905947
247856
288725
799789
630146
539169
260171
865002
528267
390083
155924
223657
73782
739000
914299
983344
760120
451075
586214
448337
984876
806901
21958
775245
850613
183634
247103
361654
398503
85360
344308
943860
299601
384558
235670
627026
662420
662828
401530
719101
583593
158100
100384
320903
196889
678577
511399
267167
428749
229692
688361
780952
47690
176558
839860
875050
90199
107110
657174
934222
81227
434220
524325
990606
925856
389619
436097
68897
550267
189529
315903
451138
858157
757882
395761
649034
247716
772149
192796
667135
704271
461134
987219
745895
61813
12485
204559
57357
326922
144687
981215
810566
506273
406326
335918
7874
866000
999239
766020
282251
329120
224571
997134
453803
146748
233092
772465
117640
834331
821456
898857
785118
917595
907387
214416
369942
148008
29865
436137
112525
96769
794868
265966
469254
565601
283337
847288
757650
978740
868594
830529
255405
104145
414084
351499
252139
158833
582406
774836
483662
953947
233952
157331
577544
10490
125460
15268
424838
900893
687758
856002
594258
530788
761418
466967
752838
913629
766170
128395
559317
639584
595908
137422
575488
699426
113973
364118
128017
748979
64517
425803
738476
950956
129301
103668
820226
598541
952026
920517
243208
463662
163379
755291
935626
399991
919368
483159
942869
819807
568821
683754
975743
281112
276107
274449
600080
309046
280258
93617
991979
675120
470756
742086
607350
634101
805180
953747
606125
855616
343448
315948
312036
358164
960252
312526
241829
733864
610166
943684
828209
409690
167371
400778
122290
168794
989256
269553
13339
214763
377458
136937
882386
415322
578910
84276
606519
267612
503210
569307
962485
611837
286922
841106
905679
197213
221959
361925
974222
232594
284083
49432
832623
628780
13915
322583
423589
648363
242469
441102
706536
196146
321343
551669
331454
272378
942756
610745
336713
832757
397156
71969
488967
504470
951005
464211
151364
787579
949260
440252
293452
781785
536739
695263
967540
906539
269698
643130
583832
646294
425298
411137
319876
807916
941829
855534
871270
176565
538986
323242
343280
38162
437028
9828
303385
845645
367141
478528
111424
381183
207109
156637
499566
455350
73642
26598
881743
901664
859105
561487
175742
751332
211738
496861
67878
913391
924773
338917
925855
253160
135585
626505
914618
334655
292865
147944
676670
193392
504577
426795
376503
142672
529983
299416
125338
545166
980612
655943
446822
743607
886401
300997
128302
846401
265287
797906
808930
983483
909420
509992
564606
762336
824994
277735
159015
841981
532829
854457
896014
185504
950663
803372
455010
21274
250689
214885
642970
194899
148152
347012
862645
661646
442688
850595
71477
64768
54739
248127
791352
583751
443047
552517
915276
361929
365942
990886
5648
356885
609819
996105
398956
309153
226430
840984
300737
332425
989195
358538
544838
541717
995255
997506
319531
725154
21740
273626
59078
674294
664005
141233
371944
985688
749205
189038
816403
322599
497286
619037
744694
228013
500824
353790
863113
74019
455188
584628
716553
286891
982741
49328
290266
581395
946829
434354
593435
661604
794474
43949
368790
253264
70891
294677
593000
776739
664614
625883
561619
991658
464891
233559
684487
286314
214491
107915
973675
67396
232388
905756
527008
101050
66371
565135
985985
750772
57236
295344
261624
188894
764484
868962
939295
194138
204945
839979
403901
962150
420051
692117
113980
162686
609070
663847
33957
750110
150966
670307
257533
757057
509658
687843
181276
827708
230088
903484
475112
692349
657363
882102
920854
820196
742782
780280
996118
868772
723434
848880
897518
611151
90772
91062
947417
969664
85101
465349
434523
528959
257220
495552
788417
116925
641317
799970
498298
804198
390746
901810
913090
762801
342246
129288
904982
691814
875675
72235
459532
30834
224133
899490
691113
797927
817940
853318
843185
495800
595452
448825
830185
108754
712348
940474
63284
942843
52393
704354
272017
898454
580124
501740
236780
557403
582500
808620
272163
690052
251634
469370
68490
684204
983675
342830
661524
756863
79056
578018
109284
753199
182234
218283
443122
898848
687908
104522
596592
680209
368361
773044
530181
852014
484564
303310
878270
321206
657622
314448
681600
979943
531051
551910
12592
756330
126713
311212
112925
772858
673934
899652
517264
628319
451315
417293
351246
318701
377584
129665
363000
706990
545630
736389
806177
158731
113031
108135
760757
559209
547315
688973
823712
597875
461624
14779
917922
5128
747463
523102
460444
172979
89519
756361
413427
164248
860516
879166
268977
419727
762257
471232
187861
144767
790697
151259
869077
139980
77465
821178
743987
355478
847659
512778
384364
846591
773922
968942
228838
766833
966963
161449
215571
158530
157316
599154
851659
811298
860699
91107
80098
282946
70198
489132
281334
278586
393781
364658
776823
52362
466347
831634
896833
791651
850085
916594
385747
677815
857415
256507
920257
17498
119957
777499
521309
155969
693091
494620
15623
735092
196138
903866
354575
527173
225446
88189
953630
837221
332405
291445
363216
784767
932816
941009
544512
979873
508333
452242
112906
761147
693409
195279
716906
660768
296359
465618
104379
739593
423842
202855
442960
100824
931897
930335
371377
699475
935755
445057
622044
973933
786065
620773
310223
864639
265052
350606
321793
858442
796001
764531
597723
139079
53588
702051
360564
320058
378539
298554
860520
637665
180052
179265
195859
176047
577693
967960
182740
794331
742677
138622
762703
580143
612957
99631
99124
101169
760855
373309
254921
628612
728299
509983
382381
888332
339019
165952
584002
585406
97858
497751
94546
546020
759957
772052
366290
409067
908696
200688
911018
108882
132149
233014
748082
723206
915068
43622
10055
61866
272775
926794
97882
925683
759911
783227
120593
888439
509043
708
999486
784182
621815
885785
925096
322483
457441
789165
321677
880131
33817
967988
328002
650279
40949
808696
627229
142638
255625
692754
684678
65026
312992
52708
78154
566499
624558
35489
6489
649477
688392
50897
847037
549084
754270
999173
397075
269103
261196
325827
755520
961668
227455
977829
424267
592751
391188
435601
421495
9104
68302
608738
752218
528295
486273
718445
157273
994707
107909
310586
641028
476276
584702
726116
341576
637827
425889
365451
834788
581156
784975
483941
353165
966266
114501
859984
140257
138624
367765
864960
15018
33206
770708
969909
561171
296128
874183
966393
596551
235151
311185
541671
757179
96718
353830
483847
63945
258731
93618
274166
76834
990970
910355
530461
407741
892706
446441
385417
673763
234070
256186
527717
214245
235481
793208
744076
590707
421832
501403
137558
310436
250872
930749
480853
702202
61546
714203
505050
453728
524752
782798
185339
246379
527656
402023
591012
241986
732180
285463
84025
116834
469821
421289
51691
854687
640947
372268
637945
330268
850876
708951
123701
713835
404065
366431
244671
544795
884903
283581
354211
925088
766638
709283
57410
484042
213261
199582
588462
645219
876846
835018
361998
537155
575830
483683
672237
225219
649889
186600
996289
224596
598096
204665
811629
481746
764515
811098
308812
297423
471724
833607
782865
13402
879129
527132
448407
832438
524424
100422
910927
230512
357083
388793
327310
591747
772034
630914
217166
542073
626869
348710
878052
278076
16319
381934
929887
619644
504036
573520
486682
907276
855307
927832
543148
614139
561241
139752
142521
61633
385699
759404
30210
459225
882479
782298
18239
364322
457153
527838
177643
123717
877145
249451
176284
93168
307404
218127
654873
287443
574294
602909
638391
146950
273016
703804
387467
80857
483349
340641
534143
378615
711327
751683
769123
823631
379328
678163
645468
928124
928719
666200
37524
112607
323885
982067
288544
226200
107916
26007
110222
796410
556090
697872
164790
551020
899747
206891
572055
692031
430273
319419
366772
885508
559834
793359
157059
245050
133389
168188
503620
494910
760952
796895
878418
45458
37087
320316
609368
40415
110700
284575
423981
759768
553883
833520
335450
117673
677618
659759
655656
921317
675885
988501
28510
415541
165600
353161
922827
836059
500180
678083
731630
525131
742959
986250
300986
966288
875435
720066
992014
892141
204729
388536
898353
202486
294340
343506
474204
239514
220606
25780
285531
965651
550306
440604
628905
924076
59779
760231
129430
485198
817815
405615
717748
135630
3250
394780
987265
331104
815561
422324
53159
840705
855648
404262
165415
529173
916635
307388
912829
796384
337297
289837
856296
811587
900467
446644
617754
812512
693104
166751
583680
254263
417751
824025
33241
325490
872823
235875
622963
811419
638630
98685
219318
283217
78310
796525
512122
725521
484567
402126
537021
931980
841827
877441
558227
772401
667387
749945
596825
347901
320845
362270
928868
94669
917435
790744
365304
199642
571231
293285
436818
734150
943480
236928
213678
452956
820691
99178
37142
338896
28413
626275
226207
245641
326101
337012
70016
143017
504135
936542
122316
113766
262659
46959
609885
574804
211529
242997
384185
47716
71160
883266
415480
228312
845266
565702
919571
177935
509765
230896
910009
358969
481373
853997
519591
593096
614650
722783
966739
532511
372570
731912
676550
127571
641096
524952
594371
706718
177857
258235
323614
394901
352101
496261
132268
595763
368209
372572
909974
369513
50994
158339
354489
355979
712301
571577
168122
986104
868224
837392
787739
460864
297889
936178
114270
836963
55129
401699
848043
892523
500395
233163
499887
249852
444782
773439
117039
158959
508364
677499
656810
244614
821138
925514
821855
455499
608743
946137
830835
688567
689675
79925
959784
570167
212683
229682
911810
836461
817261
517190
901811
635002
390458
39558
587893
31812
300394
40932
426338
482206
987538
779818
657596
975186
579925
509636
904208
448676
715747
892901
501337
350021
379421
657197
765523
441345
178502
824359
708850
12771
134737
869074
982098
625359
825085
817980
470294
712013
458126
793706
572042
908292
302219
247006
886553
537560
523564
791469
194021
358264
513450
628568
120670
508500
595682
611937
821697
207985
297156
845464
963990
374715
265579
895507
595529
820218
585878
897653
400156
794153
203141
320232
402365
722868
353705
495363
676026
902032
305969
832697
52275
398590
589968
851803
199507
403495
891774
743518
341523
39759
252233
714401
175973
466045
456957
928760
285308
353022
812988
678100
316987
751063
260976
987052
73804
530847
259364
521855
256237
98208
832126
973899
191783
255450
311884
611954
670206
662129
475556
680774
344209
518361
995039
491415
761052
368388
19606
206870
995325
4251
949559
792059
991290
868731
385716
601407
13387
218582
522071
250174
220425
108425
536623
21148
358263
53143
821451
231132
467260
51964
179139
482971
575573
981190
267067
367499
550908
895872
346737
524884
604606
570354
885469
982912
307827
211600
780539
979568
433980
25010
384923
929457
773569
544965
863958
501317
20822
26593
857189
210123
370028
700212
346572
109153
727103
48271
975781
457692
350514
468877
967729
502304
370840
357201
444061
279035
524964
940323
809101
75168
92236
709792
5146
404184
628755
163137
672707
21145
794093
715205
529683
756124
814312
781909
169573
512989
596004
195385
985767
493844
763692
644900
657619
808653
936619
946308
198328
913770
531114
178163
285307
884542
990920
590743
262665
906648
80630
267292
800288
433482
241331
697932
879992
173377
246913
727097
990471
34470
216839
691117
533036
772672
782515
428211
43704
610044
64510
192978
208154
890017
728271
603680
92180
936748
870922
317190
345382
872108
789525
233381
768239
266229
421430
817743
582766
222622
298448
713447
777767
390706
391940
1586
928966
701871
561526
258259
60658
746934
301536
125790
296013
815710
100039
197923
865434
853340
398574
688878
231300
34914
406650
238060
94514
789585
989540
726460
979545
954901
400197
525219
876960
174862
965689
575421
767312
918918
494454
547186
165134
289673
996650
588552
87824
911494
140069
303719
315249
294798
476814
303509
701427
769470
561466
957246
6203
840529
594247
656842
554286
328854
490456
238958
559141
72178
266726
93214
812436
595165
406330
662686
76032
400668
906144
166206
603979
521869
967498
409645
446795
424756
255958
756348
929202
839658
366083
812077
923950
525038
348599
510798
59410
27127
671931
619993
416989
544421
181642
346451
273078
448350
927919
686068
561756
756587
747427
733427
6342
868282
527651
935654
819264
331748
371528
909295
519695
401701
381950
737694
916011
912176
411339
445441
943202
17385
535051
139450
345445
621257
665885
571395
514266
685908
677951
124731
491312
481336
148437
239735
61138
480405
342198
837474
317390
25051
215211
548071
985292
466279
1790
308897
960849
30502
583014
234743
453039
720826
952139
982289
517307
234782
788813
759577
929943
85137
319578
237528
523288
359531
564496
285476
90059
851226
154051
815452
723375
297491
462825
77625
873812
194183
983669
747051
150546
82695
816149
451670
342169
150036
29751
824193
406332
302936
478410
272717
769508
273473
574043
233557
953905
898474
425020
18910
269323
429524
445417
722232
104556
402834
577946
264139
742808
944689
122403
725581
768840
702479
54495
635025
969763
71991
628239
728286
155524
889890
383049
919846
608307
780204
146715
77472
929183
241028
133031
357534
901556
248444
632794
340962
965598
23094
511002
600669
509534
371358
900404
781748
418647
199480
489399
545292
531503
398658
674125
45420
272701
255111
74475
158097
738703
498093
499257
431001
110316
179906
65372
193370
162351
312718
413182
559816
35297
806977
319031
251614
755462
375603
882615
406059
932778
805450
409968
129143
285597
86089
989718
223422
319017
306612
918735
797020
517686
658158
735512
282217
520598
390284
329994
316901
336765
858629
806280
417225
700326
545043
602287
718190
418610
733534
662463
749093
720180
158144
907622
232928
6662
810715
451766
187963
665184
875485
43804
477422
628344
134834
435169
533532
979475
258700
445023
959367
738388
959190
699353
258056
924037
788091
467041
388079
310071
798335
176441
834778
9925
42753
270062
517176
761941
276117
110509
496828
253258
922642
683813
312453
996455
567280
272740
439436
944070
568232
413229
426308
489444
698680
444956
651532
863307
329757
699843
449235
427211
780219
915710
611517
355704
536870
316587
574081
180433
814187
314658
718909
432297
72519
233086
186029
524829
131153
151798
409746
737116
897403
970429
501200
124122
390605
287751
178194
901092
534313
318298
481061
626242
969661
19493
887761
373127
741988
245774
34070
932987
284226
208210
6103
512710
23504
456764
999844
792592
535806
153373
132006
962107
350620
952713
597760
295374
891007
226930
504864
689278
637570
785402
810006
244878
225701
84954
75083
990979
514580
176349
532412
850344
117429
663808
521635
659218
907727
215723
780086
936896
853509
297885
971496
292162
690902
436631
73594
13809
411241
63031
475710
554837
411783
872224
834292
935517
853301
331238
731039
453578
139671
711650
141711
789263
67829
855467
709162
892635
258784
202303
830500
608477
704962
62608
890797
270438
152698
753552
826318
632802
423860
645926
621196
247616
852819
921543
300453
985102
797498
469270
636186
420808
151276
274833
516564
764797
828230
181857
180679
8146
669027
521389
284025
247146
618034
112588
590246
745807
502982
578974
882731
934975
744941
683735
839242
91500
228878
506981
622350
489546
168060
179629
255771
988224
858294
840558
225391
573241
23799
905961
772565
480591
827675
505460
69985
613096
338543
452568
361755
101867
855629
52625
720174
790550
863141
404021
651418
463986
317607
7587
475401
764104
429874
520522
692542
743872
721113
192091
263911
812477
859048
444015
56314
203850
98099
389191
853629
369831
26928
360118
30675
54918
538797
60425
301143
116801
190692
529379
17964
923797
663100
687489
406947
218447
288448
35378
380525
589540
810148
255595
160191
703055
44971
49500
395719
338929
897722
163698
699294
271742
859687
88067
790090
896579
680767
934235
124502
765795
254867
479942
727876
689024
438298
482671
830645
909602
905392
477389
398169
22840
35197
97487
805456
969814
721997
908929
493146
43273
890733
162938
968049
234927
924234
917132
435076
239794
516820
423458
541858
314253
596006
587885
904643
799870
71481
583050
423082
777085
918037
62599
669545
52268
475605
568665
484758
189813
98948
902584
38397
691006
969567
595281
71020
603904
828483
916239
789038
572977
115844
60300
806625
330529
533137
893066
883527
176555
378851
972694
616973
64640
736696
471833
119910
175925
898871
714096
368354
827365
592779
461164
298535
930946
175427
223922
297753
998082
539681
947300
189389
71785
624215
330441
832387
342775
388851
509314
283985
760023
676613
704455
465364
694150
119576
965221
680878
720629
70829
469207
318889
513000
479450
626159
304731
599801
569268
675020
367161
626724
14922
565602
137083
722929
503416
719826
710435
722864
728215
897827
95129
494584
590291
676569
44264
314159
652369
231144
908638
627532
864262
858430
426191
529231
283969
541817
695326
691293
406268
647679
159133
679837
765982
966202
259019
900753
663040
299255
150809
570915
479445
449024
653331
450772
842143
123934
949910
857182
848453
129054
347524
987282
1590
35183
87696
475233
641453
748295
602867
553618
10614
173919
982239
869707
619837
712942
298739
984601
882312
745418
295491
126435
234527
112503
134761
771794
532672
688833
310414
981822
907071
825622
2140
112450
356957
303280
547585
878043
302263
335550
364694
945453
355387
764073
728373
148445
990911
616943
151536
120295
348688
574496
988944
565456
82326
767282
941422
486628
134655
320899
99104
424186
252087
215531
822181
477263
666096
649904
662320
241081
294346
772363
712569
58998
536513
731108
95903
600872
268606
208033
352045
181629
612916
374428
822779
93494
740137
530151
502074
64773
93773
637811
77831
925949
581797
98444
7062
755472
2317
947481
838197
79362
984979
307259
714581
915255
318258
865859
467950
863550
822969
398467
107969
263655
534972
159910
224454
840235
65767
973308
428622
838134
676758
602332
23216
546108
587872
335763
41435
874580
651259
268991
848890
289244
630944
935172
793873
663940
799882
629671
180439
728901
240073
793352
70928
470521
929025
413733
433866
865396
502224
409152
189926
705241
137960
307258
673693
409499
814471
726775
10105
651814
505863
7577
696357
154655
860221
939742
613882
259959
445579
329903
620622
309497
886515
92690
467695
597507
663166
980913
361588
397637
653320
727162
88952
920794
862178
811225
994625
90491
45656
659982
353375
655760
740874
81043
14320
582175
835811
519964
828576
211967
731132
249010
542494
356105
166009
322916
545362
702411
958411
274000
233810
65586
493836
702453
15568
70928
445306
236059
487905
767343
821835
60902
852805
266815
310927
552430
640655
708122
809842
450569
283953
75779
559666
625004
223355
892989
603641
776532
576003
429635
932271
730035
251448
720831
819792
236273
726623
277180
993240
50453
382038
396738
438550
96107
729022
339918
809409
628114
723584
683083
909282
372668
859693
54024
269974
733973
940166
533605
656062
714325
825861
381774
328163
355483
979051
153393
105478
852866
715058
517852
524548
603412
525835
402949
330630
879556
769110
635241
579108
958119
810927
744156
712798
279303
321358
612618
966462
108275
410264
219425
795259
717491
541597
585319
10614
142601
209678
814610
770386
945551
427015
41740
999734
351660
348900
278860
730059
242191
800291
567118
162208
800095
596676
828082
444665
109169
862678
757655
374529
892577
937564
732784
306256
488056
474404
994688
547147
3679
776542
450617
879316
642328
870101
536999
535639
595963
123264
926835
383025
666307
595424
71056
981751
436005
119814
599293
369700
152827
853723
748061
981634
78972
120632
606871
953334
41162
356548
610678
931083
661999
672414
987136
909975
965482
151293
233545
626991
929134
212270
763072
953925
816960
852407
384638
637117
334927
969627
426949
376350
672887
188596
834639
883767
175264
465325
667857
979259
453169
838290
309963
166034
372067
835106
676217
555061
895542
79806
418216
255342
673038
510293
649875
216028
114508
601890
513457
432365
938741
323501
266610
132208
131602
514607
672649
762954
151718
544689
569902
629209
702939
26231
284950
228262
246401
207752
245857
351524
300996
538686
791909
96728
890661
139817
557154
76553
965983
20797
593717
485228
793274
333325
525076
623604
862650
236889
324382
233582
737635
496361
319478
387739
264317
848511
642915
835825
193618
7575
352310
455545
515456
46506
64365
337023
71013
812921
837556
339550
315325
580177
962056
145471
387186
857602
332673
788502
828825
927056
177176
736070
141249
868037
856568
651523
239465
639652
108698
101384
181535
829338
901586
60492
606573
287745
434500
803435
295146
725709
364040
767994
694430
143813
69989
355129
182093
595573
118212
94229
839803
81388
599562
763469
52155
397978
685908
45124
416933
642427
190065
130540
445551
179677
697577
413266
815415
199250
228409
526020
291118
311388
136622
76768
62715
432305
628174
167444
443128
226595
525315
142704
382746
833386
493869
696772
42131
863240
28533
897400
167054
337685
354413
334366
275022
208200
472518
874380
501318
800136
983974
719912
412336
743082
989711
385615
716172
368077
125909
155957
646603
376855
431788
605980
26819
289564
928970
529994
290633
781757
192048
128543
623564
582630
940598
852667
712553
987311
409549
769278
997913
775634
539828
410993
157151
9981
469126
505844
343259
799944
571256
730141
467662
597402
493424
163386
164788
357150
97331
493018
203791
497999
821059
660629
777934
24272
768811
472397
502061
543171
114676
800440
921124
184171
837757
383543
810978
574823
755401
660723
212352
329815
265588
617770
427496
715257
582252
926607
701889
315261
701841
655329
27848
430802
137501
586968
794625
115534
277119
965239
283779
59182
91223
23903
947697
838135
122517
921688
806278
180949
520482
831183
389760
159968
762481
517766
27346
328777
53919
408344
872163
99655
551539
327629
944989
257437
879495
39361
856505
945316
522853
878317
75785
566613
612014
788814
231939
942864
230499
741303
451648
749581
117332
816286
109135
515331
308040
73296
153094
55415
564882
766908
899160
966943
475065
979659
446161
354289
847963
273810
239039
904981
736333
635083
674065
447188
394185
206085
119265
645188
817706
203989
471090
141164
430265
84382
603861
201361
162678
990532
664797
170221
42996
238330
62762
890303
449175
596541
148217
764255
619690
773462
292886
770427
894633
581856
247784
701356
319360
492003
163493
60607
179096
745290
75071
101825
738294
416590
551525
639845
789323
155727
23192
670654
124407
772368
543649
290296
196804
833256
582207
669788
560663
136814
535620
649265
826877
678817
107497
793729
248151
159603
434022
945868
765810
328512
544581
779622
865302
180989
235756
407549
81298
861935
939701
561018
807985
475005
643355
842645
531189
271301
49690
369302
65219
295304
618631
440207
330234
171822
57748
663694
172146
766772
127119
80269
301766
911005
409271
211020
909840
645438
156243
944842
437653
117865
660547
266545
172840
371776
744915
547034
544920
562238
810248
600000
526025
276654
574156
602531
379860
290073
876194
242245
601066
588105
879223
435632
772503
157367
148829
87825
774027
753884
273949
190486
829128
562274
915791
166914
437934
426703
816293
984449
111167
845135
924317
398429
963023
116092
493390
76063
896626
269665
255399
852863
490615
488902
226744
296272
843391
426682
642992
76956
897269
493875
638985
940752
985082
268246
47902
157293
173993
494646
470561
627320
495675
110468
769972
302341
382529
568996
71376
404300
351710
493919
254913
157258
62375
262090
214353
801166
787290
350714
459470
707990
446077
161080
192942
144800
146945
924253
249924
341835
956521
765424
703467
459296
55162
435251
151045
83279
469192
634579
79621
721002
995526
510907
681077
382113
929565
918302
9750
200867
960781
486578
891898
488177
814198
625672
437765
783029
662638
739975
115560
269995
596239
302020
47318
402439
636748
298622
137747
658112
33774
916652
249599
652283
706201
428890
976110
838941
384088
232603
552541
313446
373389
592299
298135
370083
84010
845020
490386
357302
526684
725827
859943
937627
656172
562100
225767
915035
541235
698118
930294
696857
123868
472752
141455
883215
30762
652605
735654
402805
971644
517119
230575
113894
114099
28686
983801
965669
198206
843593
29859
748445
789823
409020
245558
100328
990013
792285
700800
601546
50847
236844
321607
368805
76632
639629
947990
383052
551773
445591
584505
820748
154758
535537
975645
90913
168471
668938
987547
326719
598512
357640
668419
615487
828663
572098
251427
209814
561229
662926
64346
960638
798624
943382
177592
616556
881291
914719
662988
797431
199075
559432
527137
664953
330493
895700
258462
70371
616308
490248
818827
344994
912022
297235
622728
75413
191970
59489
221775
702690
172842
823624
652269
19137
538802
210574
529652
18021
701515
50179
701162
47144
51864
287207
362486
435797
166696
456036
125819
630248
858635
547211
184306
115116
192740
227201
984761
740886
441202
159825
890761
475496
478518
753449
56065
532912
740632
606825
906879
716214
790511
861959
577284
652705
671684
668765
866096
349422
116665
642432
482344
39837
646786
217941
689231
461118
525131
781973
132430
563637
461579
543547
841558
661782
145947
200810
841244
121294
245423
949706
934847
845875
298469
570086
239207
172465
485496
64457
498027
187502
349942
586623
942829
591863
753044
756850
899233
132444
427588
459930
996513
97672
171436
865610
451443
505112
338819
679528
802338
318532
962346
403849
467488
77928
822224
960732
312378
289941
88578
419127
965512
471684
892411
636485
989962
381693
776093
974888
869515
82456
413707
585982
352548
970366
817191
90315
595917
353140
361222
34262
69757
464562
401683
501096
611386
883721
391343
359144
683700
79280
297219
603611
232620
899826
103610
111297
335384
565355
386567
148349
690712
326190
751749
56544
450165
592606
485551
919590
317486
443180
500899
261797
378022
919542
977994
489355
750178
743501
896077
830904
242169
71025
955890
123213
965074
45935
779888
563168
167244
383032
860279
512484
856094
71171
698
227416
32252
950341
147417
376961
708073
810633
125416
856737
144416
746695
178604
443099
342269
284107
808081
253969
772583
325937
46989
450648
21132
949699
417661
854494
284483
47315
830716
899887
700142
990616
353310
213353
461693
213501
216510
880558
480474
494220
371965
56234
343301
452678
208979
255959
640041
162403
877936
468047
192859
14161
829269
502696
107420
332823
770366
511194
153548
797232
612904
438076
115289
581920
618189
676223
760332
576686
780370
747562
165554
908635
590197
941971
745492
233221
188241
55084
983599
271741
798461
124605
534892
849240
450339
82036
427221
84035
416627
712252
813853
287132
584157
672420
875620
241257
288196
361185
113917
880967
332772
616408
414775
559683
363989
550784
455624
981412
33280
989415
569078
925672
475202
895795
687241
616151
490297
256542
745452
725630
654747
197629
221293
644308
555513
469510
202052
644627
932384
966806
910475
824287
768353
554205
23307
117656
59562
209159
916618
491072
528924
566660
753179
521407
174662
551811
654931
767985
963828
710585
983308
859257
854890
121604
726793
855136
260719
173432
836852
854012
578426
835380
90244
30582
856220
656641
672837
116519
554368
482208
557907
833649
355344
687515
45985
230794
228603
920691
400474
106323
319825
467654
891811
565493
137794
328567
783868
661533
969358
283958
208155
590087
883577
886082
978467
90116
494626
227449
871951
470844
344948
770741
296326
739147
279696
538522
331996
215047
28848
547797
687269
772098
538026
643531
778387
495765
770428
823655
331503
83078
393260
154441
559891
224144
336712
86371
963718
503057
87559
66288
578540
100967
912949
99047
122419
144896
418264
193503
465162
439449
474003
512309
601166
326304
875525
483455
764316
69627
129950
740206
172081
978379
240465
178591
250131
300552
973170
881046
809953
135026
603491
915885
414642
152709
92730
965836
522678
790247
596378
428442
667634
749250
212567
298320
814884
282510
27077
890228
571701
361318
172262
957338
501711
933958
166661
676258
688865
272209
690085
177369
15503
964247
268874
973418
696262
869397
402001
986343
353669
470809
196193
222706
341331
143179
456027
555162
126299
852825
46887
11981
320103
716377
933660
753737
325359
173249
905446
429001
967130
43707
843718
632362
61203
560758
315515
244417
108328
704532
829525
281608
384089
592355
97191
906876
896832
288309
669101
981595
389833
575887
614769
559919
222909
391325
763479
309371
471539
320110
148310
198709
718473
870344
42225
491519
240787
558108
590613
631672
522334
573369
100809
893638
580349
545054
459988
789152
670877
128412
889837
249420
817199
979618
586484
864384
370042
190873
550429
800121
364465
77417
654095
383775
690991
499348
863436
972343
981287
531250
272411
810288
880280
185188
112118
33729
108646
4174
800580
136166
878596
309906
740091
171721
500852
208275
647172
115089
251355
314486
917515
277583
239716
277703
454711
485185
428937
520027
40323
593159
466734
225851
890081
303705
544134
264889
914730
34946
956030
876006
145900
987680
810558
397251
891257
35791
866937
512532
571277
780763
312342
654471
957522
650890
933739
664760
15699
742771
191626
599899
531565
465485
204522
8848
285152
519837
869546
136318
295418
846288
9904
163135
691346
84917
513551
768404
367437
622825
881492
875074
338482
679651
553891
340505
917395
490905
591352
124734
839883
729
769341
399204
203077
172459
145675
725793
208148
943452
858778
189740
114987
691939
437325
896074
869319
966057
751276
829033
399835
597242
933385
788722
838613
553281
265386
623030
95410
4690
748757
574482
397160
309576
590405
740845
112243
741244
380590
262654
513361
178675
275318
439347
219384
697279
982623
27066
1750
492188
396341
680768
351100
330141
230144
498408
799381
338486
833188
313246
261045
8218
200068
443238
662821
77568
774568
622002
403811
883160
155106
343421
97283
352827
436475
553183
215787
176206
28050
383552
589794
41253
895168
228846
692994
115627
561497
464760
251828
690305
527050
47878
266164
7424
946750
426468
228164
809606
5055
138054
926494
750387
947495
379749
804153
912489
9141
463807
217117
545246
39670
60406
597095
696548
462991
660229
254870
34973
883057
406620
734003
215722
514233
275768
369200
646710
16495
561742
426715
868557
26064
956056
805065
51459
749115
996821
822898
792384
628216
207234
26060
409688
58173
982433
832625
243277
303542
738152
137244
620027
543792
916505
932201
896104
606675
120506
383254
148447
380194
87977
340876
177311
192471
943192
573929
863336
757194
396994
723099
244960
393518
234724
209042
169949
399065
877680
513062
793016
741487
233869
108373
535889
47054
557855
405604
927242
209083
863762
348805
650830
18023
229973
356529
206598
353047
218023
107465
781502
254622
449286
686706
727729
907381
660880
559359
770378
583912
535633
158641
394189
805050
644135
73181
851822
27616
266954
684994
100080
784706
708342
774840
661720
374792
968372
977581
619586
486036
612671
333494
878754
146578
511595
93976
284841
70134
747597
626084
957064
479501
895223
903057
614798
784786
631580
201683
547011
608385
374230
625105
60985
218358
591701
867102
92795
845291
854652
485435
228006
612359
294783
426348
779667
147286
524255
844458
977260
492925
735977
933182
341750
342825
432901
723737
185753
342982
448934
596896
872335
624129
584031
857257
61424
102442
651642
398965
994164
984585
647222
952434
307984
937254
95181
767417
790685
148614
426725
361258
902891
899282
954889
657071
936264
997823
667841
818416
582937
912685
803159
830409
178745
372130
457175
358571
804971
98544
533307
481682
476970
306870
467051
7142
694214
596112
882805
220733
390849
354789
529556
959449
926770
649981
465058
463621
830332
546529
148284
895922
279802
763524
44394
556883
928948
298489
334301
452549
339430
404503
306425
928006
604768
319387
989234
236838
266947
983462
558405
43115
391650
521769
351251
985910
720394
452651
632824
69536
193397
135045
598212
809518
270251
33293
839291
167677
421392
616213
630310
40966
857237
167096
601630
573905
518995
495879
863778
25548
414426
18686
321202
340626
635275
809781
98442
186643
20486
76144
86472
220538
735988
590910
161938
723736
872045
527382
275011
929745
342700
156903
226300
471839
543854
397983
852211
45793
474831
680749
431479
346221
43082
700680
55903
955583
651015
870296
591501
304416
665504
913279
957196
717379
327619
727368
765725
579985
344644
742639
207223
744925
346037
367433
531880
121041
878923
103077
583775
589460
494332
629875
442330
275546
941216
805099
280392
15033
649328
859928
185179
487950
310580
258711
698622
333570
128437
52290
296848
551000
39359
35762
37695
33798
434771
767641
538767
534956
369168
867105
954757
536886
241264
179638
546959
726663
566498
395365
942268
876567
943324
290845
40947
900514
152878
361566
216126
819722
317134
600359
450175
662041
726006
114792
311527
304093
233452
377294
414749
759886
524927
917305
375705
930137
775588
93916
911464
393493
381872
802686
344967
516510
427061
734950
273066
664292
979408
821186
588311
292835
14673
443280
215636
652559
971491
860005
411136
39568
345021
141510
30949
529429
878039
898199
886390
571168
781747
500693
772098
492691
765881
536903
879417
678188
339641
17494
189848
805631
692910
906293
948465
262364
592955
564504
654585
47729
42045
324885
339127
122462
796865
338714
459435
85179
333131
217612
159303
756567
450913
890542
69503
898573
63423
833106
609357
911221
611875
908828
776491
383771
575502
61540
792985
986205
134035
336505
949977
856968
51527
632750
113859
150920
78861
133307
40149
503647
207876
523301
781954
479613
484862
429788
295751
935001
929616
746427
85316
557512
872685
852606
463889
311589
946966
510133
903756
621768
236100
575538
292478
74426
247126
609234
274325
261375
624581
898623
398541
970682
179520
954312
844001
901043
17911
768136
342091
749110
111380
768020
282340
183907
472122
886746
760866
870323
507841
202304
694307
76877
521494
362672
811028
965421
824143
76181
917153
124805
691260
990956
872871
563860
619263
863780
109760
6921
915149
18571
93280
996068
324373
261434
76846
456788
150077
587032
502173
527024
233769
950514
397111
587087
950551
397158
912862
929195
350793
960644
282298
390491
655434
464560
129888
620108
530635
760645
38921
366920
131516
556107
584360
16780
48348
910324
477938
551492
247372
109604
973428
357484
324854
256807
386114
491245
198307
432054
399322
461101
241074
689198
176352
76932
298256
634158
902749
840610
701436
233616
59472
889489
434994
395988
105113
42673
410203
14674
291710
313079
688762
573326
31877
740939
607446
826929
957021
343709
680877
370645
502707
438399
243102
218614
208330
895275
405878
676769
546607
713885
220990
293650
818229
484176
340190
217588
762758
428671
672997
824643
360864
368382
370433
369430
302588
421619
834724
352046
220532
456535
163507
359767
779833
518164
759785
713389
503400
239885
284239
726787
355491
143477
324631
949740
220359
707905
893414
542717
962390
811037
587195
448943
950451
402646
253306
827813
541493
302999
988821
676990
358276
703858
908536
591008
241260
737045
945118
339796
919071
596975
495283
326790
679100
188270
101185
192244
711855
182954
687092
680479
827637
740826
418209
824265
355881
524499
94405
174195
304411
683736
400563
969461
421420
971145
873128
557032
622263
983659
552099
13311
138975
363649
563067
689136
586993
863518
435022
616644
611235
592741
521821
760552
342055
457787
739995
376562
801277
769503
847852
683144
388041
552045
737341
389819
568895
904909
946223
243185
14020
619255
520004
333271
475926
630355
130458
807464
425105
522868
275778
226584
415261
718553
646708
787996
766106
426562
164961
33414
678537
612073
632635
185895
210225
967331
720494
126274
382064
195832
450337
726115
896289
614417
265059
213635
765665
545705
967891
785096
99809
398070
175823
461189
856540
731085
114447
124984
772154
697791
161112
668365
194290
841467
430836
273899
377925
252104
316305
181539
824895
980284
785964
798176
144377
226768
883902
634994
410285
312198
417599
311347
89808
886310
249744
623736
174542
56285
297348
337399
536886
608079
135965
623546
552452
216363
124302
407472
16565
335624
797769
565293
185869
511201
997690
793471
703202
960386
602933
281580
887737
950692
653776
243130
612035
579365
72508
26325
360840
156268
146214
823552
718633
759635
843559
477773
407741
976706
804531
472408
10526
516827
85085
382762
908922
677306
858698
874201
398705
184374
955464
447552
228399
413511
860953
379222
339884
368092
771470
253677
785852
324420
976545
909275
425489
505665
198046
307353
681754
708342
534276
475482
147654
670056
458955
634696
673135
24801
913979
573032
58525
383941
388331
402213
205029
608874
810262
876264
354663
409415
988862
626234
54088
480859
397645
134119
151547
205088
423448
341060
318241
555838
253403
930951
789683
563410
944797
464609
816063
712233
297857
255900
334877
28286
389397
956115
340849
9519
630513
307594
838690
861648
330665
984986
752876
203234
611407
550523
865402
155736
25145
597654
426718
970493
834854
968888
160953
649769
441471
156540
943452
948500
995575
84252
704430
901711
928954
82866
57722
899227
495956
421726
230542
524698
237560
979773
641591
362759
559861
277574
385967
405323
916767
866961
71882
17908
322376
441500
173020
66040
93368
458744
589803
15754
396578
126348
286430
653949
425824
855191
897544
736093
328610
665868
656395
928151
95466
544158
585569
418243
374355
572219
977988
822388
770502
122707
291209
262584
93565
89098
346
796781
110380
424872
835492
845335
451332
560250
799462
608816
725324
729472
914065
49686
648954
518896
369471
739167
201623
404929
445875
850490
528087
521109
991473
334005
254919
795030
441601
137785
80600
918404
670014
485661
520347
825176
439283
729565
345119
318882
872051
959950
826249
556895
671003
288684
96378
676971
49575
21815
146485
131474
139907
185893
881464
970513
920530
806134
25349
614196
265818
175189
513698
720482
523880
486022
566607
367364
312289
749273
347867
191512
178872
77263
361678
541505
295217
804239
517832
584114
559325
640860
509107
368028
80752
321143
383730
583901
654674
725419
765261
609228
64070
850520
476361
822442
458669
375524
739031
13111
307604
630310
759264
981313
459701
861001
981885
686393
300271
205431
92272
368860
389918
391446
641386
968376
828411
144527
107870
728978
25343
225733
952253
127582
120459
394893
136193
621719
440583
290516
915123
713775
639240
641906
12603
979649
331954
924652
47162
421703
805844
772785
432428
699266
828766
197456
437083
528955
818089
146308
502854
631001
435885
182501
461477
938493
805152
367645
410887
736500
780884
189391
408888
27546
266192
750399
456265
481389
132778
758548
268915
999528
94300
638439
690150
685556
273128
383733
590374
167150
457070
271413
361381
253517
635042
806670
144241
640766
227492
41636
683586
935007
37320
359101
692141
323708
494263
40923
876402
395535
847237
106249
344350
643745
471484
497382
112675
855944
259322
351217
707039
925091
26619
952733
905254
151264
390515
110894
325278
530545
647767
840290
452890
532596
602343
148215
116618
88499
262258
23773
320837
704817
830691
955102
386611
469910
408643
723440
547272
710693
355057
935490
736818
424616
508362
269985
142991
296875
52669
647488
17289
365902
732280
274207
372626
376676
283844
727933
293799
132121
585922
103627
800568
690461
170327
271136
410286
412690
265455
953489
794246
984626
508224
498605
113184
956240
133886
386891
831704
857563
617244
496185
964188
876278
254073
779110
126163
964422
88955
478933
896146
483904
321856
81982
547378
809755
426369
922473
831680
488357
167432
413183
745793
979661
506250
68275
253372
353481
664864
58682
832443
578422
54316
423203
626454
35006
262104
107377
93902
679392
93177
963161
898048
111701
794393
380356
983641
864581
504756
491920
362922
513412
266289
701164
263265
719902
768129
333149
56386
719141
651849
526280
377227
921342
224399
690864
516219
861468
190183
26595
375065
881000
344981
116215
744442
508320
52828
197399
278907
800725
695422
238022
891960
208784
873290
767669
985479
20386
949857
430110
207812
750883
612390
138540
223139
847368
919256
890221
405642
158112
274218
500057
631972
320081
743806
747
432209
164146
642729
8050
389612
945196
952840
134235
850036
54836
147287
929764
264246
458429
477543
803392
81002
812385
771443
473899
201699
749099
204568
589512
853861
266925
270837
74709
903518
343756
854039
177899
578009
670201
567962
923703
924115
873270
979272
15075
224728
682938
921419
369248
607238
385680
322186
85022
577341
481668
443209
394173
504059
727281
883934
512874
569962
409956
593945
605471
903040
877343
944083
65500
266840
223838
997352
73527
955427
902462
290125
964605
254438
182904
888120
318615
494092
230951
458933
423916
836849
301746
946929
439042
601865
174244
457237
936494
976336
747468
209063
917339
865618
414745
240614
917580
384338
414201
653636
950822
533649
608475
867760
528652
35391
877554
522626
540187
250390
794765
97609
47529
444642
34420
608877
387440
980005
309725
533112
170440
855019
111852
596234
212973
890606
884909
993158
667985
143465
512170
249947
540566
976147
277792
835510
668805
520320
201165
892954
607251
117418
578783
867200
865255
864059
986003
450232
116450
173599
489018
183461
934392
883335
811716
81628
649388
91826
539739
175705
209592
289631
174139
898401
160467
943896
82724
279859
281897
168443
378681
234623
459208
285054
642513
369623
876662
702115
106459
173269
918267
949162
255386
816733
459465
716322
892617
504877
561919
7222
254956
124727
280893
38753
685645
103572
559647
538228
329914
909432
512079
617057
788683
914377
79122
757042
511472
755068
583287
459487
258302
492503
413434
896371
136094
770250
428042
981833
125856
366507
731579
733674
21945
477251
8807
994398
414398
168498
55111
773718
44845
461929
442456
938853
482536
943035
996718
226203
218162
643779
937425
741995
323057
621347
282771
497061
544261
27262
715190
814035
290629
559460
352319
128190
233976
743174
869228
232545
553003
752192
689665
143501
222282
456356
682130
687320
858971
331641
829634
424303
343653
837768
598862
460682
510707
497267
533199
171292
864510
165937
329424
665744
371712
13295
821067
624896
123808
139932
484905
464488
841918
99367
483533
125335
713524
662634
909056
21219
326241
389962
525458
471924
836625
256318
475511
921981
219433
604005
425517
419062
497463
546910
113769
238949
166218
890250
259662
795788
296507
518530
540139
730965
673322
277585
167097
571353
95793
914294
78001
165586
225477
786291
623232
163213
67602
287885
758778
474432
926168
907197
149317
980769
622543
662014
757480
857954
925491
492060
882747
970746
643875
935393
265013
413706
410940
636727
936003
986863
372026
827540
685131
681855
437673
435939
610458
794628
373860
801467
681935
289718
832712
959935
885724
681104
549929
880053
870888
988564
943463
670542
986007
554004
806429
766432
870035
75430
800706
999480
737631
112225
905973
288759
920325
269738
59402
757239
605369
234478
911262
442547
453760
402597
340706
934798
133978
805641
516063
191214
863192
183662
697917
772017
594474
711829
101497
433172
753
592531
807653
513037
414582
656692
421412
929283
403059
333990
491001
297940
261088
105541
470053
238710
588171
464292
639655
152961
559346
94724
195511
621196
437802
570172
140920
881634
712109
467568
268006
730730
24445
33658
339139
383109
723654
997502
660625
11905
894003
60618
815598
573409
683850
271492
972792
977199
248581
604817
887868
645022
832452
703211
385892
185959
89267
992627
443115
459884
74003
299027
609803
691367
962468
963745
508665
698641
45623
359998
920634
578976
214370
130625
127492
229750
625551
510883
289140
992278
747556
784575
308311
682224
44835
76366
88935
214091
162081
350805
440131
652754
800121
521206
664150
709831
426903
439098
468054
868733
276
724805
260507
292136
225287
428762
848056
277926
55631
12832
366461
109619
127449
676157
913791
839708
529614
196786
114623
391757
360143
348567
506527
381183
999382
488356
325570
388526
811542
527594
752641
83856
930107
800108
317943
10506
469710
690167
13296
770031
996615
176961
254135
529913
918395
828058
392348
167899
248911
300148
605310
183960
960950
999807
640072
758954
523359
539299
376012
374281
720347
399659
353862
393451
707649
600764
429928
95366
995848
328850
201891
54387
834947
703818
610854
170798
340869
681317
318896
515801
150329
309857
723756
524374
10093
446616
52002
106547
797593
153627
633579
528932
543611
81107
252380
210542
468514
374997
682689
568333
561695
512382
34890
181429
888313
289848
77076
258792
925088
424991
925269
141445
37579
379859
923607
286571
588198
579244
448344
597489
890668
807156
437475
457429
439777
43189
708413
821415
177600
942147
137432
947879
994546
398852
893631
306323
234214
895163
931395
109616
163290
119476
408993
475886
622485
883642
500899
196484
42452
24780
907292
154509
105887
393788
90392
782951
576964
99631
873775
66671
605393
890510
704281
777015
231698
223159
233328
462782
559411
766821
290592
907240
876138
200206
332720
137652
785205
601548
930501
594218
834757
54553
267281
231611
295179
834817
175039
593880
420389
990287
865522
900769
904464
261775
785900
219703
984907
118779
310382
956279
246255
925531
290673
730249
508186
642144
753272
93744
780977
298990
180144
314549
621033
618920
500712
68775
406024
960924
73926
248312
44873
152879
706249
80320
689476
792920
676170
543103
350621
358769
465227
396147
544868
590425
205824
157764
372920
317419
104201
311275
307344
882409
175791
27782
584242
567808
113009
117530
214979
258135
20503
48120
426918
962368
4318
588048
344400
860897
557035
462428
825286
859762
374895
771582
846690
847292
499094
243116
629036
867162
953417
202067
449318
606052
99250
681101
808314
576425
999090
656231
465813
626773
843742
375221
926682
686705
636385
744240
259771
973347
242972
46440
557028
282931
348734
376640
207484
167133
740225
18097
943817
515322
969807
217558
839752
813628
495828
58658
293356
596390
287619
942671
978365
199422
779969
529665
700874
431370
736228
696212
140743
423782
363297
335090
338150
76135
526416
776169
707506
963500
544693
423180
332547
43929
805517
949211
672790
345980
961609
310139
315329
468611
498039
401411
741402
905568
946902
547228
214987
325691
180604
115382
839958
938790
702820
299295
860643
650288
7893
383387
403295
753036
419437
408780
319245
7208
893913
272323
569686
33117
838667
152776
116748
579407
923590
425366
231170
997826
761683
240754
92864
328356
185449
646773
129653
716135
727936
988539
905881
112057
483135
975598
491980
369467
292915
368045
849357
786645
758686
915179
743019
558336
953450
118122
553550
127250
769423
418188
33577
63954
316879
785549
197853
477032
202983
235317
950981
160876
443941
145304
499247
960295
357580
253827
283867
440999
481440
550029
924167
956661
198185
717793
675202
609173
391223
189030
53770
828955
441306
173287
690275
692259
839268
500881
682401
572397
861632
851627
569845
15453
596551
942149
857603
689969
139565
841647
925608
490691
2932
355818
351506
475267
538883
456520
525583
289477
115472
407778
920597
923813
47709
993451
513663
504088
743724
37171
396421
999939
443576
386840
714192
599891
312809
466401
788974
312749
309101
699571
870856
953647
713719
552089
796779
61624
580433
245535
76962
723740
614910
336006
588358
577809
574533
923536
33467
615905
739872
683977
530235
493522
888778
610805
290619
908485
760148
723488
503135
293928
164196
489557
925811
733683
727588
214336
263023
530080
686761
162905
51589
289060
440774
961595
312914
221966
175757
489817
656860
229674
346584
978610
896559
26745
746909
776467
915090
574331
242412
476292
363213
138051
271766
701736
978735
51436
258936
988978
911829
611846
960916
569143
843273
767587
240662
855056
383256
449516
382662
310184
565925
929776
955985
272695
222519
379896
769090
836556
955084
361747
917263
168282
853397
770774
214078
244907
794857
528766
492313
165027
118581
778796
719466
45827
454386
934402
770969
185338
325099
345495
245097
348444
260192
358067
429176
64969
666587
691539
533042
949619
760121
8177
227334
