1000
33678
424539
950119
421752
754194
968302
510939
218143
526864
493043
663157
732181
728880
772438
146559
395083
756423
985975
821070
631351
338183
563411
960497
196639
575742
305783
529749
756280
650796
227759
709444
354020
540794
359550
428374
854872
142295
147012
306549
644730
300760
736216
908547
498535
220238
106696
274275
233260
917258
627216
273907
940694
908331
694557
71384
16243
583905
817998
985140
226233
534619
786800
959783
779967
258504
948104
116922
288835
560785
100677
659303
839678
238054
885241
299658
598727
758365
827467
633529
44866
933554
172324
743958
621878
918745
869680
33223
209355
681280
201449
45053
754784
43385
127115
93313
556591
136488
856283
126303
739297
251566
564439
193242
965753
239822
895639
907598
966371
415271
747058
195970
976926
595019
197384
812502
335964
31096
42293
118396
463735
44624
319129
13249
118427
16049
32457
624950
355661
902653
290520
742248
794794
698386
685123
251000
261498
436066
520577
500972
131310
392566
206705
302161
560645
274837
188107
7427
29817
37412
475837
395934
173234
13069
894203
494866
862577
840117
432867
597039
165578
74092
930469
591949
656989
676417
339281
201583
376426
541056
700481
696814
665360
816191
72774
884871
272832
14395
988585
384705
447714
564296
565566
693548
177264
866844
88156
56469
660093
258460
923784
82548
160169
862369
556063
664113
803803
42165
340835
52197
418355
104652
258670
875597
272560
947545
729078
875190
631287
322204
332595
962352
933110
150938
877068
324462
141373
472515
754369
339965
164464
631550
309300
27697
889658
738231
458237
690315
508336
189473
241074
934609
306958
180114
135550
109139
785717
13328
296345
752924
785737
322614
615959
59553
78873
586656
83075
814232
278396
73029
279630
844000
17536
883100
859737
870478
102083
447327
718302
371312
163796
905445
322171
124935
514423
777186
446986
269318
622763
670434
318717
896252
591736
949002
872583
642608
450223
596760
744722
330156
942345
979295
487380
590935
838214
826548
356543
387622
198114
187221
679358
693883
765832
90488
555791
40297
758973
922482
118674
501859
379072
954273
392561
753670
694878
385834
468154
485428
932293
683724
485682
477397
786108
612050
452951
554629
154869
428451
222626
6494
5216
626772
957332
664151
712113
810887
554183
646692
144842
398135
936121
858993
990808
719455
411151
472115
673775
399125
575902
28170
336498
169347
679180
809386
194219
790723
964889
113855
162990
960742
643812
870058
499607
9089
499209
753792
912044
816982
841624
404402
994140
544512
596358
365642
149099
615584
648289
879915
797557
205911
737365
181350
882160
365016
681762
306815
75803
751206
90144
100219
851976
835139
779574
495086
768150
639763
28297
506947
651864
381569
241370
492366
907391
926299
688740
965690
463704
123856
915676
513090
721283
280153
987430
778266
328326
492942
456691
402238
845456
568946
957629
720923
274353
557608
129403
630408
948263
927436
617706
343956
801884
375801
446693
521775
653546
128721
878083
993347
244811
565627
278047
996217
13692
445890
471014
691432
846842
190677
105023
4684
744544
271002
674814
665662
259942
282760
685868
52401
877889
878859
703908
281262
234624
162142
460704
680001
225386
322161
12086
470136
310175
722531
175885
339792
571429
236693
291798
714339
475729
430193
396615
233485
399901
846631
234785
788766
701562
478240
75345
723512
728751
652100
204347
636970
936122
738394
21750
711396
831620
104048
907756
894932
953372
56206
177067
605109
527805
269000
524035
697858
448910
625133
174268
261192
217781
995889
31974
139788
800882
11606
982496
898132
419154
174457
479604
106618
825607
458141
266228
422625
438613
962091
87213
784784
431821
91247
258392
840859
695678
222905
934848
964585
730905
162282
773100
750384
291601
287348
42786
542177
3801
78041
552336
307677
286896
712598
164144
506329
783194
794271
107344
576756
222076
726972
635741
380369
308439
938572
393231
250091
492934
71998
96590
681042
779005
647738
658472
231220
718922
277814
53708
273442
101305
365366
267002
178229
177919
897270
830435
222414
343541
550695
526552
825534
621024
417776
658541
117446
478807
852849
646657
687197
994742
909836
548267
838895
829038
421669
310618
703811
388896
147295
416096
953784
243852
233813
225627
635146
270486
863365
860252
327237
869328
96794
474009
461328
42404
329673
795502
642293
604861
742952
919157
162876
558945
404428
605809
254388
365342
153163
307358
670954
300617
272979
232128
63442
57391
301214
301778
255842
715562
786996
285780
76994
514109
379530
577427
142552
504753
105991
282035
170110
3501
605490
394637
500384
883779
404675
497332
553368
107362
238220
381445
444450
583982
103386
950872
48583
123237
735300
632204
100952
543086
110610
699977
611353
155341
847403
651940
16451
125898
712533
203187
142997
28227
754521
304365
545963
475312
419175
285552
936823
32205
455112
161657
687644
856899
196931
857407
387765
866101
342869
644370
434654
716564
799034
646149
428228
887842
231384
323470
882737
722257
10753
79350
103657
152819
424834
699987
830926
635286
994742
172881
386558
141646
900519
585994
646274
598777
243247
835059
379299
873687
400111
903227
148417
854505
129531
297603
652663
657132
602206
931462
527431
388981
397495
465632
178395
392564
304897
484042
435996
278179
115222
722937
944907
569857
433743
81657
418904
819391
553800
55048
802139
580618
671669
791887
235016
606395
941218
960630
143627
354220
245292
429170
214903
420357
25430
230596
796286
200809
932012
186081
660744
105888
989069
683787
766387
920972
953958
334100
98896
748693
106033
336414
253364
53007
486544
387817
827158
141415
941454
330167
50457
567152
453525
930354
299014
748910
178255
444102
379476
504798
697426
862804
485305
928409
463065
935496
610668
437759
584922
515070
446168
346901
38405
129725
49822
340158
969833
251933
52313
608045
369132
630885
566063
84346
590790
214364
949156
98764
47521
720849
903887
361888
180963
64714
687365
643012
315525
128457
647318
463148
552992
595406
224146
583859
971849
384440
386558
778293
491488
54603
452652
876947
83546
360498
699558
924026
390622
825179
398468
618769
936738
892151
867088
940442
56312
769449
42374
197983
211785
555879
410610
280614
50432
705857
601228
650055
203234
555829
488030
976309
214904
541581
187097
360336
117770
807233
648474
656818
143341
21698
609093
171741
593574
885103
741989
256213
464056
446987
749501
958044
754906
635511
799933
164659
345767
348726
247679
392985
843437
614215
789991
969310
836970
292891
956530
458732
594018
672453
794533
816734
804843
87065
637141
408058
836239
556186
857273
30205
610572
191448
282066
937757
847403
470612
473998
63658
246440
760767
934894
249396
39669
169101
312742
516576
970832
711526
901922
767073
162077
734294
274681
157803
149037
128372
276706
267832
264965
647691
175521
347064
679978
823810
110752
680759
204711
506236
687818
563121
236647
839869
974210
727588
204797
213055
288954
68756
579343
476832
481223
519370
260979
116234
515504
906929
776473
35975
361115
666117
