100
307319
47646
197139
853998
543707
451289
241018
235403
168753
250503
927028
733823
573422
664450
353847
586467
871084
110725
25146
901104
292780
287109
739360
320588
557013
659708
980009
946747
944892
301634
9043
15269
540953
556728
720008
481340
149162
542021
213870
786787
410738
368589
763089
37129
30034
303986
183777
813889
874638
525691
901598
518812
494917
219105
258460
839145
107302
465635
681547
978295
31617
646717
666228
413913
331494
327643
658882
838650
606787
801254
929404
817061
966019
295185
212516
912898
114847
638291
685517
983212
119143
25661
757661
198432
779263
465283
759049
133042
812549
176645
274669
430687
39118
558969
683853
103690
773947
588333
920060
590106
