100
1402
6148
12871
20290
20514
47482
49183
54099
75878
76036
80685
80802
82229
107167
126622
127213
130660
138926
146621
157650
166336
182376
202268
203198
204526
238930
257234
257397
258358
266119
268150
271116
283967
285602
288463
299508
302136
305925
314138
346234
350684
353897
364582
382430
383121
426034
443948
452688
471366
489609
492292
500318
502735
533313
535682
551949
565812
570536
598986
627392
655273
666532
675830
697392
710252
726683
729474
730600
743377
744512
746005
773648
774963
775862
787634
788533
794148
795913
810460
812115
813773
833241
846024
851827
860744
865156
865699
871158
878146
889105
894055
904877
937187
942871
970015
984883
990491
994790
995777
996862
