10000
37
47
100
182
275
507
618
689
746
755
807
846
899
1140
1466
1513
1684
1732
1806
2062
2198
2200
2484
2624
2740
3131
3206
3259
3292
3419
3549
3561
3684
3853
3860
4003
4123
4308
4378
4694
4736
4755
4769
4798
4965
5097
5155
5195
5392
5456
5493
5632
5816
6017
6188
6197
6198
6301
6331
6348
6422
6445
6570
6727
6842
6857
6924
7098
7420
7759
7766
7810
7850
7854
7941
8042
8075
8122
8242
8269
8361
8389
8533
8826
9096
9147
9283
9573
9663
9859
9880
9886
10044
10207
10294
10434
10438
10621
10771
11152
11169
11284
11289
11336
11371
11412
11482
11571
11764
11832
11851
11883
11891
11986
12067
12122
12126
12133
12167
12278
12295
12361
12512
12530
12536
12842
12945
13012
13044
13234
13247
13313
13466
13484
13539
13618
13690
13693
13950
13976
14081
14635
14765
14932
15024
15139
15365
15528
15590
15619
15911
16078
16142
16219
16251
16380
16503
16768
16820
16893
16956
17000
17045
17276
17345
17363
17702
17948
17955
17996
18089
18143
18184
18282
18343
18525
18533
18544
18596
18698
18847
18878
18909
19012
19128
19134
19167
19266
19325
19364
19379
19408
19682
19782
19845
19984
20076
20173
20246
20296
20443
20498
20548
21023
21139
21226
21663
21805
21820
22135
22144
22442
22616
22757
22885
22895
23088
23150
23162
23174
23199
23290
23330
23412
23534
23622
23652
23719
23724
23843
23917
23982
24012
24113
24120
24158
24239
24353
24475
24535
24584
24630
24668
24701
24745
24877
25159
25179
25275
25337
25373
25405
25555
25590
25595
25664
25739
25787
25803
25945
26077
26121
26479
26666
26957
26958
27058
27309
27628
27802
27893
28326
28458
28893
28941
29194
29217
29269
29283
29374
29384
29486
29613
29651
30015
30025
30710
30779
30850
30877
31144
31310
31316
31422
31508
31527
31545
31662
31665
31719
31729
31855
31868
32031
32069
32086
32129
32179
32217
32513
32598
32601
32610
32906
32960
33192
33258
33293
33403
33754
33902
33939
34214
34261
34424
34709
34806
34875
34930
35144
35361
35406
35410
35547
35723
35907
36126
36183
36235
36415
36422
36467
36761
36779
36964
37007
37056
37133
37166
37216
37441
37486
37555
37690
37698
37733
38049
38096
38110
38175
38213
38467
38832
38895
38938
39113
39184
39197
39375
39574
40130
40382
40431
40450
40506
40539
40556
41214
41267
41315
41356
41561
41812
41835
42018
42089
42224
42465
42721
42729
42802
42875
42934
43096
43141
43142
43665
43674
43682
43939
43981
44126
44157
44240
44279
44315
44342
44350
44553
44605
44768
44785
44827
45250
45513
45555
45632
45673
45719
45740
46047
46070
46164
46383
46558
46572
46651
46704
46914
46915
47194
47214
47263
47272
47288
47600
47734
47819
48067
48170
48212
48246
48294
48339
48447
48526
48816
48826
48940
48950
49178
49179
49277
49494
49540
49591
49655
50094
50123
50237
50268
50636
50652
50699
50748
51016
51170
51261
51347
51413
51448
51472
51582
51677
51723
51798
51850
52093
52097
52442
52549
52568
52634
52764
52838
52883
52920
52998
53134
53300
53457
53483
53489
53503
53648
53715
53898
54000
54188
54243
54244
54380
54430
54480
54939
54986
55325
55363
55401
55541
55609
55818
55888
55953
56114
56238
56350
56393
56412
56419
56424
56425
56495
56529
56609
56740
56803
56952
57003
57010
57278
57331
57331
57702
57725
57730
57762
57887
57931
57935
57983
58046
58139
58142
58391
58428
58475
58516
58549
58625
58710
59165
59301
59387
59402
59454
59460
59608
59684
59822
59910
60055
60177
60582
60677
60739
60836
60866
60882
61088
61190
61582
61628
61670
61843
61928
62033
62172
62184
62275
62401
62535
62628
62635
62643
62719
62732
62733
62735
62740
62765
62892
62925
63012
63082
63170
63183
63184
63227
63354
63639
63653
63683
63684
63763
64025
64049
64055
64066
64120
64153
64157
64174
64300
64610
64721
64740
64809
65012
65121
65208
65432
65440
65442
65585
65799
65895
65924
66006
66069
66320
66368
66401
66632
66760
66834
66946
67055
67484
67620
67647
67796
67956
67995
68018
68084
68178
68254
68262
68373
68683
68737
68871
68893
69001
69030
69040
69082
69228
69713
69725
69772
69780
69786
69787
69844
70033
70062
70185
70223
70565
70694
70768
70822
70908
70941
71013
71232
71250
71321
71468
71575
71612
71774
72197
72218
72258
72312
72344
72506
72593
72625
72627
72719
72883
73034
73059
73156
73414
73444
73827
73920
73932
74003
74271
74288
74373
74544
74644
74684
74894
74913
74946
75034
75084
75114
75125
75378
75459
75527
75544
75607
75669
75713
75727
75877
76417
76446
76447
76490
76494
76514
76551
76615
76640
76645
76690
76770
76843
76907
76973
77156
77191
77616
77729
77807
77825
78018
78032
78065
78200
78263
78382
78547
78617
78653
78720
78751
78867
78937
79002
79191
79222
79273
79292
79366
79459
79470
79509
79529
79678
79690
79749
79797
79846
80465
80540
80544
80790
80802
80849
80876
81010
81065
81207
81410
81542
81592
81828
81980
82000
82298
82339
82423
82430
82492
82511
82554
82680
82687
82897
82929
82971
82996
83043
83343
83523
83715
83910
84081
84285
84307
84421
84526
84732
85022
85048
85075
85128
85207
85240
85298
85792
85797
85887
85890
85944
85957
85959
85968
86099
86248
86319
86508
86542
86576
86801
87096
87120
87813
87859
87868
87911
88178
88443
88539
88572
88582
88613
88708
88770
88785
88842
88984
89002
89082
89246
89497
89510
89525
89554
89846
89979
89996
90046
90583
90591
90703
90840
90914
90996
91523
91596
91634
91682
91731
91833
91953
92152
92362
92621
92898
93145
93375
93412
93445
93681
93726
93779
94221
94342
94576
94602
94635
94707
94857
95004
95017
95037
95071
95134
95379
95516
95528
95637
95689
95944
96039
96152
96155
96253
96413
96686
96909
96963
97003
97072
97236
97272
97314
97320
97402
97420
97460
97959
98151
98161
98243
98270
98447
98518
98597
98675
98704
98846
98980
99042
99448
99494
99539
99568
99781
100237
100708
100910
100928
100959
101047
101077
101112
101123
101534
101629
101664
101799
102016
102073
102213
102319
102428
102566
102594
102605
102640
102725
102752
102811
102848
102917
102935
102938
103122
103206
103271
103363
103943
103961
103991
104035
104209
104229
104333
104544
104693
104802
104966
105044
105050
105088
105177
105215
105305
105408
105431
105513
105880
106025
106137
106297
106301
106488
106524
106685
106726
106842
107015
107191
107207
107287
107290
107500
107536
107536
107774
107870
107877
107934
108050
108220
108499
108510
108577
108588
108897
109029
109191
109214
109594
109667
109879
109953
110008
110157
110319
110540
110632
110668
110691
110708
110738
111282
111661
111758
111774
111989
112095
112255
112473
112537
112640
112749
112755
112788
112909
112925
113021
113198
113254
113308
113322
113460
113684
113741
113749
113859
113928
114148
114206
114309
114413
114464
114775
114862
114948
115138
115152
115157
115157
115254
115270
115274
115376
115837
115865
115880
116033
116033
116138
116249
116358
116529
116560
116661
116896
116898
116991
116996
117060
117064
117162
117291
117294
117371
117452
117510
117534
117646
117771
117834
117905
117915
118031
118089
118093
118101
118158
118293
118344
118372
118481
118519
118519
118573
118584
118729
118774
118819
118872
119069
119207
119322
119506
119566
119616
119681
119694
119714
119719
119777
120058
120162
120293
120340
120629
120670
120687
120892
120905
120927
121277
121349
121507
121577
121647
121795
121944
121954
122001
122071
122210
122359
122378
122518
122750
122851
122893
122902
122968
122981
123162
123238
123407
123426
123760
123841
123902
124061
124240
124287
124324
124474
124605
124899
124922
125081
125142
125157
125262
125326
125556
125593
125608
125718
125744
125767
126367
126376
126398
126408
126502
126603
126623
126634
126677
126736
126811
127417
127666
127714
127739
127815
127820
127904
127926
127999
128100
128123
128130
128159
128273
128386
128456
128624
128675
128942
128984
128997
129016
129076
129116
129508
129664
129900
129937
130038
130058
130152
130165
130212
130410
130522
130570
130582
130622
130626
130661
130780
130807
130830
130859
130900
131061
131174
131249
131268
131314
131899
131963
132005
132214
132243
132327
132371
132432
132590
132664
132699
132895
132897
132983
133025
133040
133189
133259
133281
133338
133442
133726
133769
133835
133841
133877
133894
133967
134087
134663
134663
134776
134780
134848
134995
135099
135208
135304
135369
135387
135574
135663
135702
135716
136017
136030
136087
136127
136300
136629
136669
136708
136850
136890
137053
137099
137127
137222
137275
137542
137616
137622
137629
137680
137704
137853
137856
138016
138018
138235
138258
138380
138401
138409
138502
138576
138740
138764
138849
139011
139057
139064
139170
139181
139200
139297
139473
139477
139520
139523
139989
140057
140085
140296
140302
140423
140432
140537
140862
141068
141118
141128
141145
141195
141216
141656
141694
141704
141810
141854
141919
142063
142098
142149
142151
142247
142305
142371
142439
142495
142531
142569
142639
142665
142725
142795
142807
143061
143237
143423
143633
143745
143892
143911
144035
144064
144100
144170
144298
144304
144638
144683
144702
144785
144804
144828
144926
144940
145145
145152
145239
145261
145339
145422
145461
145464
145705
145771
145801
145916
145960
145979
146019
146185
146190
146527
146626
146862
146945
146972
147109
147112
147141
147182
147468
147567
147685
148080
148125
148191
148199
148331
148446
148474
148598
148599
148619
148653
148823
149066
149201
149225
149369
149563
149706
149800
149831
149862
149865
150227
150264
150434
150712
150775
151046
151403
151416
151417
151678
151732
151780
151840
151910
152025
152069
152293
152410
152418
152452
152454
152636
152727
152815
152841
153227
153290
153344
153382
153393
153469
153515
153517
153647
154094
154138
154160
154169
154363
154433
154558
154603
154662
154844
155165
155177
155413
155500
155744
155757
155913
155958
156014
156138
156306
156430
156436
156644
156789
157040
157059
157112
157120
157346
157412
157486
157499
157556
157619
157624
157815
157882
157924
158274
158322
158568
158596
158734
158990
159076
159132
159165
159185
159441
159574
159605
159659
159845
159940
159960
159985
160069
160158
160186
160300
160580
160663
160765
160781
160821
160949
161075
161551
161707
161811
161812
161929
162037
162165
162175
162261
162278
162414
162636
162788
162794
162881
162894
162992
163128
163180
163251
163372
163424
163449
163460
163488
163514
163720
163890
164057
164069
164085
164169
164294
164472
164565
164649
164670
164687
164810
164894
164915
165006
165021
165076
165092
165351
165375
165480
165509
165583
165880
165976
166262
166265
166309
166451
166462
166604
166748
166785
166979
166987
167108
167252
167303
167430
167441
167448
167832
167834
168046
168084
168180
168244
168373
168417
168462
168511
168532
168564
168738
168743
168869
168901
168931
168979
169201
169229
169284
169410
169415
169446
169486
169614
169631
169689
169731
169776
169870
169938
170004
170005
170042
170256
170499
170589
170650
170668
170842
171364
171498
171606
171737
171747
171770
171792
171867
172184
172359
172392
172478
172709
172787
172978
173125
173148
173266
173410
173484
173523
173571
173572
173706
173775
173894
173989
174041
174119
174397
174458
174624
174671
174946
174946
174950
175085
175198
175266
175295
175484
175526
175528
175647
175723
175839
175937
176065
176176
176266
176466
176497
176509
176539
176668
176670
176776
176901
176975
177036
177111
177226
177454
177560
177739
177985
178159
178282
178400
178511
178749
178793
179022
179063
179075
179206
179320
179339
179353
179609
179656
179736
179738
179850
179880
180040
180057
180092
180125
180326
180328
180351
180370
180676
180785
180798
180861
180910
181021
181078
181081
181162
181401
181505
181679
181687
181745
181850
181850
181912
181916
181952
181963
182032
182288
182391
182494
182607
182644
182760
182770
182793
182909
183033
183141
183239
183425
183438
183496
183502
183520
183560
183566
183627
183645
183689
183849
183854
183909
184278
184651
184681
184919
184968
184991
185061
185109
185246
185318
185358
185478
185850
185928
185977
185979
186008
186081
186096
186154
186298
186436
186643
186668
186678
186738
186774
186965
187007
187069
187130
187192
187298
187299
187315
187328
187576
187585
187698
187740
187907
188007
188071
188105
188384
188395
188560
188562
188647
188704
188773
188834
188854
188948
189132
189494
189611
189745
189800
189857
190024
190085
190143
190534
190793
190824
190835
190988
190995
191027
191158
191258
191263
191360
191393
191840
192011
192012
192013
192027
192150
192579
192829
192877
192956
192974
193009
193078
193283
193288
193319
193439
193525
193540
193676
193700
194024
194053
194185
194285
194348
194362
194505
194522
194527
194661
194692
194734
195057
195570
195828
195913
196032
196112
196350
196489
196588
196590
196727
196770
196817
196826
196905
196963
197120
197172
197196
197476
197834
197975
198041
198055
198202
198359
198368
198546
198618
198649
198707
198898
199018
199021
199064
199182
199250
199339
199359
199381
199435
199468
199641
199647
199684
199741
200128
200193
200202
200289
200299
200345
200419
200435
200469
200481
200549
200699
200704
200823
200869
200997
201106
201114
201306
201370
201375
201413
201797
201807
201815
201852
201965
202059
202131
202281
202342
202556
202588
202593
202607
202757
202791
202895
202904
202932
203031
203046
203082
203241
203448
203676
203828
204195
204204
204335
204402
204442
204493
204515
204818
205025
205063
205068
205238
205459
205711
205879
205986
206014
206262
206371
206402
206575
206629
206686
206716
206835
206959
207140
207432
207467
207586
207594
207749
207756
207932
207953
208099
208105
208379
208754
208943
209120
209230
209284
209394
209405
209428
209605
209623
209945
210193
210219
210229
210336
210369
210503
210674
210728
210860
210920
210924
210986
211122
211252
211257
211424
211486
211516
211565
211575
211668
211681
211741
211771
211811
211836
211872
211915
212211
212303
212423
212847
212899
212942
213018
213526
213752
213801
213930
213992
214057
214080
214136
214458
214601
214670
214930
215404
215647
215707
215722
216033
216104
216155
216180
216321
216387
216441
216470
216518
216526
216579
216677
216834
216879
216882
216952
216983
217054
217204
217277
217355
217464
217494
217565
217629
217818
217928
218006
218014
218043
218172
218198
218267
218353
218659
218817
219144
219283
219298
219302
219505
219548
219626
219805
220030
220126
220191
220208
220240
220260
220481
220701
220925
221001
221084
221109
221148
221390
221464
221587
221673
221702
221765
221805
221818
221907
222139
222213
222410
222510
222592
222816
222928
222953
223028
223036
223066
223090
223171
223543
223553
223621
223764
223999
224118
224132
224304
224422
224639
224648
224748
224752
224905
224920
224972
224978
224998
225369
225409
225682
225846
225966
226048
226421
226540
226551
226841
226879
226880
226911
226935
227229
227285
227350
227664
227674
227702
227954
227977
228328
228429
228506
228534
228621
228663
228668
228704
229008
229113
229115
229135
229177
229225
229235
229424
229492
229657
229749
229891
229909
230003
230072
230210
230290
230388
230581
230600
230882
230887
230959
230966
231051
231066
231174
231405
231494
231554
232004
232034
232069
232156
232168
232247
232396
232400
232473
232536
232609
232694
232721
232748
233122
233208
233421
233516
233786
233924
234365
234462
234509
234693
234743
234901
234930
234983
234991
235038
235053
235087
235338
235418
235585
235637
235681
236166
236172
236351
236510
236517
236578
236647
236675
236676
236818
236821
236980
237180
237226
237499
237513
237518
237659
237833
237856
237927
237958
238232
238281
238673
238741
238941
239025
239030
239069
239172
239243
239259
239278
239492
239493
239555
239604
239632
239676
239789
239952
240117
240195
240200
240291
240295
240378
240407
240497
240514
240613
241097
241102
241166
241708
241733
241758
241804
241887
242020
242028
242074
242341
242423
242476
242527
242538
242937
242955
243262
243267
243344
243498
243606
243636
243643
243703
243848
243864
243963
244008
244181
244261
244345
244655
244660
244827
244843
244854
245114
245200
245314
245371
245408
245508
245606
245673
245756
245787
245950
245994
246001
246169
246231
246275
246370
246543
246614
246618
246633
246878
246936
247028
247520
247630
247798
247886
247923
247977
248097
248155
248163
248214
248520
248660
248707
249146
249292
249383
249477
249522
249526
249759
249791
249801
250040
250355
250473
250541
250632
250699
250709
250899
250908
250971
251046
251089
251260
251329
251344
251379
251498
251532
251630
251798
251899
251990
252089
252235
252338
252501
252511
252562
253196
253297
253462
253558
253581
253593
253798
253912
254227
254289
254313
254394
254454
254745
254781
254830
254856
254879
255091
255096
255274
255279
255357
255374
255577
255726
255790
255862
255921
255949
256192
256368
256424
256635
256766
256867
256889
257046
257261
257290
257394
257439
257454
257537
257611
257730
257971
258024
258129
258362
258368
258676
258764
258849
259329
259418
259494
259595
259960
260012
260386
260563
260918
260962
260993
260997
261116
261297
261300
261459
261507
261995
262116
262124
262236
262319
262530
262975
263005
263059
263126
263169
263180
263192
263266
263474
263498
263595
263652
263766
263863
263873
264177
264252
264273
264279
264285
264667
264730
264943
264974
264998
265074
265101
265174
265290
265290
265370
265453
265454
265465
265480
265630
265661
265791
265864
265951
266313
266356
266473
266575
266736
266750
266899
266996
266998
267111
267300
267390
267526
267858
267933
267935
267979
268002
268325
268375
268392
268722
268742
268807
268812
268971
269056
269152
269166
269367
269405
269408
269435
269535
269574
269698
269750
269925
269930
270002
270099
270182
270447
270514
270539
270748
270901
271096
271151
271152
271223
271228
271278
271361
271399
271421
271558
271641
271830
272007
272038
272127
272143
272219
272225
272267
272270
272419
272506
272563
272805
272832
272928
272955
273057
273174
273492
273573
273585
273649
273723
273760
273977
274042
274084
274219
274227
274437
274458
274575
274616
274645
274751
274769
274908
274967
274984
275040
275270
275321
275520
275645
275695
275713
275753
275967
276110
276144
276159
276170
276205
276278
276286
276290
276293
276307
276530
276539
276564
276574
276641
276729
276831
276938
277062
277390
277557
277877
277917
277941
278076
278204
278212
278265
278524
278524
278574
278579
278626
278777
278821
278826
278829
278885
278931
279055
279056
279062
279120
279425
279590
279657
279713
279941
280006
280171
280225
280235
280470
280746
280762
280822
280823
280911
281100
281241
281294
281494
281540
281555
281641
281717
281788
281816
281856
281933
282222
282363
282373
282387
282443
282466
282507
282520
282771
282796
283161
283175
283187
283256
283735
283869
283871
283982
284000
284008
284153
284232
284336
284466
284872
284949
285112
285481
285532
285710
285787
285901
285926
285957
285964
286155
286164
286184
286338
286343
286356
286456
286459
286513
286536
286653
286788
286999
287122
287335
287395
287825
288160
288338
288450
288522
288851
289087
289132
289513
289617
289632
289713
289719
289823
289986
290073
290102
290437
290450
290582
290674
290703
290857
290916
290920
290978
291085
291187
291206
291421
291613
291634
291638
291716
291734
292104
292295
292316
292392
292424
292510
292528
292573
292891
292896
292932
292998
293351
293384
293504
293539
293688
293699
293815
293854
293896
294034
294034
294070
294219
294347
294675
295029
295300
295370
295394
295582
295642
295657
295790
295803
296109
296129
296244
296385
296457
296544
296581
296594
296986
297028
297098
297175
297432
297564
297823
297835
297893
298048
298084
298256
298263
298321
298524
298614
298670
298878
298906
298945
298950
298975
299228
299248
299287
299373
299506
299580
299655
299799
299846
299994
300115
300146
300303
300383
300444
300449
300453
300590
300708
300757
301181
301218
301308
301366
301628
301794
301867
302005
302056
302073
302118
302119
302139
302214
302248
302509
302534
302548
302668
302811
302871
303109
303137
303341
303432
303571
303777
303806
303827
304073
304082
304092
304251
304433
304590
304886
304906
305221
305296
305437
305463
305557
305784
306054
306164
306326
306562
306588
306670
306697
306787
306829
306839
306976
307051
307063
307067
307078
307129
307248
307318
307395
307524
307763
307778
307788
307903
307959
307997
308050
308122
308199
308379
308445
308455
308462
308583
308829
309217
309224
309283
309335
309380
309452
309716
309751
309863
309927
309983
309987
310117
310157
310202
310408
310784
310836
310845
310861
310928
311012
311040
311051
311358
311552
311568
311592
311600
311662
311773
311906
312028
312082
312184
312220
312229
312244
312381
312465
312496
312723
312726
312750
312863
312962
313086
313135
313209
313238
313325
313343
313349
313520
313658
313749
313942
313962
314042
314108
314109
314118
314128
314340
314395
314399
314632
314901
314992
315087
315096
315447
315512
315616
315841
316094
316133
316177
316209
316303
316305
316311
316313
316358
316412
316475
316489
316511
316632
316648
316677
317257
317585
317591
317624
317648
317678
317737
317819
317824
317993
318423
318606
318713
318936
319016
319118
319168
319264
319407
319535
319557
319572
319582
319720
319797
319817
319942
319958
320011
320333
320345
320350
320370
320402
320428
320433
320462
320502
320848
320917
320940
320985
321260
321300
321301
321306
321685
321774
321968
321970
321997
322371
322432
322448
322666
322852
322856
322911
322914
322916
323073
323151
323176
323195
323487
323518
323527
323583
323722
323885
323911
323984
324081
324122
324216
324340
324344
324391
324395
324402
324519
324542
324567
324805
324860
325009
325011
325061
325292
325307
325477
325502
325710
325786
325787
325842
325890
325942
326099
326381
326480
326687
326807
326887
326902
326978
327081
327229
327259
327282
327366
327489
327769
327959
328007
328137
328349
328434
328490
328537
328578
328617
329065
329071
329097
329099
329159
329288
329289
329356
329540
329783
329898
329923
329973
330008
330024
330057
330226
330232
330283
330495
330898
331098
331366
331588
331691
331989
332108
332213
332225
332228
332280
332401
332459
332565
332721
332786
332804
332829
332857
332881
332911
333198
333257
333268
333369
333383
333521
333985
334051
334190
334234
334337
334382
334571
334588
334627
334656
334668
334705
334812
335102
335298
335513
335605
335786
335995
336039
336059
336211
336271
336284
336407
336456
336531
336532
336900
337015
337174
337212
337237
337370
337518
337560
337605
337691
337791
337916
338069
338089
338324
338588
338803
338815
338832
338895
339315
339497
339658
339769
339780
339801
339900
339956
339977
340021
340036
340050
340141
340152
340368
340436
340457
340548
340588
340661
340796
340800
340808
340808
341077
341132
341139
341158
341218
341227
341321
341430
341441
341506
341575
341778
342284
342330
342413
342443
342679
342742
342784
343061
343173
343286
343483
343646
343810
343866
344006
344055
344303
344394
344417
344492
344655
344678
344860
344862
344944
344946
345046
345083
345296
345301
345472
345627
345688
345701
345829
345921
345940
345977
345995
346170
346665
346767
346819
346877
346939
347137
347152
347158
347178
347277
347449
347539
348042
348110
348232
348243
348292
348347
348394
348522
348532
348593
348868
349185
349214
349218
349286
349447
349508
349619
349885
349931
350208
350214
350291
350294
350390
350597
350622
350629
350724
350834
351049
351217
351499
351652
351669
351675
351676
351677
351715
351932
352068
352387
352445
352447
352697
352847
352907
353009
353032
353228
353243
353244
353257
353359
353451
353473
353507
353544
353591
353725
354015
354030
354035
354043
354275
354325
354372
354523
354644
354699
355117
355136
355163
355240
355290
355320
355346
355369
355408
355503
355544
355631
355814
355822
355852
355965
356166
356292
356316
356349
356420
356475
356595
356740
356970
356997
357095
357212
357362
357495
357519
357524
357645
357730
357841
358069
358141
358472
358542
358596
358603
358955
359009
359110
359137
359301
359307
359334
359440
359443
359670
359736
359852
359952
359958
359990
360012
360054
360061
360071
360095
360241
360309
360370
360547
360624
360901
360911
361042
361056
361077
361144
361305
361329
361517
361784
362006
362031
362065
362206
362215
362216
362507
362544
362803
362825
362931
363065
363134
363197
363312
363424
363558
363578
363633
363829
363920
363935
364151
364197
364238
364346
364347
364355
364503
364561
364715
364777
364926
364965
365121
365345
365602
365630
365763
365794
365861
365864
365871
366045
366070
366248
366291
366565
366897
366944
366985
366987
366991
367170
367196
367267
367306
367425
367480
367524
367574
367616
367790
367998
368035
368056
368094
368229
368231
368246
368395
368455
368468
368590
368637
368637
368675
368740
368773
368775
368885
368985
369044
369104
369202
369382
369400
369402
369527
369531
369537
369572
369607
369646
369784
369913
369974
370043
370354
370489
370943
371074
371225
371289
371478
371692
371729
371790
371878
371950
372066
372070
372210
372406
372543
372646
372682
372703
372704
372729
372945
372949
372954
373028
373176
373267
373289
373416
373576
373664
373886
373963
373992
374053
374155
374221
374378
374763
374871
374936
374980
375070
375129
375146
375255
375309
375481
375558
375587
375606
375829
375906
375980
376077
376092
376111
376124
376144
376242
376424
376543
376724
376878
377036
377135
377180
377318
377378
377490
377499
377501
377514
377701
377808
377928
377942
377959
378117
378119
378294
378421
378451
378713
378936
379044
379166
379217
379297
379435
379546
379703
379843
379847
379872
380033
380162
380306
380514
380557
380629
380666
380752
380801
380823
381008
381251
381418
381465
381477
381507
381730
381807
381822
381938
381975
382084
382119
382288
382323
382487
382537
382655
382754
382780
382868
382879
383051
383058
383127
383194
383230
383267
383282
383731
383775
383875
384074
384154
384205
384231
384422
384679
384744
384775
384926
384999
385144
385155
385183
385232
385507
385534
385560
385767
385870
385874
385971
386012
386023
386186
386209
386287
386469
386737
386739
386792
386889
386947
387005
387005
387080
387294
387359
387408
387492
387642
387766
387826
387863
387920
387973
388278
388341
388355
388476
388888
388974
389157
389158
389247
389438
389525
389532
389532
389587
389662
389744
389871
390179
390249
390287
390535
390540
390571
390599
390625
390638
390655
390892
391075
391108
391201
391203
391861
391931
391981
392124
392350
392470
392492
392564
392614
392972
393044
393304
393404
393457
393572
393607
393745
393808
393825
393921
394216
394258
394300
394413
394503
394528
394574
394635
394755
394892
394978
395033
395071
395085
395400
395473
395790
395899
395957
396257
396258
396385
396607
396629
396807
396916
396937
397278
397484
397589
397607
397627
397649
397704
398185
398321
398326
398430
398533
398580
398639
398739
398779
398812
398934
398934
398955
398963
399065
399216
399230
399266
399384
399476
399735
399867
399949
399997
400039
400114
400247
400280
400286
400364
400408
400459
400477
400553
400555
400642
400702
401323
401418
401628
401828
402041
402171
402212
402385
402534
402543
402583
402710
402741
402803
402930
402989
402992
403003
403007
403230
403342
403359
403364
403811
403816
404151
404157
404170
404353
404431
404558
404631
404737
404782
404792
404864
405009
405108
405303
405430
405495
405536
405563
405678
405776
406077
406180
406236
406351
406446
406655
406658
406676
406794
406824
406839
406940
407165
407259
407403
407532
407566
407582
407718
407883
407983
408021
408224
408290
408317
408323
408379
408609
408891
408977
409022
409353
409445
409604
409671
409743
409778
409810
409850
409949
410006
410087
410211
410248
410285
410327
410336
410341
410409
410692
410737
410811
411120
411190
411218
411415
411432
411466
411619
411630
411856
411889
411928
412094
412125
412137
412315
412379
412627
412852
412857
413186
413221
413245
413275
413301
413348
413574
413575
413647
413739
413831
413835
413916
414110
414231
414296
414318
414401
414529
414604
414640
414788
414812
414868
414929
415036
415053
415100
415235
415239
415243
415288
415342
415351
415376
415534
415575
415583
415862
415951
416044
416122
416158
416262
416508
416619
416787
416951
416985
417028
417178
417313
417375
417407
417410
417474
417501
417512
417564
417622
417622
417749
417789
417896
418035
418095
418146
418230
418337
418422
418548
418678
418847
418888
419026
419074
419133
419163
419186
419441
419470
419476
419847
419849
419945
420136
420171
420189
420248
420271
420581
420683
420693
420731
420806
420832
420915
420974
421005
421141
421223
421226
421700
421785
421812
421877
421894
421997
422236
422303
422313
422365
422536
422691
422808
422862
422956
423175
423224
423230
423372
423417
423557
423689
423737
423820
423865
423919
423950
424276
424342
424348
424350
424654
424870
424907
424981
425093
425221
425238
425515
425591
425732
425754
425759
425802
426155
426200
426221
426440
426451
426467
426574
426612
426721
426725
426807
426838
427046
427076
427390
427440
427592
427961
428107
428210
428228
428304
428332
428432
428744
429039
429040
429066
429155
429196
429304
429330
429386
429560
429577
429589
429823
429910
430165
430285
430436
430485
430505
430765
430868
430921
430923
430937
431004
431087
431160
431187
431281
431319
431323
431353
431353
431563
431700
431756
431810
432143
432188
432202
432280
432410
432422
432431
432431
432856
432911
433100
433356
433714
433714
433790
433820
434015
434024
434031
434185
434305
434407
434437
434639
434664
434695
434701
434747
434916
434927
434939
435002
435005
435287
435379
435388
435431
435441
435443
435493
435525
435649
436042
436102
436268
436358
436525
436570
436756
436846
436914
437092
437151
437313
437513
437517
437582
437788
437982
438012
438028
438076
438131
438149
438170
438223
438244
438283
438294
438630
438677
438769
438795
439030
439036
439053
439257
439275
439340
439414
439756
439759
439888
440033
440036
440072
440074
440133
440146
440406
440489
440609
440795
440828
440901
441224
441324
441326
441331
441353
441459
441481
441673
441778
441780
441907
441919
442005
442020
442308
442593
442827
443144
443150
443388
443493
443610
443646
443724
443728
443772
443816
444032
444041
444046
444160
444161
444208
444221
444291
444374
444409
444475
444484
444562
444627
444746
444767
444790
444832
444962
445015
445016
445023
445071
445083
445091
445232
445276
445285
445389
445494
445588
445621
445737
445964
446180
446188
446388
446591
446614
446636
446640
446842
446934
447040
447258
447361
447562
447654
447781
447800
447841
447858
447886
447907
448011
448246
448461
448471
448611
448780
448790
448874
448913
449040
449305
449355
449364
449678
449707
449794
449827
449857
449891
450029
450092
450739
450753
450793
450822
450875
451052
451184
451217
451546
451648
451827
451886
452104
452320
452322
452459
452479
452574
452592
452714
452738
452774
452943
453016
453163
453209
453254
453537
453543
453604
453631
453792
453905
453929
454113
454251
454517
454526
454592
454687
454783
454789
454985
455196
455252
455478
455551
456007
456110
456384
456449
456458
456544
456555
456758
456824
457117
457175
457186
457201
457353
457364
457385
457432
457443
457452
457656
457994
458021
458045
458119
458140
458249
458388
458557
458663
458809
458869
459036
459130
459348
459363
459401
459448
459455
459500
459575
459770
460113
460337
460516
460573
460575
460717
460729
460745
460767
460813
460830
460876
460987
460998
461027
461186
461187
461192
461312
461351
461522
461744
461848
462034
462067
462342
462856
462958
462977
463011
463113
463249
463260
463262
463445
463666
463740
463743
463751
463809
463907
463945
463980
464053
464067
464081
464147
464261
464274
464492
464593
464860
464875
464882
464996
465041
465419
465539
465566
465572
465808
465918
466062
466163
466237
466335
466346
466477
466488
466700
466776
466977
467063
467127
467162
467165
467247
467453
467608
467990
468107
468185
468214
468239
468260
468280
468417
468493
468593
468721
468816
468823
468880
469053
469085
469129
469356
469624
469736
469751
470000
470061
470118
470176
470202
470218
470344
470347
470357
470415
470449
470618
470830
470870
470994
471136
471362
471445
471582
471675
471794
471938
472041
472045
472499
472572
472601
472980
473010
473012
473057
473063
473228
473301
473445
473515
473708
473723
473824
473911
474182
474356
474553
474557
474680
474790
474814
474931
474940
475390
475425
475470
475662
476103
476179
476210
476371
476402
476579
476585
476739
476757
476766
476855
477079
477229
477450
477523
477560
477692
477697
478067
478131
478228
478283
478357
478364
478462
478498
478512
478576
478619
478684
478888
479033
479248
479412
479413
479437
479581
479607
479626
479662
479741
479908
480031
480124
480194
480226
480432
480491
480534
480566
480612
480682
480799
480885
481024
481458
481461
481560
481576
481608
481653
481732
481818
481854
482274
482320
482329
482417
482418
482719
482728
482766
482811
482910
482934
482959
483235
483243
483266
483375
483598
483612
483648
483714
483964
484004
484022
484154
484297
484303
484779
484961
485042
485066
485066
485155
485180
485274
485293
485503
485530
485557
485576
485592
485626
485882
486011
486112
486128
486622
486738
486814
487105
487352
487486
487500
487504
487654
487654
487684
487750
487771
487789
488003
488024
488199
488238
488405
488513
488543
488710
488765
488943
488951
488960
489019
489051
489166
489237
489435
489478
489478
489718
490100
490298
490353
490396
490416
490424
490477
490740
490790
490805
490918
490991
490996
491023
491077
491106
491172
491312
491662
491729
491737
491790
491989
492016
492072
492197
492248
492443
492478
492548
492720
493066
493093
493097
493323
493334
493367
493386
493485
493551
493681
493728
493958
494007
494107
494168
494242
494503
494750
494767
494859
494872
494960
494960
494968
495030
495032
495324
495371
495501
495513
495578
495733
496096
496299
496299
496547
496606
496734
496829
496961
497009
497237
497507
497536
497638
497670
497704
497889
498268
498358
498490
498545
498571
498577
498710
499033
499046
499069
499219
499302
499547
499661
499666
499848
499884
499992
500108
500129
500338
500414
500479
500486
500566
500800
500803
500807
501035
501046
501157
501224
501225
501473
501480
501553
501687
501768
502009
502069
502073
502095
502285
502342
502563
502634
502818
503004
503079
503091
503448
503461
503655
503726
503734
503776
503834
503985
504110
504348
504383
504577
504646
504679
504800
504871
504940
504968
505070
505346
505430
505455
505551
505602
505628
505717
505744
505846
505853
505935
505982
506052
506055
506056
506174
506180
506222
506235
506462
506538
506589
506633
506760
506800
506979
507073
507319
507368
507576
507991
508009
508109
508178
508184
508280
508382
508398
508402
508642
508657
508687
508926
508935
508936
509004
509026
509299
509411
509444
509479
509526
509529
509622
509651
509968
510024
510035
510047
510057
510125
510135
510208
510389
510473
510508
510563
510731
510750
510939
510979
511176
511213
511335
511356
511416
511562
511625
511812
511826
511857
511913
512272
512276
512372
512545
512561
512788
512815
512957
512970
512971
513179
513238
513274
513321
513523
513524
513538
513637
513645
513853
513978
514117
514245
514433
514444
514560
514561
514645
514759
514763
514829
514903
515033
515082
515109
515130
515470
515758
515914
516167
516175
516274
516278
516377
516452
516541
516590
516712
516815
517096
517227
517278
517317
517483
517577
517595
517642
517807
517821
517846
518074
518188
518200
518219
518266
518320
518377
518381
518465
518498
518504
518698
518732
518815
518905
518985
518986
519093
519219
519258
519439
519467
519519
519552
519865
519891
519922
519984
519988
520065
520260
520449
520503
520855
520863
521041
521123
521171
521174
521272
521354
521365
521374
521655
521755
521856
522109
522110
522178
522179
522203
522217
522368
522573
522732
522917
522923
523038
523265
523473
523613
523663
523687
523898
524091
524375
524666
524856
524872
524973
525040
525303
525320
525510
525654
525731
525805
525947
525951
526040
526087
526297
526405
526440
526448
526468
526655
526711
526735
526798
526977
527216
527263
527432
527566
527605
527717
527775
527940
528169
528186
528187
528300
528344
528634
528651
528696
528768
528964
528970
528988
529440
529619
529633
529877
529882
529984
530022
530184
530225
530238
530387
530430
530681
530722
530847
530875
530897
530954
531094
531289
531363
531440
531623
531623
531784
531812
531890
531897
531949
532110
532254
532305
532431
532520
532586
532795
532862
532959
532978
532987
533011
533443
533453
533876
533890
533949
533969
534009
534019
534143
534291
534383
534442
534613
534743
534744
534967
535189
535224
535277
535344
535389
535651
535693
535962
536015
536119
536130
536365
536545
536582
536796
536962
537016
537160
537307
537391
537475
537491
537512
537714
537758
537798
538020
538156
538239
538379
538489
538655
538679
538822
538871
538933
538972
539033
539081
539281
539328
539412
539457
539480
539600
539615
539620
539724
539850
539865
539987
540149
540211
540346
540534
540919
540972
541051
541357
541834
541851
541858
541990
542050
542061
542069
542086
542135
542227
542356
542504
542508
542525
542598
542629
542727
542818
542865
543344
543366
543489
543506
543572
543688
543812
543822
543825
543827
543844
543882
543986
544048
544096
544100
544402
544468
544526
544531
544704
544813
544828
545424
545462
545553
545679
545755
545825
546183
546314
546323
546340
546351
546361
546469
546500
546502
546504
546611
546633
546672
546872
547037
547121
547130
547559
547667
547677
547829
548057
548131
548165
548212
548349
548539
548717
548741
548814
548949
549019
549142
549413
549423
549615
549664
549700
549882
549948
549985
550055
550096
550118
550276
550288
550466
550568
550649
550797
550902
551012
551083
551156
551162
551258
551314
551602
551603
551671
551703
551733
551885
551895
551935
552103
552255
552428
552507
552536
552579
552731
552752
552804
552871
552937
552985
553085
553178
553254
553323
553681
553761
553778
553830
553838
553844
553960
554033
554192
554220
554300
554373
554648
554752
554767
554898
554936
554968
555092
555093
555133
555243
555321
555357
555596
555637
555765
555812
555946
556055
556496
556514
556801
556841
556870
556887
557141
557162
557396
557645
557887
557968
558178
558191
558419
558900
558929
558962
558976
559043
559104
559414
559453
559680
559707
559894
559922
560056
560152
560228
560307
560307
560451
560478
560737
560785
560855
560943
561021
561154
561471
561589
561753
561790
561905
561909
561932
562271
562381
562423
562692
562715
562727
562950
563321
563534
563540
563542
563766
563792
563813
563867
563880
563946
564064
564130
564148
564352
564417
564739
564788
564976
565173
565180
565327
565353
565389
565499
565714
565795
565829
565930
566179
566208
566327
566495
566693
566719
566726
566728
566822
566886
566944
567099
567137
567239
567515
567546
567674
567687
567756
567862
567903
567911
568041
568078
568086
568302
568406
568620
568731
568805
569100
569175
569284
569295
569354
569405
569410
569575
569614
569743
569843
569930
569953
569974
570166
570224
570283
570345
570405
570409
570627
570765
571087
571126
571339
571502
571605
571615
571684
571812
571846
571892
572069
572149
572201
572212
572373
572465
572520
572578
572790
572900
573136
573218
573269
573276
573331
573418
573460
573580
573804
573840
574049
574070
574116
574125
574186
574238
574248
574276
574301
574364
574428
574676
574764
574954
575084
575107
575550
575580
575723
575765
575825
575838
575880
576066
576420
576760
577051
577170
577415
577457
577934
577983
578075
578087
578149
578264
578441
578479
578500
578529
578581
578694
578715
578787
578920
579095
579132
579337
579506
579599
579620
579652
579761
579914
579975
580014
580149
580149
580155
580282
580328
580424
580578
580710
580765
580802
580803
581089
581095
581184
581211
581296
581429
581712
581737
581746
581982
581999
582003
582094
582112
582166
582255
582259
582367
582413
582587
582799
582990
583021
583086
583176
583321
583399
583835
583855
584087
584462
584679
584783
585027
585074
585123
585201
585237
585345
585457
585531
585590
585639
585754
585811
585834
585949
585952
585975
586053
586083
586094
586430
586574
586588
586610
586641
586661
586702
586720
586867
586995
587103
587121
587132
587275
587383
587587
587646
587880
587919
588019
588245
588369
588482
588490
588610
588626
588854
588916
589153
589400
589472
589889
590079
590096
590110
590114
590203
590332
590337
590344
590395
590543
590693
590746
590812
590883
590941
590959
591093
591116
591275
591317
591322
591347
591534
591539
591646
591695
591792
591841
591875
592073
592139
592226
592251
592254
592268
592682
592829
592864
592938
593044
593248
593491
593503
593600
593653
593777
593878
593881
594130
594450
594497
594513
594668
594864
594959
595066
595198
595364
595531
595572
595715
595750
595774
595798
595869
595977
595997
596251
596302
596311
596315
596342
596453
596465
596665
596690
596724
596726
596834
596853
596907
596946
596955
597010
597145
597164
597237
597256
597570
597634
597638
597689
597832
597911
598053
598071
598255
598410
598426
598482
598644
598896
598924
599126
599159
599280
599402
599637
599862
599880
599980
600058
600109
600126
600514
600544
600595
600603
600713
600941
601204
601295
601342
601479
601677
601848
601938
601946
601954
601996
602069
602544
602571
603005
603015
603144
603194
603381
603466
603599
603847
603887
603908
603909
603947
604017
604279
604335
604566
604571
604788
605003
605005
605030
605138
605263
605395
605504
605575
605576
605684
605700
605723
605725
606025
606026
606088
606109
606152
606298
606322
606387
606683
606881
606896
606917
607389
607532
607560
607739
607780
607789
607854
607896
607913
607993
607999
608177
608278
608553
608588
608721
608892
608909
608952
608961
609025
609062
609166
609171
609342
609360
609374
609412
609535
609651
610080
610120
610442
610450
610554
610788
610838
611046
611079
611276
611323
611404
611441
611445
611457
611541
611607
611615
611707
611735
611777
611779
611808
611860
612023
612122
612154
612211
612231
612253
612253
612288
612331
612519
612582
612590
612607
612764
612813
612899
613085
613098
613392
613430
613485
613846
613882
613963
613993
614023
614070
614121
614236
614282
614540
614546
614614
614630
614634
614766
614861
615009
615016
615045
615150
615234
615260
615426
615661
615979
616081
616118
616194
616357
616643
616760
616817
616853
616874
616928
616974
616982
617020
617042
617090
617331
617657
617721
617753
617881
617968
618037
618066
618393
618489
618513
618520
618623
618647
618781
618874
618886
618933
618980
619114
619137
619270
619667
619880
620061
620096
620167
620343
620499
620637
620754
620826
620901
621028
621068
621096
621099
621219
621228
621253
621301
621382
621519
621524
621605
621708
621721
621814
622030
622088
622182
622251
622434
622493
622521
622531
622588
622729
622834
622879
622904
623002
623102
623444
623490
623515
623526
623582
623658
623764
623796
624040
624161
624234
624377
624507
624508
624620
624727
624746
624836
624851
625064
625076
625091
625113
625160
625268
625290
625407
625526
625569
625571
625623
625989
626024
626033
626176
626186
626281
626334
626606
626759
626858
626926
627221
627248
627287
627451
627687
627928
628005
628059
628144
628161
628206
628207
628349
628415
628448
628449
628469
628736
628742
628877
629113
629153
629266
629320
629365
629434
629519
629656
629707
629745
629874
629912
630124
630203
630419
630526
630578
630642
630666
630702
630850
630983
631047
631065
631219
631377
631475
631502
631716
631733
631861
632331
632415
632622
632632
632722
632726
632903
632934
632963
632983
633223
633247
633250
633404
633487
633532
633625
633764
634061
634173
634556
634815
635037
635072
635089
635378
635446
635486
635744
635836
635893
636013
636124
636145
636276
636316
636407
636455
636609
636611
636667
636790
636844
637043
637209
637673
637742
637978
638150
638189
638219
638222
638385
638452
638553
638703
638906
638971
639236
639295
639302
639420
639433
639444
639585
639698
639724
639850
639887
640217
640239
640276
640285
640334
640445
640510
641107
641146
641235
641404
641440
641906
641921
642184
642216
642323
642329
642673
643092
643166
643203
643305
643690
643738
643756
643773
643825
643916
643953
644325
644491
644554
644967
645194
645350
645389
645427
645487
645577
645857
645876
645989
646055
646104
646317
646395
646429
646452
646594
646666
646667
646689
646826
646853
646973
647034
647086
647090
647119
647204
647281
647444
647470
647632
647848
648055
648071
648218
648270
648347
648385
648438
648588
648630
648643
648833
649064
649124
649240
649310
649372
649435
649486
649905
649918
649920
650017
650067
650336
650406
650411
650465
650511
650580
650649
650687
650742
650760
650775
650833
650875
651020
651025
651165
651212
651242
651331
651411
651446
651571
651679
651820
651828
651842
651881
651921
652221
652308
652343
652585
652849
652904
652932
652958
653064
653213
653223
653248
653249
653391
653542
653772
654080
654088
654236
654387
654405
654575
654600
654661
654782
654862
655091
655176
655197
655224
655229
655598
655666
655699
655762
655780
655963
655986
656258
656272
656462
656511
656640
656660
656934
656999
657254
657269
657332
657369
657422
657443
657845
657918
657923
658230
658368
658525
658571
658631
658867
659033
659144
659243
659436
659445
659451
659590
659633
659718
659774
659877
660082
660204
660303
660550
660665
660676
660890
660913
661112
661124
661179
661204
661515
661546
661764
661857
662101
662137
662207
662229
662255
662436
662453
662478
662911
663087
663145
663312
663332
663442
663454
663514
663758
663802
663814
663883
663893
663928
664005
664013
664223
664227
664236
664359
664465
664466
664656
664673
664761
664928
664977
665036
665129
665193
665230
665264
665546
665639
665866
665868
665919
665934
665952
666152
666187
666266
666267
666649
666947
666959
667011
667118
667169
667280
667282
667335
667364
667616
667618
667658
667662
667689
667983
668132
668292
668396
668463
668590
668707
668789
669141
669413
669489
669489
669506
669559
669691
669902
669939
670038
670281
670304
670430
670517
670591
670637
670799
670918
670921
671006
671015
671019
671044
671190
671256
671287
671530
671551
671559
671671
671686
671730
671734
671792
671819
671828
671840
672004
672009
672028
672097
672115
672132
672161
672283
672350
672482
672549
672589
672614
672759
672855
672871
672980
673187
673480
673511
673547
673758
673758
673796
673850
674017
674119
674420
674497
674612
674732
674811
674995
675058
675078
675097
675102
675227
675264
675352
675358
675396
675439
675441
675470
675705
675863
676098
676153
676245
676511
676552
676569
676613
676671
676672
677180
677306
677331
677460
677530
677659
677735
677788
677867
677939
677990
678393
678639
678672
678780
678949
679060
679118
679129
679129
679407
679571
679604
679604
679606
679794
680013
680072
680246
680261
680314
680327
680781
680806
680837
680967
681100
681508
681527
681577
681787
681863
682289
682315
682405
682512
682541
682590
682636
682649
682781
682797
682822
682974
683013
683145
683323
683344
683545
683872
683941
684045
684120
684155
684177
684221
684265
684370
684432
684742
684757
684811
685120
685237
685270
685280
685304
685374
685530
685772
685917
685988
686042
686169
686318
686382
686652
686720
687099
687213
687415
687522
687619
687804
687806
687934
687946
687968
688139
688208
688342
688728
688761
688772
688916
688953
689116
689244
689304
689645
689731
689783
689905
690011
690158
690346
690576
690695
690704
690716
690741
690776
690967
691458
691598
691644
691789
691858
691963
691983
692184
692212
692286
692366
692445
692652
692791
693051
693080
693187
693260
693276
693504
693510
693513
693541
693552
693667
693707
693949
694256
694435
694464
694521
694536
694638
694654
694724
694817
694882
694909
695281
695433
695442
695688
695733
695816
695857
695899
695937
696072
696133
696405
696457
696521
696610
696669
696737
696803
696999
697110
697169
697213
697282
697296
697574
697648
697655
697705
697719
697905
698093
698121
698149
698172
698291
698324
698577
698623
698693
698712
698796
698888
698956
698985
699242
699521
699570
699669
699756
700358
700420
700571
700573
700601
700809
700825
700880
700917
700965
700996
701079
701265
701292
701440
701799
701850
701887
701978
701994
702268
702326
702331
702336
702458
702546
702770
702785
702789
702808
702850
703028
703032
703060
703187
703225
703327
703657
703734
703746
703897
703988
704025
704085
704110
704139
704145
704145
704482
704680
704739
704771
705105
705117
705154
705309
705418
705444
705505
705851
705945
706012
706217
706247
706334
706390
706517
706635
706649
706673
707109
707120
707128
707150
707196
707203
707436
707486
707499
707586
707593
707647
708081
708082
708203
708479
708496
708830
708852
708932
709160
709293
709422
709455
709641
710163
710188
710297
710307
710374
710387
710610
710615
710626
711148
711350
711417
711481
711492
711578
711640
711647
711702
711769
712038
712096
712227
712254
712255
712336
712337
712508
712589
712912
713032
713305
713418
713451
713518
713594
713641
713757
713867
714024
714076
714258
714345
714462
714495
714752
714897
715024
715044
715147
715156
715253
715383
715392
715619
715676
715711
715953
716097
716173
716174
716408
716606
716660
716734
716904
717107
717292
717451
717495
717569
717731
717731
717816
717950
717964
718038
718113
718154
718445
718653
718702
718761
718880
719032
719041
719094
719186
719474
719570
719646
719675
719885
719918
720117
720220
720242
720288
720493
720618
720639
720746
720799
720894
721148
721209
721252
721302
721446
721630
721770
721814
722041
722095
722254
722358
722454
722467
722497
722547
722713
722813
722969
723003
723086
723088
723264
723475
723531
723574
723585
723589
723659
723689
724156
724197
724232
724411
724537
724589
724707
724834
724862
724950
725127
725339
725377
725406
725483
725493
725558
725600
725781
725882
725884
725900
725915
726033
726099
726431
726446
726446
726450
726463
726754
726814
727192
727238
727267
727311
727375
727445
727457
727487
727497
727522
727591
727653
727710
727743
728030
728195
728318
728598
728636
728645
728861
728864
728974
729137
729371
729387
729418
729425
729427
729451
729568
729661
729723
729749
729892
730065
730186
730394
730501
730750
730897
731092
731134
731201
731248
731374
731478
731527
731585
731605
731653
731752
731906
732084
732211
732346
732524
732719
732754
732823
732883
733154
733305
733418
733451
733469
733541
733605
733651
733825
733863
733896
733986
734029
734049
734102
734338
734467
734693
734765
735212
735319
735401
735581
735681
735725
735867
735900
735920
735932
736531
736568
736614
736733
736748
736792
736804
736943
736968
737032
737095
737154
737232
737300
737342
737402
737523
737569
737581
737619
737700
737786
738238
738359
738528
738570
738605
738667
738675
738780
738863
739024
739149
739246
739290
739557
739615
739644
739646
739825
740050
740331
740684
740789
740824
740879
740879
740910
741115
741167
741263
741300
741392
741510
741604
741609
741782
741838
741841
741849
741891
741947
742071
742129
742276
742338
742413
742583
742681
742767
742813
742863
743105
743158
743270
743306
743340
743451
743526
743536
743538
743594
743735
743790
743851
743871
743964
744003
744024
744140
744445
744528
744576
744722
744760
744811
744841
744990
745001
745211
745572
745576
745599
745654
746008
746018
746353
746519
746543
746622
746785
746920
746990
747027
747160
747298
747315
747540
747629
747677
747883
748108
748187
748456
748496
748576
748651
748670
748821
748832
748866
748934
748976
749046
749074
749082
749283
749326
749346
749352
749601
749639
749701
749772
749784
749916
750122
750156
750240
750359
750471
750494
750570
750602
750608
750649
750725
750761
750761
750809
751004
751251
751555
751631
751720
752184
752361
752450
752526
752787
752935
753071
753094
753109
753139
753189
753335
753417
753460
753583
753721
753730
754381
754391
754453
754512
754638
754689
754987
755277
755393
755611
755685
755831
756132
756277
756349
756353
756432
756584
756598
757119
757215
757565
757697
757784
757815
757864
757909
758062
758129
758174
758245
758324
758367
758391
758394
758398
758541
758579
758806
758836
758850
758853
759007
759008
759066
759100
759241
759338
759588
759607
759640
759817
759865
759902
760239
760249
760382
760471
760642
760765
761018
761081
761270
761343
761432
761486
761579
761812
761832
761843
761913
762093
762176
762368
762370
762377
762440
762467
762541
762554
762651
762687
762736
762867
763016
763121
763370
763389
763464
763731
763761
763792
763902
763972
764107
764113
764311
764391
764411
764586
764790
764897
764964
765109
765143
765247
765489
765564
765566
765594
765597
765869
765916
765955
766073
766196
766361
766569
766569
766716
766741
766890
766922
766941
766968
767478
767495
767502
767952
768094
768336
768382
768497
768499
768683
768721
768856
768861
769079
769099
769143
769644
769673
769912
769922
770060
770176
770265
770457
770459
770789
770818
770862
771073
771217
771217
771242
771556
771670
771724
771744
771786
771914
771927
772169
772319
772325
772450
772505
772603
772747
772795
772938
773007
773058
773132
773174
773208
773212
773346
773692
773851
773864
773881
773974
774249
774250
774760
774819
774940
774953
775031
775153
775372
775582
775901
776014
776052
776196
776294
776472
776605
776660
776697
776702
776881
777033
777045
777085
777203
777356
777528
777563
777674
777690
778161
778316
778458
778541
778666
778683
778789
778853
778880
779044
779107
779186
779194
779235
779286
779366
779464
779574
779578
779651
779674
779693
779957
779957
780362
780366
780387
780483
780599
780622
780650
780814
780814
780845
780957
781056
781183
781329
781345
781366
781442
781546
781552
781558
781696
781947
782087
782142
782181
782250
782293
782430
782564
783101
783218
783276
783459
783513
783555
783628
783710
783715
783779
783823
783829
783930
784073
784171
784226
784536
784635
784764
784909
784910
785104
785238
785288
785323
785360
785547
785681
785882
786249
786274
786485
786519
786565
786589
786633
786723
787203
787287
787512
787543
787626
787683
787856
788001
788026
788089
788102
788159
788251
788312
788550
788659
788706
788808
788828
788862
788935
788941
789023
789133
789252
789603
789736
789842
789983
790115
790167
790191
790254
790325
790358
790514
790720
790751
790758
790920
791033
791038
791101
791186
791267
791270
791397
791529
791539
791636
791828
791850
791889
791921
792061
792098
792242
792243
792600
792669
792743
792866
792964
793138
793240
793371
793405
793467
794171
794178
794214
794228
794349
794423
794424
794448
794570
794573
794683
794902
794950
794968
795005
795252
795440
795563
795584
796164
796165
796189
796377
796469
796529
796572
796595
796754
796812
796878
796912
796920
796959
796994
797048
797161
797295
797381
797404
797429
797498
797538
797586
797600
797775
797845
797885
797895
798000
798111
798314
798334
798443
798472
798564
799022
799076
799096
799373
799388
799399
799432
799471
799567
799666
799702
799783
799886
800311
800470
800630
800814
800826
800865
800952
801168
801287
801296
801303
801326
801503
801522
801587
801606
801921
802020
802027
802224
802234
802244
802274
802292
802331
802826
802973
803013
803103
803486
803619
803679
803703
803754
803878
803913
803993
804051
804311
804389
804457
804457
804480
804611
804787
804824
804921
804946
805174
805209
805248
805293
805377
805734
805764
805820
805884
805939
806122
806123
806256
806265
806319
806458
806481
806525
806689
806794
806956
806964
807047
807216
807237
807305
807490
807890
807905
808198
808427
808772
808788
808835
808964
809065
809185
809329
809384
809446
809478
809742
809780
809813
809832
809840
809947
809953
809996
810017
810227
810316
810365
810541
810714
810997
811007
811101
811126
811130
811183
811196
811216
811305
811358
811462
811480
811499
811552
811596
811752
811869
811899
811930
811933
811954
812016
812050
812108
812224
812228
812378
812449
812465
812538
812617
812745
812903
812956
813008
813294
813318
813442
813447
813583
813710
813791
813848
813895
813965
814089
814128
814134
814268
814360
814386
814511
814657
814731
814834
814935
815084
815147
815255
815458
815575
815664
815719
815725
815753
815907
815975
815988
816096
816117
816227
816433
816561
816602
816639
816660
816727
816772
816878
816906
817062
817203
817204
817248
817454
817491
817518
817545
817656
817906
818094
818226
818413
818445
818524
818529
818757
818799
818857
818861
818932
819080
819107
819113
819218
819376
819510
819521
819630
819746
819821
819915
819919
819947
819968
819980
820099
820239
820255
820256
820378
820380
820471
820511
820579
820828
820905
820945
820957
821141
821183
821287
821356
821424
821427
821561
821665
821727
821846
821877
821879
821978
822140
822980
823001
823105
823152
823337
823523
823596
823766
823866
823868
824229
824392
824455
824529
824641
824765
824811
824876
825131
825145
825154
825182
825224
825493
825611
825622
825930
825968
826254
826279
826457
826555
826577
826599
826774
826778
826788
826873
826961
827307
827333
827371
827533
827707
827825
828085
828096
828219
828409
828465
828491
828547
828639
828683
828739
828771
828934
828986
829030
829074
829090
829428
829478
829578
829629
829874
829879
829920
829967
829990
829992
830024
830218
830319
830323
830345
830380
830399
830464
830471
830707
830909
831034
831283
831291
831617
831730
831788
832085
832296
832324
832537
832602
832634
832722
832754
832890
833051
833070
833217
833229
833267
833273
833366
833388
833444
833490
833508
833509
833575
833692
833696
833762
833834
833863
833888
834114
834119
834121
834149
834212
834216
834363
834387
834512
834520
834545
834649
834963
834981
835019
835034
835179
835184
835364
835461
835572
835601
835918
836047
836109
836217
836333
836358
836369
836375
836531
836656
836709
837062
837140
837173
837178
837355
837371
837446
837703
837760
837766
837796
837839
838009
838050
838163
838259
838343
838366
838384
838567
839097
839228
839248
839344
839364
839487
839601
839672
839746
839748
839778
839788
839907
839946
839977
839998
840309
840391
840415
840426
840696
840730
840857
840953
840961
841105
841205
841223
841224
841374
841839
841958
842038
842125
842138
842171
842325
842450
842508
842636
842872
842938
842945
843103
843135
843191
843290
843351
843370
843401
843422
843464
843770
843915
843916
844003
844607
844616
844663
844694
844858
844940
845001
845153
845244
845331
845582
845639
845750
845770
845801
845826
845874
846132
846342
846515
846555
846616
846748
846763
846888
847019
847029
847099
847315
847515
847541
847570
847598
847613
847770
847906
848227
848284
848294
848537
848700
848705
848710
848744
848756
848819
848833
849183
849206
849209
849219
849316
849409
849491
849493
849503
849577
849686
849858
849912
849949
850086
850135
850267
850691
850862
851013
851129
851232
851265
851283
851462
851477
851592
851953
851961
851962
852115
852234
852247
852315
852609
852693
852719
852740
852845
853222
853282
853284
853319
853352
853486
853529
853588
853666
853677
853786
853997
854065
854414
854487
854582
854708
854736
854809
854843
854848
854876
854939
855234
855311
855527
855690
855698
855772
855787
855896
856079
856186
856204
856352
856378
856436
856515
856567
856581
856677
856708
856739
856813
856851
856973
856977
857179
857489
857614
857682
857697
857838
857900
857949
857964
857982
857989
858017
858055
858412
858439
858484
858506
858638
858763
858903
858949
859181
859301
859517
859816
859842
859873
860100
860124
860148
860193
860258
860268
860609
860660
860771
860809
860843
860987
860997
861047
861246
861313
861452
861501
861611
861883
862357
862424
862560
862602
862611
862927
863021
863100
863125
863152
863258
863328
863373
863393
863423
863601
863667
863790
863836
863888
863917
863988
864067
864142
864297
864454
864773
864822
865031
865093
865110
865114
865177
865198
865343
865384
865388
865479
865551
865604
865606
865903
865942
866056
866164
866232
866503
866533
866639
866804
866832
866863
866921
866965
866993
867043
867120
867343
867367
867373
867521
867658
867692
867787
867829
867977
868037
868085
868123
868147
868159
868428
868473
868479
868628
868631
868728
868743
868744
868828
868907
869037
869579
869738
869756
870182
870280
870286
870296
870366
870410
870650
870813
870884
871102
871106
871119
871120
871153
871170
871213
871267
871578
871678
871718
872200
872296
872367
872378
872553
872604
872637
872650
872697
872736
873010
873309
873406
873523
873707
874078
874120
874149
874722
874879
874982
875064
875140
875181
875188
875220
875252
875292
875292
875404
875415
875473
875706
875790
875887
875914
876085
876269
876301
876371
876376
876435
876859
876884
877480
877486
877621
877794
877815
877880
878090
878243
878324
878457
878511
878574
878897
878902
879198
879387
879402
879504
879519
879568
879621
879950
879988
880310
880323
880444
880548
880596
880707
880738
880884
880893
881066
881149
881167
881200
881260
881336
881368
881450
881467
881485
881519
881551
881638
881672
881677
881756
881788
881809
881955
882000
882079
882090
882140
882221
882292
882400
882407
882545
882607
882619
882634
882704
882852
882861
883142
883166
883203
883485
883605
883689
883796
883804
884182
884232
884410
884580
884629
884663
884927
885013
885058
885164
885190
885356
885488
885493
885569
885630
885835
885909
886107
886158
886228
886278
886386
886429
886478
886504
886686
886719
886737
886739
886763
886775
886787
886837
886868
887017
887046
887048
887065
887399
887668
887702
887756
887763
887821
887860
888129
888260
888344
888386
888388
888463
888515
888870
888913
888968
888982
889089
889102
889102
889241
889418
889458
889618
889633
889635
889685
889892
889976
890178
890184
890235
890270
890487
890715
890911
890991
891161
891276
891349
891424
891651
891867
891919
891939
891998
892028
892198
892199
892317
892651
892754
892862
892925
893129
893273
893296
893528
893671
893719
893805
893816
894262
894320
894327
894340
894636
894646
894717
894757
894881
895035
895067
895075
895075
895104
895210
895449
895486
895826
895838
895938
895946
895985
896285
896518
896518
896568
897074
897130
897200
897243
897269
897286
897357
897470
897540
897622
897883
898059
898088
898092
898186
898240
898308
898349
898367
898473
898484
898526
898642
898687
898819
898831
898917
898952
898959
899075
899093
899146
899226
899298
899337
899417
899483
899513
899583
899587
899735
899796
899893
899995
899999
900006
900020
900303
900455
900605
900606
900657
900760
900818
900876
900973
901079
901136
901198
901346
901386
901401
901579
901627
901647
901659
901689
901836
902016
902045
902146
902161
902365
902525
902594
902601
902750
902755
902821
902982
903215
903255
903278
903630
903633
903687
903714
904052
904194
904262
904585
904669
904786
904832
904870
904994
905034
905142
905165
905454
905633
905689
905899
905936
906068
906075
906077
906297
906497
906533
906572
906623
906738
906967
907109
907123
907398
907507
907523
907689
907708
907716
907764
907919
908056
908146
908201
908323
908790
908828
908839
909138
909251
909838
909879
909896
910021
910022
910345
910387
910422
910488
910629
910633
910911
911135
911686
911988
912119
912614
912618
912838
912875
913039
913164
913190
913202
913283
913299
913485
913486
913585
913621
913669
913848
913927
913949
913975
913986
913993
914038
914065
914096
914100
914242
914267
914336
914358
914384
914414
914425
914574
914707
914775
915052
915163
915223
915420
915557
915670
915742
915748
915802
915909
915931
915954
915993
916127
916323
916343
916521
916521
916539
917013
917111
917239
917455
917467
917537
917542
917620
917713
917743
917840
918047
918077
918143
918227
918325
918346
918469
918564
918728
918742
918809
918818
918839
918980
918986
919095
919145
919196
919224
919304
919924
919956
920060
920204
920359
920493
920494
920586
920596
920661
921039
921074
921085
921175
921239
921305
921306
921308
921482
921644
921707
921754
921757
921909
922094
922105
922191
922471
922555
922611
922806
922853
923052
923118
923333
923353
923711
923912
923973
923974
923976
924009
924090
924129
924139
924143
924372
925086
925277
925368
925390
925453
925460
925655
925675
925847
925849
925871
925873
925920
925992
926030
926141
926192
926225
926269
926384
926538
926775
926821
926963
926988
927306
927313
927340
927343
927381
927419
927425
927436
927690
927732
927827
927867
927907
927926
928190
928229
928465
928542
928707
928829
929001
929007
929063
929190
929220
929327
929461
929513
929514
929636
929737
929856
929857
929893
930010
930048
930071
930129
930164
930168
930309
930356
930400
930487
930645
930735
930840
930842
931013
931024
931196
931606
931697
931709
931810
931907
931923
932096
932491
932670
932676
932768
932963
932981
933134
933241
933295
933309
933417
933465
933472
933481
933492
933503
933521
933595
933830
933965
933975
934074
934099
934131
934179
934323
934394
934454
934542
934561
934608
934642
934659
934863
934874
934949
934975
935049
935057
935213
935307
935317
935540
935573
935573
935680
935803
935910
935946
936111
936204
936327
936641
936684
936779
936782
936829
937059
937106
937205
937311
937397
937397
937552
937561
937653
937673
937728
937730
938020
938164
938356
938464
938498
938510
938542
938545
938653
938744
938788
938789
938811
938909
939048
939121
939296
939308
939443
939569
939609
939704
939713
939738
939770
939893
940012
940295
940356
940422
940504
940592
940659
940705
940811
940839
941200
941321
941329
941460
941636
941638
941641
941755
941816
942035
942109
942281
942414
942486
942584
942586
942602
942635
942798
942835
943042
943052
943190
943383
943675
943700
943945
944008
944020
944029
944202
944300
944391
944653
944719
944764
944950
945069
945120
945170
945350
945413
945682
945685
945751
946388
946488
946779
946801
946873
946974
946985
947005
947054
947336
947454
947524
947580
947708
947955
947979
948331
948342
948363
948401
948475
948582
948702
948703
948850
948864
948947
948986
948987
949135
949150
949253
949362
949415
949647
949661
949683
949731
949805
949889
950011
950015
950034
950249
950333
950496
950511
950538
950682
950688
950699
950771
950777
950825
950863
951259
951342
951501
951614
951636
951654
951824
951835
951863
951871
951877
952037
952056
952672
952678
952729
952780
952993
952998
953134
953353
953407
953436
953748
953755
953766
953889
954154
954184
954218
954233
954277
954309
954372
954380
954729
954840
954936
955030
955297
955331
955389
955554
955573
955621
955775
955880
955936
956012
956049
956062
956151
956159
956449
956628
956633
956885
956886
957149
957596
957928
957978
958287
958476
958561
958592
958672
958707
958742
958761
958863
958931
958998
959054
959065
959102
959157
959339
959350
959377
959380
959401
959509
959542
959569
959608
959689
959702
959850
959858
959944
960001
960041
960048
960072
960146
960371
960443
960473
960586
960613
960645
960773
960896
961010
961046
961070
961110
961111
961175
961254
961277
961459
961482
961489
961595
961801
962115
962286
962409
962768
962938
963012
963065
963078
963148
963353
963467
963569
963609
963615
963616
963660
963685
963898
964160
964282
964338
964390
964492
964634
964659
964662
964796
964873
964892
964903
964929
964990
965139
965240
965449
965487
965599
965810
965829
965839
965886
966124
966141
966190
966218
966318
966381
966661
966781
966799
966926
966977
967040
967063
967110
967156
967199
967447
967449
967530
967650
967686
967767
967810
967872
967888
967918
967998
968333
968362
968421
968498
968559
968650
968652
968856
968919
968971
969026
969033
969066
969089
969245
969706
969726
969835
970428
970519
970602
970634
970667
970739
970746
970768
970834
970840
970846
970894
971044
971056
971101
971119
971186
971474
971517
971725
972024
972040
972136
972261
972283
972391
972691
972775
972888
972889
972923
973094
973104
973112
973134
973183
973643
973677
973750
973860
974054
974382
974722
974782
975019
975044
975162
975169
975264
975379
975404
975413
975446
975488
975526
975569
975610
975767
975912
976000
976088
976112
976165
976236
976294
976300
976433
976603
976636
976678
976877
976911
976991
977077
977326
977337
977371
977451
977477
977498
977541
977567
977825
977902
977955
978077
978120
978194
978619
978743
978752
979151
979165
979192
979206
979266
979309
979358
979491
979543
979587
979628
980060
980228
980399
980485
980711
980741
980746
980775
980819
980824
980851
980866
980900
981023
981145
981212
981349
981395
981480
981833
981845
981863
981960
982109
982303
982372
982559
982677
982767
982932
982937
983232
983297
983473
983490
983492
983850
983880
984067
984137
984310
984475
984575
984601
984619
984682
984947
985027
985178
985257
985265
985296
985324
985357
985360
985368
985417
985514
985537
985709
985876
985962
986095
986192
986282
986301
986315
986487
986666
986682
986712
986976
987005
987293
987473
987612
987648
987650
987983
987984
988049
988062
988075
988084
988315
988422
988620
988787
988921
989066
989183
989320
989345
989399
989422
989494
989541
989593
990176
990334
990378
990494
990854
990944
990990
991083
991358
991367
991450
991507
991599
991618
991756
991856
992074
992089
992270
992335
992351
992393
992431
992448
992556
992593
992619
992623
992702
992756
992766
992825
992934
993188
993242
993364
993380
993530
993815
993884
993891
993919
993982
994014
994021
994206
994223
994399
994418
994602
994710
994717
994893
994985
994986
995017
995322
995338
995400
995415
995470
995605
995687
995781
995941
996084
996128
996272
996425
996471
996571
996783
996887
996920
996940
997090
997150
997227
997323
997345
997412
997438
997454
997553
997559
997674
997841
998215
998387
998415
998459
998498
998631
998682
998910
998919
998997
999028
999096
999169
999193
999235
999331
999415
999724
999759
999774
