100
76273
750850
282112
994576
820948
737885
611905
468879
643720
515418
116290
857473
383036
528804
289408
931383
266555
300880
611128
736229
172564
449172
227870
963068
80610
389095
619944
281253
589616
555730
540140
183840
997454
62782
65397
120003
567737
368888
563721
683881
244289
680082
677029
502855
403916
967026
23413
231369
257678
366828
247287
210654
255586
790831
68936
754772
91023
3713
715348
812463
134565
933488
679648
931640
311202
473665
8374
5988
421266
194825
325682
327721
626478
322198
974809
870100
796578
399097
24253
314687
166765
822652
139381
768302
811340
154299
189087
680791
218932
247169
324968
463458
90675
800558
96486
12545
631768
914661
304093
556700
