10000
792023
792943
118773
428108
821955
693187
298310
875505
410144
394946
650181
10462
659626
192036
848282
51697
672249
814082
773431
374021
806264
341202
376000
508688
327450
57169
268494
514515
69143
353217
918186
778109
866531
253009
99690
344776
682841
876807
941419
599629
378989
158794
722538
468590
11340
583025
832856
821206
338782
913402
459892
486799
675025
542787
424671
719430
879443
28160
720573
658917
190660
616626
373783
718747
252758
157357
14424
990257
672232
711608
683424
530615
449234
314131
192997
638112
893589
902939
807393
929414
411009
674415
76683
97017
629410
773906
126188
769590
413818
568786
626851
346038
372219
5324
853116
365504
40596
356010
939914
904983
410359
278291
722515
155106
926332
193062
194155
589136
735722
467903
135301
657837
281520
169066
765998
486988
40100
438844
768686
231995
854077
392
966903
333732
591476
448307
174002
16268
582712
436896
235174
228195
866336
27591
213342
935166
998527
509000
767510
431183
245909
624902
258999
601470
283198
294764
139045
788528
562089
935630
148771
37080
89712
898187
239450
422017
59519
581639
865815
947733
405995
929483
729738
915129
818824
848878
955497
567417
241230
81411
907503
311363
4734
914261
109221
183280
424955
489529
415161
151600
588536
443565
970884
239413
940641
952817
270296
309296
450219
65586
508604
630410
550524
636740
27689
817665
136369
670315
88892
576865
464367
36727
870979
248545
514787
990235
99597
38746
994678
425563
353073
470842
143428
113257
811407
656813
354718
299843
916262
233652
933435
776508
737608
512893
819852
961769
929705
119603
972669
981856
838242
162589
356237
701886
663776
541941
487387
824557
84083
222777
655934
390119
351230
395651
50181
639223
585642
709573
262464
856850
462050
723345
764398
946639
440436
814835
815223
14231
438764
719781
419119
88344
884726
756954
10656
381095
893710
347544
420183
528722
438638
249097
953386
541922
584626
66029
205139
987851
346595
446795
892851
500421
660267
744149
927032
864890
495082
673360
833486
416979
246197
162370
279444
59633
27121
997829
680661
548343
652612
344209
838187
884873
706991
754858
218454
323192
88592
359316
980978
968953
415052
36903
356355
247695
386411
925951
110600
494880
198406
945995
393474
944413
972519
597256
105870
78188
239639
566359
385335
809151
968724
778528
101478
526786
129188
133794
327956
55909
423556
884767
745195
705410
427068
162336
212798
689015
535068
522431
593913
321885
705629
614152
486008
164463
961345
914379
627448
938428
554352
69711
538100
204537
227390
330210
827682
384805
169337
513244
27595
20482
496227
968619
183761
184169
978512
508730
269534
327005
4620
931676
457756
392310
738480
999755
247984
198821
990761
28316
257710
489704
258796
710600
104523
911444
857632
215879
206085
502494
407783
193254
410229
21972
982206
791436
274126
691857
92810
300071
909178
754585
837543
578466
224192
400406
776386
473710
550057
70607
36728
496686
266245
880941
784841
946984
376347
695498
121993
209450
193426
804236
80352
574352
527734
706439
757460
877063
355902
960276
484814
283700
631876
791632
293852
670075
855503
814583
350381
796480
689421
606197
674328
940640
658033
24584
760756
8865
997030
45515
453047
901089
334826
476176
963572
542826
551604
505554
206485
410693
283272
351508
12500
458151
377206
706271
126546
536749
8900
747156
533416
202941
200677
783100
647177
883767
835693
340924
313126
325898
633395
570528
160775
610983
49785
725598
751428
797448
68953
363073
622000
523142
502259
24693
16265
266611
869805
997406
88837
738792
366103
478972
268915
704782
504753
736026
906871
468342
208509
468434
135740
303923
478174
926990
336390
325255
242814
240279
387872
338422
950499
472179
515028
967548
861114
399778
427251
859106
924693
535180
880323
638306
477457
840202
308739
155483
487523
858116
845485
924941
870493
442826
7380
601344
818145
302152
150100
402101
643800
406896
309434
413873
623350
165652
330084
253990
90790
850119
166565
554206
292889
672673
781108
661204
70587
656893
785243
73163
622159
170363
898887
978061
968612
573910
707315
482449
602615
504600
728005
892061
682004
778064
71162
360052
938726
900037
513712
501839
261295
728342
952443
409203
594685
840145
164538
555316
590235
178428
627123
502819
887202
169514
239346
563081
120435
922797
837198
320101
357000
982061
905042
177347
405469
626139
620712
593235
475997
180759
730848
5260
553697
547078
472000
271757
46668
384020
300410
323732
772565
805355
924919
282573
977789
433560
931706
39713
451253
180214
271969
644024
632588
127878
467347
5069
118434
342994
780575
916882
130556
450771
865980
255932
402583
92550
939445
459495
558235
958207
845299
124717
142857
240841
180477
470019
566260
359912
315226
215634
208498
864036
688188
872988
317236
607812
213117
385670
542485
551659
790276
316162
972437
678780
312337
413335
118588
858641
170129
709436
135243
570718
162375
435220
262847
2452
51416
657229
479441
586452
317808
772600
56912
242356
808263
715184
470599
107836
628275
915414
482255
241512
38295
604464
380251
839398
64462
231628
437972
541631
549197
51527
812673
743258
882216
704669
610648
478542
73676
234165
467952
339312
213178
711249
386820
966249
469939
415437
896095
582912
766657
621354
563425
520894
504924
976663
495425
408454
448403
227335
213461
268429
130330
910090
108947
165467
487350
893478
973747
989970
827458
726404
792105
766066
692396
51965
917352
108013
929906
296275
10063
17769
727055
342039
506187
892802
928710
53719
54721
326970
620632
974828
396376
145664
456455
351957
269881
882331
485950
382821
828209
825225
698727
816704
944496
626137
397669
287794
562313
240764
208968
198598
566104
658334
879099
458002
857202
143110
914314
203863
953378
193954
448308
515219
851005
895352
276355
397955
233171
678290
883688
753457
409106
487035
13579
672249
869399
601593
669660
562682
767137
211231
304024
838
453637
58593
838247
331259
845914
43079
663923
904647
502687
829868
625046
17592
429615
751420
643633
902169
361253
995238
782426
526131
116159
847104
596717
943173
680309
775068
819793
189406
941442
794615
888205
515440
799677
877823
210100
865688
53599
936740
689655
547492
550491
724969
651201
173294
174362
982065
928184
57475
60708
673469
739741
793716
890774
309581
595850
900443
618476
905977
293856
461267
151188
475864
137639
212667
720608
509266
874188
193619
199857
424779
196480
602517
759354
122584
851781
539108
639377
324478
800023
380781
116891
765727
909833
494870
25768
725863
912627
525326
482401
52041
502237
585817
404220
538918
968775
896300
334889
166138
704946
23609
908161
345176
332266
933165
804298
57106
814160
195820
286726
418339
820502
242526
656371
441724
626443
378093
63665
84909
487108
513885
523828
480415
327635
581194
271530
803101
622770
499180
944705
952034
718132
190836
127021
513361
187516
895806
779532
86450
260749
798385
205185
800540
238732
934351
55690
69134
378908
122801
569332
633206
805020
122638
509559
841585
287622
32542
784309
79125
359808
612655
372230
817505
231682
874203
769018
966034
315936
293949
562701
344833
940865
552237
682362
757048
775998
713251
39895
896446
189080
255277
249027
880082
292692
426680
706790
103923
119875
61815
702987
308923
861275
97037
611972
872868
875749
334354
377217
951576
145046
129485
897135
252329
200338
978568
530594
571275
373980
787207
673717
590494
312700
129012
820868
506950
668231
316428
790163
964949
367766
13624
958065
616380
522829
761757
365309
182176
904684
626647
541474
603779
973732
89634
368491
138533
796973
377264
409026
453744
878904
11866
214413
889674
600972
589168
845820
472110
167370
613555
514801
507259
250516
117435
727891
344118
797204
518770
552299
470151
1884
431613
4040
210767
410302
647190
172070
100108
13486
568739
115310
212783
660004
278313
3322
39172
444766
353515
971153
171891
216110
823497
40988
770675
19668
903115
866525
487394
332425
241443
666625
354763
401757
565230
774447
328726
112918
371470
2810
627132
856313
615932
350042
50491
474955
3200
398128
748927
339348
623488
371937
385871
91382
526622
980027
850674
563696
174699
877281
111091
329339
32220
163998
76160
296999
881541
380497
684329
964373
915839
18133
599159
366847
400997
155149
704844
919511
2478
67706
56062
300491
886118
650225
554877
297540
168382
141831
131933
89152
549535
385759
349183
613139
526716
107680
627087
304795
130177
40676
757735
904661
245937
61996
24197
900556
241127
632540
536268
573016
907358
720156
493585
725364
478151
685075
475571
539286
422996
282955
194139
622596
437889
4273
189672
905853
434620
571481
239727
286151
442324
972339
233494
494500
399195
743983
439726
769765
668551
604993
506508
872995
354337
883431
208761
169215
880249
75713
770617
775283
508855
361308
742932
243233
198863
693954
731384
587887
750969
108692
630103
314886
196715
328046
855353
50543
249066
116048
244795
438043
404634
145734
457981
185290
535497
690654
713449
40487
148460
669518
36403
483312
720799
36331
931873
638545
186332
775819
672409
773272
289412
325928
365104
290321
222714
582538
251265
617413
582350
929035
246275
365310
782225
428849
810828
494381
796249
902273
444596
464099
686063
762454
917503
722739
888169
105732
191581
943227
234427
234526
732421
882790
197749
813674
975499
116807
489872
700082
369944
471873
986485
960025
55684
480757
725996
852919
578187
76552
276843
36180
976894
924813
875964
9002
619103
415636
172349
274811
474130
416443
594082
415902
988778
293063
504384
209037
24969
847456
823587
277356
640417
403706
309777
615512
534211
791140
788011
454375
867042
521552
58475
153771
204837
830547
83026
94963
958466
891185
594918
715954
297365
374245
399185
36598
139370
872450
733193
754554
923804
325563
166816
357629
145852
442633
706601
803788
563555
480652
886188
36989
907418
211558
604519
467637
807022
241251
430535
673863
184093
646148
228509
598552
498531
98559
74887
841799
246758
224803
684320
593842
787069
472813
178124
750017
401468
714375
813504
593361
305665
309584
864788
454447
64093
770959
386354
88898
111782
623504
998864
829532
863150
241543
715260
278387
325836
519579
194820
766295
891135
678347
943216
428191
526021
751111
282025
563175
630725
723621
566450
94549
392764
403717
180646
4213
956353
614040
971574
521232
291738
929220
426288
176190
884535
242218
193048
950204
826791
334009
994881
910152
62336
28952
235019
526033
912655
736062
852456
860552
129289
59940
585629
208622
344800
149004
142409
393042
800281
870065
719526
529090
713861
96939
144622
469626
820257
485695
363291
152682
558824
180510
357553
903473
596958
358658
968217
964620
297278
388681
515151
757362
855601
399811
198057
321727
787279
296126
978512
75835
681935
434388
350519
341909
651391
966001
10582
139893
471162
206377
192711
773909
199130
637483
116497
339219
338279
260492
306572
62402
439082
96814
281443
436364
745673
941297
62339
163817
929822
395387
161006
416132
605357
884475
621058
542282
11215
385413
181620
988913
891832
490979
601520
498229
436428
686817
887812
96811
373293
279384
173491
800583
195256
254471
258355
729424
908233
229105
868169
886415
548199
187026
322572
456545
434597
678041
65030
205260
851133
328130
10341
521035
915861
105499
697562
438217
345798
631595
989741
955746
695283
599497
760820
684486
737256
646611
62028
613119
72359
928045
368065
939116
11103
214136
397384
498446
754901
250004
223316
221064
293034
21517
291500
378046
116427
619512
294587
503799
806871
771153
118236
669678
742033
755747
865519
121049
681972
11853
231781
170088
538489
70870
588709
743225
763994
505468
342043
906392
997147
412895
156314
733281
722346
52430
344413
265150
847330
106844
142745
58250
806853
327205
774011
287015
528889
16329
713782
831131
58887
920141
506376
529539
661189
142563
699877
720956
988873
195809
270522
242075
533608
496836
221367
512170
391384
794625
146100
783964
826155
55127
196506
728068
69915
3543
409174
89625
614946
891350
456404
359132
511336
671538
209372
205901
687067
880394
497668
267671
417683
291070
882532
880674
606291
188267
906546
569980
975341
899889
156401
995991
747105
605366
955049
211233
680491
748104
377096
941424
612609
653287
20031
359070
936393
801604
706857
749606
479965
283524
828329
150052
888493
621371
493187
930884
640965
393932
221855
168384
282983
947481
60459
825427
707154
564481
179183
316243
580699
920191
727377
749533
460536
47562
99488
557774
983871
179542
886675
667563
352380
587355
65591
566936
426465
124997
352186
449538
122489
446454
260913
212171
226572
784959
21533
775535
517110
431302
852846
888833
468921
444754
938716
902806
724012
607468
259929
812854
560558
393041
580999
483768
619850
62038
355752
749906
138470
24016
133443
905191
248066
957385
259158
504572
800678
357749
413394
224016
501007
228388
866109
406725
151620
901344
116961
11215
963296
577826
390644
744103
652985
187350
718352
118961
114494
635538
740984
108975
107204
929529
837424
455116
973527
964738
172606
951626
226253
375348
159943
802020
485316
500683
109027
820126
901534
472167
240262
39380
268636
339762
395493
460281
462734
941182
333007
450546
401064
469604
432852
553242
190498
258323
372589
200760
512437
179819
753876
763619
306214
283824
329555
535328
384222
463851
128840
727853
323497
847167
911054
951475
24043
349763
276208
883596
565675
296292
855792
28784
77810
95459
533741
587956
700289
31311
258072
343087
823087
21170
272895
720705
410063
942523
161025
610861
403705
801262
781361
838725
590903
774726
417547
651059
481825
786490
602531
283798
80886
500983
208681
431059
619853
775158
22183
426859
796074
63802
331543
785698
78387
441329
821543
652786
870518
598371
424694
519596
313331
258903
722827
590392
720548
745086
319880
928102
696441
690646
258697
125362
974068
713792
222721
48696
610452
279525
623807
866106
996680
455360
62967
805845
360588
342105
660642
333074
579101
502589
595379
813610
840633
172585
576684
698040
14308
786636
675521
160418
979463
361268
167486
90596
77698
499602
450499
226948
993758
994770
9589
907586
842012
649281
707380
865124
821213
792559
600026
815553
409677
880988
791078
82055
952052
133325
69822
942744
674264
333615
166963
540625
833631
742882
307883
963707
701325
860009
333003
899806
45906
23057
516549
138758
483617
521292
437471
470051
982002
877110
466151
502549
615488
396680
513436
355005
558410
397731
382335
123233
557129
795799
665570
7460
312396
265716
566955
90953
308277
745096
316950
916234
554803
792548
790152
107549
770158
562113
395725
920628
141923
450789
423607
341122
106158
701038
198304
794770
364996
779673
283297
709603
60849
365527
894175
929720
871579
364310
408622
608427
752070
554013
679032
130204
95567
714112
160190
889243
321467
105737
15108
796171
630175
917239
848931
71541
49361
211185
415997
289940
288603
579889
668158
571896
195309
454076
55226
298666
727649
774113
433605
419291
629976
298370
857046
568341
348080
494654
888230
536808
772456
146191
232311
657990
846099
974498
396870
838004
10631
422650
166847
209202
736864
117018
770761
402263
169937
910417
229014
842180
718487
613569
293814
733080
987277
441046
786692
542149
500555
267289
381279
88273
598013
119784
930976
895143
149528
650198
952360
524253
669083
400683
159111
797650
773236
283301
93733
300371
807682
578445
102585
618075
780142
575135
356360
913452
273294
792346
172577
975611
57187
526023
748449
92781
180186
933755
134875
990439
744348
874006
305297
988640
656075
623121
691515
990833
818867
439417
33643
533667
730806
603861
142713
431294
462970
758076
29753
582329
669756
758396
587537
836676
123262
665902
67421
480188
221543
67472
549165
233096
603018
547041
80858
784264
49001
336244
618496
114173
153676
557277
702835
435834
297812
25971
496603
971000
66551
205550
605759
119129
653253
534672
625266
263870
137003
379394
688229
145350
987322
267905
929402
962182
195010
134797
1419
289355
971547
443974
502328
520682
240379
617484
965016
69443
213690
530867
919765
101039
432374
662220
746364
517760
243148
265629
874032
199556
769799
90339
861916
638602
929073
707011
85228
350071
941528
555962
228969
617830
464915
246094
751634
926859
882191
944465
356526
232828
709448
99509
774070
103661
639898
572100
95939
223911
54484
442480
99568
484049
311698
768200
806215
685048
789860
659369
158331
712838
681584
148385
674733
807231
686341
371681
855395
351114
148741
376455
640132
278602
746054
877358
646884
983572
173634
851935
982868
526758
94465
165090
751569
163973
185460
780701
973494
2074
78068
688818
69349
748132
608300
548600
245032
28175
957550
557406
553328
259187
956430
33181
81295
922558
688948
396569
849394
832051
174144
317993
303109
342735
542241
435422
353504
622484
645868
489519
115076
227298
577762
415268
593370
963409
954625
481902
72739
411184
850730
224906
269521
156099
714429
871382
725336
541582
628192
205890
782062
888586
100590
928625
818420
123767
541643
938918
951619
311893
712366
938566
64890
209203
979036
697284
300921
501687
294349
19489
395981
563684
478503
178862
699630
433247
756347
143690
830263
537153
139459
993196
614409
962571
636498
252875
488356
64486
966518
848990
507143
335170
185726
120439
543323
9421
220737
707914
477243
137208
100749
723713
642752
649507
926832
450226
619310
406204
806462
642135
941948
354457
497554
562416
311615
495595
693666
154088
569488
359479
711924
190746
494078
357636
619951
487938
284413
422237
814902
462855
806001
568617
576021
821816
415941
122073
375657
816246
715043
747251
911528
501270
776259
538389
360222
577141
567245
711999
221366
146304
984856
251709
100845
300293
949270
340687
847592
583717
328864
271848
79167
85102
888414
328042
829833
545197
365619
750665
77891
150876
517162
297908
791803
844165
872329
906692
268079
518832
107343
851252
822093
479760
210549
536637
925736
306836
89395
81963
386577
239114
6087
454695
674509
504662
511582
909135
322833
615307
766047
326068
564781
900800
331181
333434
386924
650084
206086
170349
843753
993756
227337
362207
956306
325670
56684
826793
348914
199222
145167
974815
243621
306986
62807
975986
683230
75949
909920
598743
616152
110782
448840
2269
816120
331590
932746
114815
566244
340305
535467
835680
472265
935624
105678
523069
24639
536242
478213
582562
334941
272106
876345
651913
864747
48429
637210
72800
562708
38685
531717
891307
881581
649108
425188
432294
886817
117417
239820
267506
718727
387673
967171
862605
940481
214312
844853
100567
76070
117543
879692
651576
140924
512148
413899
564620
249905
706282
639667
600190
290622
176223
962117
391147
621187
361792
616187
454177
357951
127565
942421
501418
120206
748201
482068
291677
543310
94063
71072
979878
528389
519048
918154
54329
745510
7547
859388
106475
703929
364885
282141
514795
525864
44973
242913
64368
38010
547975
6541
741701
732774
435074
779561
190525
444765
879314
460272
546735
572364
466206
91451
382503
877351
855851
973593
141170
344294
373610
977627
73207
544263
437853
768642
626620
503356
869665
231057
474926
582186
717676
999815
288906
948370
488198
872120
679209
681578
706279
669215
318696
428690
932460
958971
883752
808560
104139
898630
661393
415483
452521
807586
235553
796016
868020
663628
588184
989591
443346
834459
267415
46981
322441
503122
742053
548753
988558
570121
2475
596228
485905
737823
125653
367767
353215
732061
442240
217941
658531
970035
961024
829834
688289
625164
188077
822184
893789
585007
817209
515198
605899
153835
715857
702908
92541
950503
229229
26902
171782
132774
418772
645092
526898
762564
329569
189078
666527
636018
689368
668562
861191
813150
58707
527884
111618
683325
194894
534380
892105
126115
872527
6269
280006
129658
167159
713472
905308
268223
19570
832999
710034
277306
354758
468228
839390
701011
351618
56351
358472
962840
375918
187688
434873
774896
296353
392497
310554
560760
96191
701095
364915
84463
929942
602739
253824
883984
865537
387974
172693
498467
910172
62330
298519
521203
932371
359239
214742
213567
842671
478499
525431
312457
733647
726407
354867
752567
679284
47610
205845
885338
569366
93841
644345
810325
830217
100452
112613
608545
659253
695817
709647
757810
847944
323446
775433
94485
230206
70130
371543
494941
733024
484342
950878
282385
716905
692392
41951
916017
273928
435020
779536
6268
890024
151123
253015
135824
128992
883974
478754
230312
870174
254155
973835
231636
843065
345406
292774
750302
123011
340015
563526
486399
711566
4670
297970
779888
399399
325279
410599
904229
771986
783359
869688
935513
158502
329937
139286
782858
88292
663324
524809
233614
115684
110465
894439
703494
23163
160908
661642
406392
85813
183796
608993
662968
842503
451257
868788
924472
828770
878379
715869
900660
808507
122836
216260
892260
683411
421343
87871
747001
843777
167154
948085
812025
963692
302805
290435
937187
472363
396763
103898
526924
147812
248569
123159
520077
540318
685146
548004
542609
182563
962539
21433
815024
279980
136503
125615
511683
472124
757612
849467
361145
465334
965744
691606
142686
364941
302935
782049
171322
687073
550993
361009
841064
143226
210336
470796
460133
357383
415174
426539
63188
162570
158971
890395
493997
93422
105995
682375
200596
889447
117683
829031
704326
491666
965797
679253
34272
643085
561297
677767
188946
203060
523078
259717
149186
612673
108127
915772
822067
629190
394147
423617
559180
643520
264335
601809
48120
890041
632386
609815
737689
70204
397972
631254
370218
511967
139284
275309
482614
323064
653933
585153
381030
844168
382583
554159
37722
311280
548976
18684
563915
864275
479069
737175
389967
755538
739629
185149
850596
572787
83941
868448
860212
356511
593782
766824
864514
319168
208406
110037
718661
563860
564355
307937
160444
133185
759351
894963
435300
640796
936940
875384
69516
327504
788411
217202
813390
37577
77191
941961
593954
252047
759930
593741
620350
531252
95744
428141
66148
514203
177089
471408
728491
66840
261855
285151
214645
980199
736039
130413
944744
473069
531963
417211
590443
326410
445900
738227
858994
456420
68377
259978
409435
632117
793915
170768
729565
822910
500093
262993
846770
732475
704426
805270
586951
717096
698680
760653
418919
858768
471847
310071
459133
238998
187701
997041
634859
301880
166484
266310
81293
261956
743994
725603
110765
830455
717304
834316
969684
726792
811591
275534
488175
510013
682601
114349
591538
502133
704192
259531
738051
68030
709436
995823
314246
136673
356249
118668
830010
926083
798141
839786
217822
710369
569508
161361
28931
795773
852140
215300
704754
937651
479364
136633
148824
146858
503549
245568
637999
809730
576820
735962
905280
979971
425142
882568
191439
327437
872895
605628
499856
32830
785481
357644
268141
265
195091
328399
574684
844496
734224
265796
785426
37946
81441
714116
257807
668617
916170
138726
263945
955184
991508
763991
473517
77704
277807
176096
831333
67454
656837
317635
618176
125278
292207
136426
288842
776089
779315
395633
405573
868391
239188
324980
262376
878583
898602
979730
437934
839494
551136
604146
72001
668275
51920
503436
620940
936713
493638
306936
926047
853620
252503
464138
252615
578811
91965
148293
542422
441398
614619
289792
323988
190467
299221
569227
470036
902432
50065
859376
923637
798549
634242
771903
65177
782007
59249
717841
910463
737447
63141
860583
690064
560044
433303
61122
628450
960192
46617
201306
890060
4532
230010
654572
964955
463131
317424
926375
936319
246220
80180
329461
404855
861765
264151
156465
111054
846710
832040
476011
880420
599047
806876
38302
625342
824055
601408
620182
840430
323229
774724
853512
5798
520095
284568
444777
825283
310655
378943
341751
939665
413125
480815
628103
135066
788838
364002
29637
886618
50440
435378
979628
994174
813513
274031
888147
28464
728582
236483
621738
523385
709032
565
73641
821963
400879
945976
703882
85782
166011
933126
49786
172483
790393
83676
819993
569920
808220
881204
50031
456311
304169
648233
693131
175605
955201
345528
813318
185119
699731
630213
977642
486999
854002
290859
910356
641989
700138
157681
552327
528093
625801
189663
179872
871080
282423
314246
907220
283047
767903
121013
573681
950755
981268
845065
470395
213128
51169
249216
374472
233066
732475
875025
75957
563040
73653
700495
599791
28810
968704
325773
749299
708660
611228
502065
671380
986728
580606
921821
920646
485602
222100
759039
22552
960393
88670
403487
448928
453584
262063
123634
284960
353054
638046
854249
183382
30500
395276
945361
866807
775147
918022
818820
206305
675969
119522
174090
628320
479505
14503
861544
658655
636525
261390
785736
244937
587740
900560
290230
75576
95940
385943
917158
243321
76129
62518
986413
210011
33474
348966
377009
309818
565589
65861
29822
95414
533073
664470
278667
888050
385287
719858
714198
905713
700350
688813
980916
289125
266172
495414
254811
952051
947430
469719
139915
846679
8438
910280
734709
910062
951559
368880
493708
291326
643343
23378
847961
580148
155783
312280
434748
154169
899564
996086
987916
534874
512806
174087
13812
989166
295874
427373
60208
606301
382804
817789
499500
553872
975277
573214
874968
804711
192874
403732
416990
164727
75269
474748
434708
362225
693455
461851
447594
350894
682269
415808
694195
925838
938580
62107
78544
880296
29970
38311
881986
721264
70888
23778
41864
445640
401985
450678
291451
261199
437479
614731
110125
619363
20392
824855
684550
857178
118164
47370
596561
66526
988986
571402
740197
124417
969547
742563
471991
161973
940128
652767
546209
75403
535141
476825
710562
291017
957449
347892
729601
482349
522023
269152
89814
726064
608344
474395
868367
956059
994483
30974
176338
288744
250780
773026
785923
709470
772981
393206
388342
181073
734344
905262
296822
231679
906835
561741
956117
618438
597626
625722
95574
81694
461845
893519
400994
597588
998762
573181
610101
886494
528191
205346
91490
542127
407072
974729
438294
60329
422976
850212
480078
711334
580412
460948
804103
971160
346049
752414
654591
10688
546769
791914
240293
437612
295252
496901
186267
998269
872546
12919
844966
352255
301243
756807
754248
836085
538010
420104
236363
94510
740583
332733
271600
522995
383405
725607
371379
707985
270842
326071
477254
903925
90087
243430
392523
744900
874841
373413
865078
146936
587431
297091
520708
260832
567634
68680
514936
863757
356115
315203
506530
346115
945661
597675
161014
951681
974203
376188
862050
13024
333625
633479
103911
371228
879111
491552
969989
815452
260601
572761
203649
85443
579631
469260
716400
275450
208055
399780
492675
160906
506943
574778
460217
736415
406235
672220
704591
515848
250415
123013
888795
743659
344161
903733
513433
459921
225783
769339
258236
598796
167318
725528
926877
656351
371182
273620
308123
270492
529627
768578
68345
945210
315900
104786
6532
779094
555813
600635
710354
219569
306075
263698
154873
802484
25248
704171
93925
396175
802311
496763
420667
914126
982735
855926
996323
336909
414587
339065
898049
128023
24173
542143
817474
879595
705375
300740
661547
354212
250209
204470
807249
736042
757145
493282
487704
286422
762952
64071
777487
828325
744009
198097
721960
17463
112774
240437
810362
438422
101183
298754
456480
197722
898222
47627
74082
895003
663824
926225
206875
558958
865202
466267
850010
139950
854886
106361
633422
77711
716973
160223
408525
196418
951824
433200
388872
168619
994026
548095
832533
282515
57809
156788
566304
415495
80525
410117
700109
405627
124439
96563
984148
655894
725004
306702
837607
24455
107648
302086
639446
789388
433683
500883
324911
813380
958367
282511
548884
446635
399835
854527
597604
825547
28530
449701
335487
563036
396379
646559
25798
943662
175243
642994
380368
587927
308254
996047
734625
121128
588355
434420
642321
631920
302927
952567
282274
181062
567074
696829
364187
318532
564459
442428
571576
82316
842870
5738
524836
202632
72602
108790
486308
216489
80974
256348
454805
675261
424714
292404
987402
76088
519895
760810
326814
328857
721119
254918
873835
808258
3029
557770
374101
521835
88025
973191
200888
795904
143809
871461
936342
176944
137635
77638
631005
76691
664281
738087
998875
18378
133126
586360
268320
183363
509669
955543
528319
1471
478167
975325
978365
27446
769694
775666
50790
686150
985346
181627
27567
669081
167165
413083
491290
356718
658285
109484
240525
20788
184782
605647
754774
355146
586920
966412
905652
106268
844657
278890
493220
256813
267163
835492
224345
624651
3254
660172
332984
166764
360860
543601
146128
633577
841388
452706
147496
110507
121243
564904
905778
762629
891444
205131
772552
345068
253444
671667
978378
857164
71266
505803
228696
519563
283187
367936
277393
814661
604122
974288
436840
517509
592276
866719
946835
673789
383356
36422
238933
531305
628843
271401
556637
329489
306297
843421
116568
527139
33914
133574
648274
868839
835672
197019
916935
672203
613706
896014
332558
868417
712277
25524
919410
590313
699639
717897
783902
137195
487142
145072
523196
129282
283126
239000
537447
277410
747731
941971
67112
25666
530783
829865
231149
387975
732626
585028
704940
73090
980049
911803
660148
913929
317491
334434
218480
19508
776665
247516
442149
344888
702894
572177
166389
489406
247735
679353
147455
332378
640339
806131
774374
720530
176129
794521
861555
669615
745611
719363
660484
202516
442712
879684
974823
889612
751647
161084
118683
532147
920103
344292
818909
336322
167834
866227
385966
227855
643404
294812
819785
451800
138883
856452
432175
444472
513869
76733
527075
304821
980902
299358
225397
204829
222458
73455
491114
176306
919118
918517
415828
343620
367577
96373
345411
934254
724413
397089
68239
158390
227739
84239
232152
78418
83725
767691
369871
793265
115764
698162
991570
455079
610428
740620
799148
281626
846025
368578
212531
227051
951082
184332
959596
406580
481911
540758
932889
740691
313551
777494
673710
764282
271989
994046
784554
786520
167219
623939
840973
734524
526504
118246
605880
55578
290544
688080
707047
669953
625300
363499
82087
31699
698241
483960
201801
631635
103336
983801
967977
108018
402841
771261
284777
989891
745256
685806
406310
515458
203963
191962
425480
891162
643681
400270
606132
150704
534062
152972
544779
457533
635031
590675
59228
3797
805624
18308
111984
353722
542112
611332
447806
266709
354070
729995
693975
65852
683900
709903
908290
630568
516932
899728
147805
364272
498104
460116
949746
848930
505657
101735
474758
616821
610580
620987
792631
241298
788688
657544
528381
45508
495231
58922
896062
957912
869380
131281
473573
959417
584549
111150
190867
786762
954830
123891
331470
567217
76336
637807
159107
115161
764884
506323
948598
900924
626868
884274
137224
934946
730884
379063
610449
50174
816215
298480
130400
765712
585395
778439
613586
966105
815398
621543
356301
298922
834978
884308
233774
846909
372280
987475
841205
717848
43463
432342
277194
778597
785496
212484
144153
726233
597365
14466
841762
15142
986338
59371
575197
497669
399847
400445
517741
792188
432781
742023
623232
736016
119707
528379
639548
341227
355276
995369
823235
596038
572008
938345
750239
740733
392750
952103
570995
321893
341391
802076
515435
4027
287562
761325
11147
608512
713463
548844
610163
805675
800818
97086
963513
898217
699690
890233
926225
581582
660318
138154
518354
849561
968952
88999
237633
680629
721994
916682
528732
873583
136553
657835
587203
46105
559970
542838
81603
511376
641027
130718
204672
474618
756862
727593
300824
809566
397612
503619
56975
241975
636155
569318
354420
847557
48083
376581
582544
8303
579680
140672
632848
298544
271848
855660
401341
912869
925182
920048
269310
619204
319950
13152
260681
120054
208583
754660
350642
641887
396914
808987
808186
875392
77803
852729
168389
658970
945019
744950
240254
685076
352823
340892
426285
703107
459515
709611
616000
60833
230994
524499
407598
24325
546757
215236
308024
206911
641170
968930
500971
161499
238285
114552
536365
526448
99459
474790
62960
623346
978258
614558
482408
8680
996107
838962
196880
704419
311934
718235
543211
938617
145291
296904
589178
495328
670135
226918
362280
696852
483373
270174
92049
23644
435230
396194
208612
39579
629358
59821
48840
134898
66689
818050
936419
609560
114497
819042
61607
352049
648853
934280
930381
750911
592336
489090
881490
520342
326583
969890
631247
844480
900730
603460
646152
319939
238326
492436
999622
744187
120267
904504
103480
552817
888748
691707
228965
971793
125562
944232
89569
86974
946372
277270
375104
230598
876414
380675
163261
466215
680931
108312
113232
572836
603927
690159
7502
835235
920698
28403
543989
31337
214145
934183
565152
708643
556598
736915
827025
461486
880514
917377
188417
585543
213165
633748
337023
392802
149774
170736
476055
984806
578733
285389
965222
355270
723008
757604
90021
327687
141608
132704
299035
849639
432152
991950
812906
346530
20260
407780
210750
935850
6900
260599
258856
352262
473927
312512
860709
702051
734261
816719
801564
126067
23719
7152
329744
570566
601268
585274
862082
252289
312067
331795
355617
893148
54663
968516
129777
714280
976720
866095
123874
410264
92942
757901
289550
104351
115899
972791
465939
802530
414025
113750
110129
854507
358925
797784
539059
306747
684784
47625
332601
387603
648597
50596
532952
634993
308593
818815
817403
516352
178819
527990
261181
607718
375018
543122
151573
941672
551408
436779
539273
349113
242696
81494
679117
20219
616327
285369
278482
558744
196259
644315
817004
681538
255778
347598
419118
721557
207296
234364
723043
98174
350497
551578
342418
88166
727417
507417
15370
866946
699821
983306
40618
713650
237506
927721
561100
82102
847508
449441
796932
209364
286272
248920
667350
965576
38549
826574
682688
371946
203228
445264
253184
72456
493277
583511
925094
127441
328173
328896
364599
87399
931347
940319
680605
201682
104079
609347
649704
144471
265542
915041
165287
546662
714459
772235
311514
692769
316215
593001
683614
239244
864767
831917
298128
74599
911860
884695
343085
61235
501500
491370
477872
705995
759730
221124
352326
239153
747379
926932
242863
446014
565691
298824
661252
579740
25895
879625
783866
203003
903535
669366
82639
126301
891298
964444
915307
749468
959262
861073
684802
658900
30206
970927
830128
503165
562125
781928
729256
429421
969254
566536
873725
852449
474434
561159
779025
726714
854659
439936
723538
779561
558213
559124
339022
214232
4309
473514
511420
307963
658312
583005
165279
176183
904609
656999
219685
549133
881048
567767
273393
772504
442365
291937
268001
462706
342374
587729
599290
507528
211583
117849
218492
415324
867655
378447
131506
491175
203145
765851
875740
264680
382810
291878
163780
257023
134777
641241
750299
556158
819646
397148
28805
346299
817169
283417
769995
251815
445784
375690
5121
418113
91093
245352
75013
590825
98164
4329
960181
778144
495279
737741
991469
353461
807178
650473
329779
212865
709270
907732
700284
715136
21157
356398
712996
301199
510061
887772
594039
227794
374783
337510
369769
816540
816045
762155
941608
202031
743504
4177
341174
279294
775632
620253
89023
198049
213362
839589
334051
343379
488036
47353
688523
150249
275347
176335
640396
400984
469868
390462
675128
523522
156564
424189
126582
586648
477922
296862
752802
179455
701654
686711
715764
740739
370592
486729
858896
790890
20876
694843
706364
583870
547073
923093
949742
513675
561429
138064
602431
877403
791332
646384
324546
163662
390475
357655
310330
792753
403435
479416
288636
769027
590184
490797
449597
980845
409233
338276
625744
327244
661913
564368
200007
224212
833081
190631
787079
970582
126397
614576
241772
764074
407868
476876
529236
215758
73012
321987
856162
170457
360972
439576
198652
274065
188756
483335
66112
220757
311316
712021
226940
363858
242607
675379
988438
840774
197979
657044
610594
439634
923119
22030
790328
511543
789720
175337
820626
781794
490475
598748
562494
269048
14207
977156
107016
378933
419249
819851
829205
586599
439524
522825
83558
484617
695425
230152
463116
572651
264179
389126
80952
9285
586660
219781
604192
92613
777471
478756
124883
873775
806632
476391
926223
57897
433320
497654
6152
294132
901286
634455
294780
600193
124855
212885
225696
692273
646194
293834
357456
359426
463839
305754
443402
424197
630881
577203
247097
25901
775134
403892
507719
176038
144053
230445
92732
718818
914055
10955
669864
565405
989348
808713
157271
523311
151182
782953
368161
746681
884898
686143
610797
364166
48645
910216
324073
957007
226787
522597
755908
427147
757880
592163
214126
679617
601625
141584
626871
778604
543057
547602
500454
491792
393414
485685
634800
793183
383079
194546
568839
39802
674990
566598
245412
23138
764381
396898
11932
73395
914059
504389
149043
639147
233639
403987
978604
187556
551121
47783
151532
14881
295208
807000
346229
783421
495867
397238
714388
489091
808481
814234
273957
882337
781844
981708
804223
276497
247483
859730
71573
176630
952337
631420
197704
50665
706125
823343
395730
773964
567223
452852
559072
450376
609807
446131
861104
274411
958221
24931
607900
393093
714339
505751
145003
463916
153357
295270
684089
112407
83331
191826
778082
773938
332905
439492
594184
921628
600594
922711
994262
908774
136678
454107
479370
358527
207634
561031
82753
779135
563354
866499
959160
171950
662478
301361
623933
130115
85785
194715
262399
288397
240200
164381
914233
654956
221051
74506
152192
607979
411664
235058
583509
903590
549399
859552
607678
16843
267985
685354
61473
663216
695853
388966
487033
813580
517083
123199
447612
572977
231662
926723
564381
557690
162577
511469
916923
983901
832704
705785
665860
905526
878992
700500
452933
901523
480142
731105
622719
903794
81374
766086
553424
481851
142467
938052
367521
762054
225196
203578
477233
84177
841076
287527
87247
976799
694576
495157
498568
688210
130065
986310
884488
447235
815524
493723
9409
688660
462525
195811
414908
960159
975350
305788
788977
144284
335942
388425
19069
956373
45086
38201
882404
827184
162160
413865
278487
144964
733431
684730
911744
245258
692452
855508
14706
822221
348922
426880
177933
661049
996261
490364
573476
260467
896652
215790
330956
518268
188490
971213
209048
520804
811831
44588
92119
983001
46288
625
391496
292093
471
427599
49154
46601
736867
801755
184200
83534
601883
89076
16817
940511
379178
866402
443591
495670
844730
647057
870546
47282
30945
102345
971501
584775
66
781011
227731
186454
217260
123179
657696
34577
35412
632579
342782
807293
580696
759438
141162
597899
857146
111007
713871
86383
510560
984033
583244
601845
470294
789124
351351
32333
677983
841784
149042
883925
794515
697090
657837
85606
68091
296453
429197
123568
447689
47295
254201
848432
86479
702156
17795
232956
425405
974382
149459
28415
711246
59471
334200
177357
568093
32801
556604
211422
253610
133520
500724
654759
427313
280135
957993
873268
824791
643766
197237
135316
416990
648297
38055
618703
537210
156062
738658
429569
795837
587502
179161
259158
191257
425063
768207
82254
721980
1813
729405
879696
54084
499068
877011
921798
464089
937448
697002
298951
947944
175746
872684
986292
38563
60982
56555
900051
655032
709932
78411
858345
483090
612621
695325
972487
139239
401026
535722
918523
36314
706800
745952
530445
913966
808763
138286
361267
64396
123277
487676
658757
598607
832987
195998
500723
120897
514011
519850
644979
795100
934664
892845
793167
675736
124758
612595
834323
945682
781645
304447
149745
956787
731701
244836
846516
787668
966337
689405
886928
659645
444115
999980
840806
245748
797901
744547
416608
973629
356733
120189
87078
475055
797043
793194
740778
790963
948255
741451
504967
87496
327979
663426
132744
205345
364409
50896
640860
956931
163782
838029
902198
237480
249555
572036
556638
510851
556452
249698
181834
114037
256777
506356
876596
475994
88527
579849
7906
231918
811107
697099
740592
354605
610077
491192
915789
544616
439222
242694
181246
869102
256322
527720
893356
583455
510655
648267
972828
490958
32838
509906
92497
493904
524028
440276
784416
460567
542282
814006
327059
984251
613935
290558
110263
685164
19632
445602
696947
839001
351469
324888
687602
757595
591154
861442
12832
246790
326266
363327
205569
708619
690848
882883
428524
968321
573319
161995
19766
351460
390664
325767
194729
890179
246253
947957
298331
489477
926055
942983
769346
780435
873442
215393
77
873491
891308
87583
261699
224086
998391
203557
264427
742941
337438
117883
167972
936253
324358
851412
280378
404506
317162
133980
573877
489153
707631
577302
430900
380891
257537
328344
964474
734656
218325
621622
923749
662925
842085
340677
103793
105489
317807
153703
848955
371358
739083
687806
109853
87828
690864
528640
514992
302554
773243
692566
333510
350075
499639
340270
864129
628922
923018
994244
320265
104739
223520
656611
185476
723763
444563
387979
72063
252425
593818
137858
809814
677944
6135
395959
337726
849019
901490
155689
883919
529550
915935
809004
285032
256919
327318
181237
885515
318185
849257
645320
145841
721455
595887
92589
868757
119295
269668
776884
625104
835567
636171
529173
57835
480899
521056
200216
522477
818070
230260
730227
799884
18629
829796
102489
655511
219681
254154
278733
138735
591706
806629
650122
250814
518578
403053
721323
613670
535960
941295
835160
125859
189921
663985
510351
303093
587488
546035
757964
576716
870316
542547
34255
769377
226905
55946
801395
820237
524573
584445
189529
620975
643729
280093
554079
688218
794388
771557
724896
423249
740928
730304
638504
273152
138210
940669
532327
722694
999320
587585
163195
95267
834186
392670
581460
413922
842708
148327
106618
112638
274925
704261
704736
502111
241448
646337
957430
651996
749255
713361
298379
233714
831870
497712
364072
481159
161583
312850
594962
422144
688875
894986
395480
120323
448346
639814
163356
795506
379199
789448
911457
458798
143701
149536
873914
491072
262072
581716
209182
794821
986850
269243
393712
169251
51752
495115
423924
75203
44931
379170
334688
694462
510112
975063
167546
113539
674205
221959
189894
16475
528042
947143
242402
69154
312180
831322
184585
682927
269261
847359
758132
529965
844089
299472
331379
627233
576056
703064
766990
180937
476950
836406
257839
741729
813989
362435
473613
153831
627174
876534
781342
820381
887208
906931
430896
966997
201312
15790
373008
355577
231718
265149
391156
371775
71158
879449
920828
525773
965186
298098
78312
124112
603981
122586
747511
869616
216233
332542
969799
20463
953782
861801
140115
181937
532889
349569
560379
197997
990680
593085
64463
267579
892864
203235
795391
445390
335845
701953
407746
499664
549349
689257
485196
10786
670114
437233
2582
118652
405198
521990
19033
175592
480574
486818
774984
797378
602627
514827
369158
646256
225004
453788
238107
635472
680367
937055
325595
131061
355953
772797
876359
359433
987868
576738
294224
853278
530897
881608
295636
878032
651755
482136
857860
494203
105684
116038
526093
294030
949310
155773
466405
920088
498518
756632
102490
144264
276593
920728
637116
838411
128353
70042
389415
578595
178413
53999
256983
149224
626716
69826
924149
436008
340565
505451
1044
318891
504810
987694
275665
120797
421146
713696
485652
984327
608261
869271
573282
315568
263422
481868
752050
397628
757957
123853
585559
618670
516205
909356
510473
327890
496400
835421
448144
364025
535171
972328
948769
554453
34224
813553
800908
155185
393249
624848
737093
471641
819830
644017
438454
835488
112425
115235
536768
540186
888398
716985
889146
957493
613717
880604
801826
358562
154994
261432
20865
646713
252702
618924
570760
910762
113140
272751
884945
962708
664111
546926
852397
825235
739904
217376
433021
298560
786072
227795
921286
695176
651689
301746
750586
766810
776465
516637
180031
904387
440590
981643
231302
417568
84820
716251
237870
615017
811822
603967
613433
182813
953192
440408
580140
916828
67224
329670
251283
766744
53151
96284
160964
274234
411516
669124
624145
85185
582740
109117
244761
477303
593409
635959
856295
11091
448082
99238
81094
106701
766289
800413
751118
283740
63646
742309
761609
559850
242094
756183
192324
616064
648681
971870
476290
254441
970426
97324
742028
310325
873438
316572
97018
110671
712671
931433
903195
615933
158777
555476
982528
219385
757066
933932
596047
581464
83987
633634
858061
448765
657240
915163
566929
132447
744214
674258
423547
998878
16081
189359
710532
750582
277295
981944
333428
98367
391489
752724
430217
223104
130539
265296
549177
297131
192658
287631
332246
115902
667919
544341
875658
165217
531215
819437
312296
28328
977547
27690
543077
917610
277826
298348
989247
924041
145622
61121
516815
218434
889048
456971
295350
810246
131277
965904
619332
280329
523385
761004
168663
153460
24714
725753
718930
524638
369837
562476
274086
127992
99225
87324
149772
531586
939069
237859
878079
607955
763445
92287
304084
2047
746003
452562
773283
87647
702735
796174
49242
878048
693893
301863
16946
611586
408268
129673
544980
720679
463700
925204
423122
504435
903659
201860
520127
641408
670660
648713
25779
167623
805000
580020
92049
180920
655205
201646
466307
246916
626273
548628
663000
773410
917141
250246
110541
796669
18309
99005
973493
815373
316069
370140
302264
131847
958258
115284
496183
758692
160644
939292
904699
921203
792666
610357
618220
480499
853037
612646
148317
583516
135526
660079
606065
553896
991562
68995
294893
762904
941876
108121
384562
156166
807556
192900
225505
108686
269442
24964
86065
669349
188972
639228
93915
20981
998749
479126
836897
22588
503784
628414
115014
646620
159142
442609
435057
610083
49475
451516
738733
247145
629366
495857
845500
477214
656320
940463
377127
761374
594457
631379
95744
193732
564943
290752
838654
412055
198166
789209
219909
223586
110839
33607
591262
909502
615201
751060
196358
703603
623927
454196
960205
708648
657113
322445
328678
509367
764589
267625
359817
709254
362054
263861
829633
574438
377988
997489
822033
643795
246370
239905
198824
593615
310898
153293
571871
717362
603287
151160
984909
479903
761303
892962
426287
319369
787482
560824
963449
243502
84745
279782
939478
352518
813081
367287
105576
648772
344815
807645
303764
877404
327563
932534
867748
825194
235018
366071
946822
60898
397510
387256
492209
851676
355185
847932
357146
175038
109522
458294
898676
543128
297844
577824
29085
235513
245669
395127
942970
689405
690792
803876
67300
460007
330675
496200
573521
574167
784972
13431
799121
552852
680219
758978
189220
532628
438144
941265
598555
196319
730551
582234
238042
76701
158527
962489
633090
193162
672058
322625
562485
949487
47756
455281
104947
535284
657520
731689
233675
263175
100105
555065
332812
879907
421365
563630
206498
478051
359764
563314
994336
608194
378674
338745
204358
27570
37728
473482
119463
95413
296708
513538
90353
702768
641286
541281
215726
395936
379093
925966
97260
74950
98829
581200
492547
625921
882868
320029
234073
892959
510852
48701
302362
89421
113420
418425
280286
670800
42413
734369
204202
243531
752323
284605
879523
738602
289100
558955
844698
327153
242541
225128
904835
794819
87499
265536
982843
491623
129244
802184
423394
412522
678012
61719
949647
292440
3036
40432
545888
859315
730937
50943
12564
86828
88260
381241
551677
479547
11530
941663
580204
670308
958681
287572
224419
7455
404441
632326
691145
445247
527990
97773
977056
61984
839353
513042
392671
961562
54011
179533
86303
772771
738135
601370
651070
251258
523646
15761
80533
657837
570576
542920
44239
24077
957629
889075
641444
592310
677574
684377
745874
27357
499911
160441
273593
518014
190243
472075
834323
210283
711846
514884
152717
964583
210466
241947
28120
710225
599436
829431
129993
266249
355161
503210
801417
658604
648446
242649
533664
628612
32774
122286
875971
457206
502600
861502
77482
68307
857673
298307
966514
85870
657282
200826
624426
958949
239645
718813
270173
546296
772454
528621
551504
430397
414599
290925
832105
751441
218316
354855
869908
710747
143055
471524
452076
684899
219850
667925
558985
866223
636558
262850
470089
215590
722399
750662
347309
769339
674043
525565
125549
877814
397259
917055
883046
71567
596309
910897
652754
126904
142908
305589
178810
486802
994022
89219
580829
76962
36973
727260
684065
597872
555250
812292
60415
965410
780875
620435
870634
721982
494889
22667
68871
307515
365848
813009
730706
955433
402267
683247
944349
732727
380705
335194
561632
299633
897904
951768
908373
794941
644742
15802
124745
215014
88284
634046
343430
485748
11216
227181
191874
691074
101721
93741
710325
497250
532168
959169
621516
579443
947133
740792
145923
912494
964563
320743
583574
378584
68419
766250
449229
1896
459724
92812
226023
477188
725308
557581
357656
624974
311424
421603
946790
297461
629107
646305
272113
325921
257225
90556
870850
245887
433098
901765
21776
603324
11620
23369
176828
85216
398240
964811
669261
76804
980416
664672
752391
58494
829740
302154
636892
201603
54679
488608
617891
432182
794937
406652
911841
543643
462676
218327
199067
299759
260552
324186
495672
90233
297654
373021
877240
316338
193426
779476
54902
311554
384028
72509
366375
20484
140711
994910
462253
231101
431440
959087
759559
646997
855989
556680
548359
829270
996007
90652
913367
790787
649918
990454
25280
693244
149716
503280
482119
123587
498801
450477
658446
372674
355310
674847
731038
854079
129993
544812
732230
181625
725040
922864
18033
96878
872234
66297
407501
516680
274836
348865
473995
750361
882837
839050
110205
700094
513514
868897
133750
178836
116005
241661
3708
916547
355425
824643
850371
768235
585232
538948
688751
537804
21784
310341
441955
925807
39594
629675
363477
614123
617311
165684
275859
653871
97355
982599
998551
119180
108689
828342
401399
126301
824238
831822
550491
952886
708007
112324
565291
988380
654459
749902
54187
678971
443307
94601
174503
761155
577007
115826
870138
681322
454600
7478
870161
877227
281287
140545
870417
336002
652550
711774
960746
944094
170465
165051
820494
555308
64238
48769
898825
505124
814477
755359
370271
190514
266559
67629
858199
645564
298152
133979
447431
764276
123483
253871
850059
72949
18322
482046
226408
491297
633589
878525
911124
479592
127618
563465
785820
277157
767336
406001
799663
543848
820805
96357
920961
163773
626409
2561
175119
603439
768669
810535
52872
58765
460208
307292
116450
477382
116774
266177
230663
513421
505492
831608
761902
115740
955272
664249
518403
163254
181842
283949
282380
128339
84955
380168
968256
501347
161075
816280
667782
902376
977040
639441
894254
393300
832261
661829
659252
874982
482927
74736
633030
125819
550231
988998
446215
614340
337645
235448
261363
901586
958568
486162
114842
237831
526198
21094
915480
130827
801797
456837
834777
920660
917284
787944
436638
31674
7687
812627
157991
429180
577941
174182
321995
490140
240593
77091
292448
35695
968943
823659
918307
401462
636210
34380
251984
448426
227156
23665
181314
958530
946846
817614
31409
434893
967334
796100
80640
794764
834432
405657
865066
1967
405096
382359
697893
680737
435078
389921
411226
988604
670921
213644
549946
971044
326654
437188
851820
72285
818091
839762
290667
75837
552235
669863
391744
272176
994133
115849
729952
636538
993335
662379
375920
856127
906910
39363
141498
675542
562102
647225
961000
868818
614348
544056
914964
113755
37651
4861
254783
266684
556282
692366
109137
559149
917279
164026
393666
92177
270915
689272
572603
93210
810777
200470
182461
13892
227724
740560
539054
118618
188826
401738
86912
902402
820450
644300
526566
992753
782431
781145
312105
368036
33404
443183
387540
733538
996509
459454
861303
49451
947928
142563
591756
214391
447878
945926
44421
908324
342328
607464
276242
388871
204607
581070
419266
643431
51601
319208
832692
218727
308456
638738
698469
575465
37974
834416
942429
116872
191345
327721
514511
374781
697259
396132
778889
316918
458209
20696
988636
235428
297771
997929
369192
720901
822093
500144
416243
214679
637411
328838
330323
284152
126612
438849
878386
35215
462565
704854
944173
162292
838974
778166
677049
902669
547412
431290
627663
249929
389635
60575
818542
298914
600508
740226
506626
456334
190263
945408
809950
740474
598644
748008
655482
219181
46439
731795
219639
286601
682028
595086
400844
137909
906926
772354
749739
621808
514265
277225
726815
98282
532039
915628
156727
344344
230054
489079
521127
972300
681861
215725
846748
228926
704177
160896
1726
436800
44687
872179
594718
674851
224745
761777
844311
395693
20455
887401
103392
225353
711507
429645
160413
865872
169865
268536
774059
455268
493009
763700
857951
367194
819629
33193
781627
40156
902838
81338
850023
381633
736431
529179
683922
652511
999040
2288
429040
636845
505989
18604
926615
232855
897101
958941
691075
444619
106537
176438
12214
332515
694517
308007
614360
58737
827394
821414
348511
952272
248795
661374
640389
974099
439746
636734
36922
305568
138052
963139
791530
10931
903574
588905
212380
423351
929528
221756
88897
190240
307966
127010
351565
366156
284043
293469
637782
688802
260229
323005
346478
167227
513943
955816
55315
327060
695725
475762
974118
473804
126100
440887
505090
966329
75222
412655
240132
689450
775682
955756
945985
316773
178040
12564
347039
908129
861893
868770
343759
515449
310493
647830
184873
344115
788441
849693
280323
224775
998436
15958
634939
479639
602924
415498
67639
546020
235484
817443
512337
577579
157470
711176
553355
616201
430886
463957
872172
566722
627080
231673
92076
574572
340750
54591
647595
486377
245245
771592
437100
518225
259961
968004
83979
588366
499582
353230
681581
760058
481502
743625
611142
541482
263421
930838
640080
23118
157652
918530
578081
45826
206529
513832
832471
347391
474230
994570
804932
386138
50275
763000
622201
257995
66338
466142
706432
974560
485271
77839
698947
999366
340225
388160
503988
517095
372908
982351
701588
16650
136925
450667
726649
538449
48862
884121
866674
120055
919014
40123
39046
11695
436853
538714
212110
660010
714638
337010
717658
124806
364225
150140
7649
465294
436212
658298
40632
947995
756395
894219
972446
250266
655633
530697
892189
884278
723914
805081
829194
342983
578754
41744
876858
728973
687715
470580
647627
512849
155441
707393
385430
669801
189233
796654
669815
668822
403272
821100
348972
737170
144603
452821
711762
551061
581969
495962
861374
372387
632543
985615
458644
144745
924184
381751
161438
691284
134186
993317
802261
96248
732320
191847
171223
804244
816663
852459
701463
403569
982216
357164
888457
864578
632820
861312
924590
438080
846852
185850
354259
818638
753058
134964
317999
564779
196930
600774
944189
283487
712878
763642
315969
186783
39197
676518
431122
676949
538675
647224
607126
764172
920424
553936
722374
738541
255670
617088
828968
92365
489608
373820
546627
732981
197220
840003
757100
851047
140941
493315
407355
116158
950385
558215
842762
2307
601593
523126
39198
621395
811975
317987
489870
651776
338720
705606
938442
474895
746870
208193
200566
74769
707982
223466
15351
248961
433279
524916
515969
384469
718245
15806
462469
331018
602669
116108
534974
930993
395869
35294
36768
672021
154733
516993
605049
464480
820675
282322
132067
776514
806981
153256
564909
465514
736630
407925
694515
809895
341931
423239
802213
665276
173417
420235
514364
775256
471061
735238
42280
726089
397592
412187
809467
273754
512847
461430
339042
721820
487657
450223
154548
650751
445981
60098
429383
519300
611268
406410
145328
635662
859161
411282
450313
421217
87830
526278
8914
617321
344573
418812
625256
963897
212872
984698
995457
816182
981304
947762
29957
109207
985226
844910
986462
758862
878377
785789
729925
840134
486329
900999
784453
861660
57758
880751
244965
364873
878007
971057
263836
792338
480940
178052
526983
660651
250023
429443
889142
925955
178386
249614
405571
313106
187589
943603
366700
171830
945842
275930
527294
161939
524285
2472
919214
926267
729362
660433
718058
605212
976635
572199
454370
54168
210011
880849
566915
941830
108193
69967
409222
918779
412740
516403
803945
754634
639204
131537
526317
88499
404359
729010
68
709829
324785
599988
266103
729337
63400
77607
817289
567612
829167
359916
275036
499129
735579
639854
103003
616539
210435
369617
896538
914176
436885
961056
48898
89753
381499
451948
223941
52041
790533
723439
130812
274351
326598
845847
174772
492499
333671
653270
228869
817500
280049
876416
452123
332080
570804
577288
94362
799696
42781
653450
370689
905602
714155
70248
8790
408199
505389
326524
388517
63477
119227
938899
514744
589498
681621
167785
852487
922091
12772
724527
766837
577982
869525
888993
953351
71036
939072
808082
358154
796717
948982
307104
341045
954811
581521
741797
900583
200110
860426
306941
214132
264463
350069
701363
385073
795056
415873
986098
999446
504912
1403
600664
553438
89936
275382
173981
812046
101510
502334
781815
471565
315745
673983
676322
500086
997608
580297
245555
147287
491351
819940
599284
125618
179938
638248
442442
141997
415932
269462
449705
91709
394440
650108
879878
872879
361554
511552
23205
23140
3569
792291
474699
227061
272842
391445
30603
530568
909266
459289
702168
465337
156241
602378
818474
185437
609098
926051
236057
774639
24284
808139
111965
713784
722236
49012
654916
786752
750766
843107
407114
396059
329082
535401
579870
825847
953731
345207
482635
937386
79803
312011
992147
822202
267231
948244
737509
520644
81579
54943
917255
348266
656032
886544
975221
156135
274568
664266
467308
124197
698072
499615
75108
49337
471258
545248
69138
422433
789706
391273
469458
84814
358314
155778
953100
123768
19388
818149
304794
802617
317343
989748
850387
170456
276513
885535
750242
159453
591751
353959
196898
779722
428446
77178
851859
17656
236183
181105
317124
634446
6676
477095
450560
751022
94218
57147
278215
233188
287547
875435
360494
698173
34887
593180
188839
845422
103434
937818
246687
651058
692549
335966
384722
694937
633172
291124
532548
361599
242369
79348
5541
483301
307558
661728
973382
72395
553477
923665
558545
700265
166261
227131
538446
332707
933260
281107
712175
659351
241239
767526
685302
457048
245556
790958
330271
249250
968639
968117
570989
961615
402089
888405
580730
954469
225513
62338
712232
218190
917678
413447
779961
265103
267255
616616
875754
445982
745194
515469
831685
469174
713683
889507
834974
66316
954783
923459
767790
597911
103866
943305
396695
253103
843279
388127
163982
448717
745872
141991
382923
218653
63629
277192
900071
50690
890223
960037
620277
392776
690116
55674
818059
404829
635480
722621
388607
874651
880132
875774
883983
913147
559381
74233
333660
305900
71692
20517
394268
45148
24574
948971
779272
94191
924104
342323
407633
896756
305657
100772
972865
255185
856684
630029
264367
854428
218555
61130
798793
898973
184501
536679
515684
484761
316845
125471
147896
425513
613881
578801
108633
884651
857694
988198
867006
915311
36257
535682
449892
397500
895706
816188
330555
124699
9064
536208
716734
384780
51072
577299
186000
735636
90290
116333
586492
792207
679946
382405
617865
801440
853781
834147
528880
95225
468173
977463
357255
888039
437311
938676
521595
598904
190695
782673
685702
954834
122559
491992
333186
519027
160278
197746
469468
792897
31716
21818
936648
307704
998270
812873
749804
335021
556260
988657
333775
732976
1400
663802
985502
41234
506276
164790
902563
323869
353011
214289
825420
361589
788193
27824
501356
377619
787952
144812
876077
196978
378609
789845
311902
193696
468189
503932
901320
676592
820533
228237
868741
135557
629365
832042
513965
721940
758182
868046
472699
983289
223448
763734
605429
857453
718985
843427
126587
461891
851617
39645
341441
621371
111250
962185
977697
894029
899279
268505
405494
905043
969526
521862
655155
538701
307856
915444
665018
803643
354269
288255
942125
228872
17446
571
164765
152664
972114
509245
752066
74330
378252
293961
315134
879892
123243
6478
940718
45925
333344
176536
21114
210353
125088
548944
90011
358997
215278
707904
171731
599550
407438
667893
436921
984206
379624
17665
128261
225619
306941
236359
797990
140950
757049
634920
869746
253897
405423
403150
80977
569514
539125
646197
135608
582499
364815
950115
294435
445694
198595
451391
599990
472820
483791
169362
282207
338018
656978
153654
230461
848423
54498
215184
999421
552746
985636
467163
307710
884350
2295
846923
884000
539071
595672
73805
469291
886972
543447
780504
778116
902086
223869
537080
919621
323871
306083
338533
749745
957629
184637
657658
330533
798397
70388
407773
842569
578717
976511
356520
969172
29636
182542
125063
906240
649838
829766
349097
711387
328412
475425
192773
792365
57899
757990
819639
47690
602106
582269
45250
857022
840088
89878
184033
814992
720820
510369
850058
914368
347869
384565
942085
706534
940100
965412
988150
273802
532039
200839
366876
855020
88632
483449
511838
792082
406073
318703
856358
103267
183544
710709
846349
366091
959296
802509
19057
347619
813889
706163
901577
121844
984324
933967
85339
766316
774909
717090
765686
482430
796813
407747
977708
838256
551933
55707
48563
147352
321759
862272
886157
437384
463669
111219
337808
526114
849111
571144
600749
78016
603048
756309
763229
461846
831463
427515
622180
158602
778707
407865
736500
599799
68279
537763
740175
146313
17714
174690
592813
583081
522904
638927
375904
777603
425221
463207
288344
638212
389185
62546
788377
853847
261095
969744
245861
799641
831965
308134
928029
582762
177776
744925
918707
187948
714207
231810
930603
369758
647009
599788
44650
166630
886788
537895
256512
670526
192497
22016
396947
251339
153247
552353
692392
437905
282226
205189
400307
241947
467132
898746
514306
24154
842762
160737
755317
223048
812743
697200
210543
962367
157575
769673
97208
289660
766421
335302
540037
665426
334956
618153
329134
559044
917004
257850
199476
205653
285655
886665
551497
582812
538092
618696
592357
848270
790462
340336
317396
600214
330577
724667
892204
130
933189
501550
618686
174308
682633
532660
193425
66699
426951
704370
791085
180196
248501
171678
373984
768102
693853
664949
315477
501852
600436
948012
983451
955729
605366
287124
407578
781595
107366
606021
8671
655417
653680
724342
688463
540472
347695
300903
567333
341576
573735
872572
565859
887915
269866
352336
501319
598592
362807
733513
948787
864738
371588
233008
917861
221118
301277
788839
933245
987316
235706
769688
334589
632287
13058
241362
425886
248594
885593
739468
998238
889163
772324
710447
312693
53203
432154
705755
696075
117844
564445
213241
642903
172192
634326
949182
11063
94467
629765
650917
537967
512701
650013
497436
274455
261861
371747
271555
652967
965823
843205
246138
657834
444544
906787
482714
819667
880967
111934
856818
705784
24081
481695
603284
597718
476010
111845
413552
732343
804046
247306
740634
229058
649902
337826
87408
561079
846346
1562
712104
207036
982026
81174
53289
150508
123135
145569
330450
459123
946946
154637
616580
338901
849338
708219
730006
194218
173502
191041
558891
202108
516210
220519
891992
952127
608228
833190
744239
610873
492939
750475
85061
247263
805812
409277
859486
546278
868954
595734
39900
38357
207577
419247
59423
174055
603700
103232
589010
836754
976727
468376
631408
729552
583155
409244
492620
620646
604389
591202
532959
654975
80169
599537
324999
341976
389776
519117
560018
428506
857328
584753
367060
259751
123267
2242
964365
622350
280525
783000
454635
807895
157235
223887
825299
594106
971330
565457
663912
238812
169352
672286
565057
182312
252329
821946
571027
831045
596679
894610
52956
38138
142210
547329
585898
511175
285985
127049
598546
778729
716793
495684
927065
465757
543125
327891
533532
919124
976691
166982
883740
328143
957430
119108
884877
363765
858872
106219
10734
422587
806813
350790
470913
738352
19414
606427
998476
377181
292997
255800
864088
153023
936405
495404
545825
107903
356508
934186
294552
359138
931933
597419
663722
958874
286939
256235
187660
29441
166410
219917
147476
376503
937960
704778
161979
666084
853520
193060
329593
529566
81292
652245
49623
230549
777091
125676
632364
456125
699899
922337
46444
900447
176827
881520
597818
823161
326488
497803
287579
668239
39684
201861
689090
165213
537008
978420
849983
678477
104242
893244
693936
477136
951676
521100
999817
865116
561491
506031
147576
455821
712321
470200
33520
515983
327552
189172
713934
936340
533015
388700
592162
678463
262645
882905
469147
500860
66123
586625
305428
283812
547106
276251
161814
855415
794621
574935
666857
236644
822301
503707
160011
268608
3879
763793
992654
724897
399165
396397
490447
146654
864501
493361
731879
535590
615969
858136
498349
401807
366216
351979
741311
767464
64622
658452
139612
863077
783669
602557
646707
927673
37581
344542
916260
135155
322304
405865
545469
645173
25710
19782
332062
272837
359973
606348
116008
626928
839856
617563
906179
392754
605017
404746
419974
857128
455347
21988
755440
282275
526692
276839
353589
176258
286514
821948
353555
194508
462088
33924
878141
73759
153073
55791
185487
529897
808838
131365
204594
160322
202853
804183
826642
250568
82456
961580
256755
215593
63730
796201
411406
827531
455
656596
504202
151369
384123
382772
265770
167964
482800
393030
815376
821876
904069
764653
741652
768285
926347
870227
177478
733523
615767
468598
573968
658498
21266
465979
716054
119166
307070
477777
891946
643581
678506
144470
440197
514027
45610
872133
562912
555986
21161
376060
506625
508941
39554
46145
239579
56335
451536
890278
16413
665152
727431
246094
717652
37655
790826
23386
424125
634593
31685
259041
202796
479763
717525
857587
210563
66137
691945
614877
72038
59376
393498
641494
239096
565322
90339
529800
675310
82544
636116
245216
931286
210745
51620
783940
742920
361464
863228
823584
950708
17450
985943
673503
375945
44732
171741
272358
732263
268080
201739
650941
108622
594948
909149
518291
438157
764916
2235
421015
371707
379191
89490
982204
298568
22121
974912
19012
961375
113298
9254
333922
679137
315836
236263
3436
309932
589598
658329
895886
203715
672710
379232
209571
772448
957425
679739
888546
164022
622728
34905
800636
186022
965968
304381
875116
253109
320544
459533
59303
186429
258685
609092
638302
96259
960935
306434
130383
603843
370667
41507
969205
28389
87755
30325
111064
910607
735965
112227
73430
242896
717948
260870
128881
322370
475420
735387
587865
44715
10703
601749
653868
253462
213879
190421
545899
625854
808545
333348
568537
831218
713196
216378
502724
384903
932471
226477
63241
295820
992260
695453
112398
785545
229125
888503
693562
746403
275253
460734
153988
415180
437348
801787
917560
642752
903585
60481
625202
668295
149957
498028
133960
29498
575541
475413
705219
164955
671287
259820
545605
582779
255759
363881
450584
44720
760351
874648
257669
686624
303537
743348
631362
109003
82972
318483
868252
685648
247625
386109
933019
44972
770940
428655
454804
319203
940304
551498
477632
938533
385740
828981
233217
196706
164310
621628
384123
154965
225055
617682
510177
580495
41570
275795
570733
431802
703292
168660
710979
45047
859637
517884
627382
696598
544430
443098
8052
854757
77340
840740
928641
545465
247588
675310
187774
320820
291395
480029
51034
69595
648574
335389
617375
113000
72039
46914
307983
405605
821333
897401
848649
19099
156111
622418
534403
612867
859330
975594
334350
448003
539784
998958
786410
390785
241057
368652
213412
263317
313177
83390
485642
58939
106980
606062
997238
719791
239340
920200
184349
887868
965121
835600
444467
360838
194799
976125
208655
955926
803402
122371
919991
648859
909877
968529
704431
966729
542003
656232
210128
469530
736849
455721
221167
653122
266146
660638
396680
636209
675067
674835
530569
372924
660261
731158
147621
841565
597379
95843
510219
767107
686309
471389
232278
359959
344119
359343
885674
981559
517993
590639
560145
842025
831483
809631
5835
28122
492483
364594
480978
574610
938996
344500
630975
348418
290601
652876
590876
248714
866861
572810
650485
863800
916399
812197
105030
3526
995340
357146
889383
842572
907584
931528
624598
851748
571531
8195
141902
600689
975734
967835
825801
29049
564577
623549
361626
965685
977860
300763
202623
461367
430229
741793
382110
345595
28105
480579
977937
496998
862941
652554
707847
184233
906522
366369
222307
515256
610550
214293
523674
101165
279565
495442
313825
362306
222486
510398
626542
499480
873562
91723
312688
564202
341284
616302
349007
552570
573725
155362
42743
654863
909775
668813
303376
648266
409995
22704
403545
902913
141913
866972
13611
375823
966445
73093
850520
818334
815436
389022
150704
604122
365418
615946
115805
820192
293378
279405
243037
271336
508164
275010
27900
419967
672174
254239
907231
588294
990195
413996
43680
895034
230327
806599
380692
329595
680734
513739
687804
71576
429778
133397
106919
478030
323245
92211
372603
411634
396600
764744
43941
696475
664119
199787
388248
400973
997563
691806
857797
77858
315785
710373
424841
683317
82354
707336
538138
384438
31031
843968
367431
913686
757338
143615
252373
228996
212095
232589
331847
472461
181855
619130
310337
181229
840315
954970
280195
213981
456180
460751
223966
826821
567962
15802
45434
462822
236409
946673
587502
826886
983240
706643
508536
11306
672151
436499
136028
985109
286601
402708
117911
822686
264720
924660
537506
775110
962329
823282
377342
768036
580704
260688
459604
331161
580023
690663
737928
93411
269667
682735
57981
409887
892614
185700
60453
750206
230304
121579
946966
294825
131127
785374
881040
860912
691068
69986
151290
486957
153153
806246
994412
764963
414410
474749
355280
587813
46693
707466
289994
660987
169739
662134
884850
849552
944772
230180
302935
219269
439765
993831
422790
466254
239186
150572
192671
790852
494054
