1000
843835
751663
49134
236738
919565
377618
561835
781737
804646
298159
698346
252129
546442
434802
201987
738773
845785
834729
882680
804553
595958
502818
612171
646724
379670
594619
692120
277024
885385
54137
465747
175528
879969
215517
24736
277525
718355
756340
558146
438374
720442
290843
421351
592101
165053
650494
515647
357407
172307
831109
475903
516162
296054
31901
835175
335286
932672
752734
965178
790605
103864
675698
755573
358695
413782
27488
812087
237200
106456
985108
667873
51914
439526
286584
765523
697609
446461
174768
362951
77101
527014
349929
117816
412790
977382
961057
540900
99884
24938
416989
369117
686473
957639
57390
169705
132231
875473
12150
901292
693058
182654
377766
823607
995513
675224
776291
519751
429566
151302
713747
333877
158204
647280
859911
811447
362074
647761
887671
517093
995301
430345
69265
75246
313566
530809
864336
727063
219571
864673
758022
549282
153403
714613
163237
554624
977397
718852
94985
645224
683409
330519
765537
605048
957336
676746
342279
62569
338491
348731
816799
785746
874114
189313
850244
379253
839025
284574
992185
993196
111231
369944
364854
382942
971475
878381
299357
388411
659678
84482
261819
232693
888300
431121
271560
414397
176646
892558
326990
277547
324361
300925
91802
735974
175443
200803
284601
473570
299736
747792
916124
48683
733274
589825
280689
582879
315915
991315
30546
385791
291944
274345
909842
537116
713688
77696
607329
746251
56249
424707
36576
464542
411352
448752
691426
949963
780289
131979
446478
447271
373202
891027
841465
729112
960506
984133
874456
55300
345653
334742
498140
199865
815723
553691
8275
102963
858544
166960
155118
830757
97325
328235
317473
522600
527437
464903
407439
175922
856942
578204
309656
968570
456733
850116
164269
990527
140789
353297
535417
498773
128441
470772
606544
215840
451703
477270
434141
826891
326715
242549
705424
858854
932102
372409
168631
174177
44800
987950
106788
814757
38057
101309
619535
64913
812406
857896
399138
552077
390091
861513
569036
803938
879495
759232
813025
156675
635398
960356
32894
823847
840804
201180
646302
427673
453125
160682
340914
351601
670853
137413
43811
870496
660459
404643
180669
404604
24191
949952
214266
772905
93041
480339
783145
272601
695445
399960
674357
361806
710324
740242
702505
273145
674537
468410
353107
703571
677326
768399
531056
479617
131986
390650
639527
614650
949631
312104
769391
379805
822442
136329
713924
965494
653415
326974
99643
39387
792611
752945
205738
744864
397637
846840
145151
510885
263529
437664
65308
931879
151325
417377
284516
157649
134493
569875
935565
839792
537115
832220
520639
272521
284152
353556
473662
125533
149511
661764
594746
873391
904375
770983
353803
20342
313502
131474
779773
222913
321908
709456
926869
194860
135432
586830
568690
49209
142830
157381
110771
263550
494217
191208
673676
723437
120569
642449
56318
175119
73576
552319
825899
380428
613024
969982
158127
95705
501404
842588
159566
397126
760163
986445
66967
831540
81546
118247
901992
500199
53646
139480
919845
923649
388400
948073
748166
141438
506900
161681
641549
65310
614768
40718
932583
22673
144723
888926
35342
105975
104326
308152
821192
756039
436653
464201
761069
735408
950352
612456
756317
846865
578622
923736
912639
575447
25082
238115
61015
785621
202300
815609
345057
234252
528988
669135
742037
817476
415865
611621
803351
97355
19296
126498
192120
415664
684379
725515
587353
466423
934251
350859
598190
873100
126260
561475
813054
485336
682260
336186
989185
852176
183924
635577
223696
943219
520574
380877
820073
427628
102797
706578
881683
429833
397559
547079
496581
618331
577597
757618
349749
759590
656928
350124
139290
649487
504346
737989
361601
201048
642670
589751
100090
669204
865041
111193
369831
648134
483614
132191
682453
734583
559825
635635
735945
836671
367125
839737
75375
819546
834200
74305
688694
716240
934758
36422
686427
558330
214712
728914
514976
960713
346610
834597
39146
793253
43939
339566
958066
271831
447669
405930
789568
529120
671179
677412
344148
786181
109422
597267
199028
70565
796782
800659
119977
397823
732882
208980
593111
821769
399156
410768
856482
897683
74816
74755
638840
6500
219829
977900
797114
970752
441087
230836
947550
193993
362296
930002
259463
686875
233758
377204
965448
122618
751570
104905
717994
564406
92500
127866
142408
742875
389025
148946
845091
906181
461830
403176
112848
456079
666505
379933
798635
1399
18317
908869
631246
765200
344267
57020
288840
177294
444450
331992
732051
780652
886181
570731
813784
679359
702066
370264
844498
83024
314802
657130
652328
797120
99303
965604
814712
33451
573347
783242
510582
950439
320537
628131
827355
459801
8668
924767
249817
215927
136669
104385
629996
68982
771695
72839
301061
163019
884573
502325
626040
353180
405846
487516
162959
715652
633513
507850
270053
760692
852548
650529
196792
721268
740158
572718
819171
228230
142025
770049
963349
273114
394119
990571
905528
65298
511404
969519
294173
51306
798883
163706
127633
104347
139072
82338
942849
863624
635950
229996
985699
459311
686228
955591
582225
117416
269629
265809
505369
580259
354104
924948
209772
859725
804160
690251
214804
21304
385485
957638
413594
318520
127695
432935
990667
894149
872979
542745
64661
295958
132678
590396
427771
195017
292053
751230
226883
81960
680371
680167
899179
44428
262003
265340
679508
24941
699961
308169
394376
224104
642825
694486
35070
719210
27430
43925
34606
999942
163616
693005
878372
504499
244628
648661
571024
851332
672005
808082
198837
285049
331197
510133
122259
757859
447382
518008
811871
335189
382730
556156
549991
514875
536046
548955
675128
904250
749212
90328
625273
408495
779203
980556
28248
412035
165901
74817
932798
987683
24716
498358
730976
452692
170328
680389
1842
114709
313778
764937
914449
369204
832320
275274
402985
498077
819793
325038
815590
609688
743028
232735
48048
281628
607567
615050
630234
596119
604933
348944
508773
165318
537742
660983
597933
909814
101609
159069
589929
158816
317780
308114
862475
861383
192499
116628
683021
299644
423154
314379
940529
878774
815756
507365
560045
295097
278769
310544
919899
337073
973472
915909
336687
614721
17135
533016
741584
961515
479039
284895
613232
452004
166075
799159
918368
66714
745985
12693
929488
302437
746475
50053
773678
10124
847350
511345
290227
260919
552852
259011
501322
870265
409774
326211
4221
707008
749911
145293
462355
79774
807747
823279
520249
67346
623791
271287
482678
366988
337294
266680
183490
920112
381820
836288
619235
890957
859190
540399
415471
600217
886380
407775
302392
897230
648878
475306
165141
284094
305112
110588
565411
383883
846289
819162
918165
758792
499411
248962
386551
159818
592446
966715
187457
32882
705092
650926
646546
4484
670863
636648
220212
597289
997077
128575
661627
906582
417768
354484
818220
192790
860590
138641
100888
403330
760984
243839
999487
122346
845059
344233
465924
173271
769718
