1000
1172
2342
3067
3273
4364
5473
5695
6242
6363
6695
7633
9139
9704
9929
11020
11071
12210
16622
16895
16960
18214
18568
20028
20399
21356
21794
23895
23939
27357
27610
29671
30164
34020
34109
34611
35469
35474
36133
36901
38617
38934
40602
43764
44901
44927
45632
45919
47762
49784
50102
51010
52799
53379
56021
56528
58749
59210
61747
62069
63065
65133
71524
72758
73631
73804
74492
74816
76596
76816
76883
77190
77637
78492
84592
85686
86258
87371
88622
90209
90655
91347
94693
98408
99443
103385
103961
104398
105663
106120
106182
113454
114613
117154
117385
118004
118726
121753
121806
122260
123033
123157
125850
126153
126948
127274
128400
128424
128578
129919
131388
132400
132997
133608
134883
136957
137777
138722
138765
140894
142970
143006
143655
144046
144426
144650
144708
145048
146574
146854
148510
149545
149752
150025
150821
151342
152242
152684
153176
153349
154223
154316
154966
156518
158176
158777
159187
159511
162259
165350
166439
172915
174524
174616
176218
177244
177708
179486
180090
180752
182130
183341
183999
185355
185598
186846
186855
186961
188032
188320
188868
188923
189114
190953
191021
193637
193868
194421
194794
194864
195873
196469
197306
198125
200930
201521
202022
203157
203443
205170
205691
206091
206380
208940
209166
211301
211475
211684
212125
213541
214111
215787
216517
217492
218276
218938
220574
222072
222962
223077
223187
224413
224823
225343
226772
227324
227433
228681
231090
232054
232973
234266
234992
235198
235935
236509
237545
240939
241342
242444
242979
245707
246402
249575
252407
253102
254058
255914
256725
257513
257698
259973
260382
260916
265150
265466
266462
266540
271009
271589
272876
274655
276831
276976
277061
277935
278292
279497
280773
281536
281655
283354
283408
283819
284497
285263
286017
286264
286471
289219
291083
291560
292117
292891
296296
296577
297203
299170
299360
299650
299809
299984
300144
300239
301102
301417
301512
301784
302708
303952
306123
306528
306663
308172
308216
309072
309324
310831
313665
313686
316119
318888
319232
319767
319779
320726
322816
323065
324188
325002
325801
326731
327755
328147
330585
330924
331497
333469
333771
335237
335651
335824
335970
336034
336043
337307
337816
338858
339867
340177
340320
341428
341862
344598
347011
348355
348587
356641
357037
358269
358450
358626
359960
360375
360983
362443
364012
364834
364848
365761
366647
367465
368664
369561
369599
369855
372210
372247
374070
376843
377682
377766
378639
379587
381542
381864
382929
387552
387578
389533
390293
393248
394077
394977
397116
397305
397929
401298
401722
401804
402241
402777
402822
402929
403099
403335
404155
405224
405347
405454
405573
407813
407891
409088
411416
413697
413865
414723
417503
421406
424158
424406
428003
428123
428463
429236
429457
430313
430847
431364
432827
433076
435214
436966
438270
441505
441875
442626
444377
444894
445514
445701
445854
446017
447788
450960
451227
451790
453858
455112
455986
456643
457515
457953
458160
458457
458831
459285
459699
460300
461606
462065
463868
464072
466697
467133
470485
470596
471340
471505
472291
473550
473964
474763
475822
476992
477001
477483
480311
481070
481120
481168
482556
483652
485653
486025
486366
487683
488294
488716
489194
489759
492173
493432
493480
494289
494918
495611
495711
495966
496348
496811
498263
500880
502022
502986
504143
504469
504713
507808
508910
510469
510669
511076
511663
512681
512696
513038
513860
514079
514610
516498
517334
517582
517911
519628
519811
522389
523416
524402
525603
526094
530163
530224
530376
530990
531789
532493
536368
536375
536573
540264
540774
543025
543038
543462
544642
546855
547447
547989
548093
548144
549223
549242
550215
553303
554244
554749
559293
559875
560536
561465
562864
564219
564502
564731
565581
566544
567709
568566
571761
573996
578609
580727
580743
581511
581567
582395
583042
587469
590072
592677
593271
594738
595794
596914
597701
597707
599159
601669
603298
603634
604156
605619
605709
607623
610602
611635
612110
612808
612863
614987
615703
617380
617463
618365
619477
620834
620953
623251
623726
626278
626884
628132
628933
629339
629477
629952
631533
631619
633730
634211
634962
636634
637129
639819
641275
642462
643350
645474
645840
647443
648809
649079
649479
650387
651044
651687
652350
652886
653163
654112
656208
657253
657510
658246
658841
659043
659918
660814
661373
665506
668914
670375
670934
671910
674251
674550
675461
677197
680950
681794
682437
684817
684978
688627
688761
690227
691001
691215
692469
695300
695505
695696
696384
696411
698312
698748
699491
701477
701853
702143
703963
704526
706425
707670
709853
711254
712213
712540
715212
716137
716203
716596
716718
720294
721359
722683
726227
728043
728472
728840
728962
729023
729029
731506
732439
733664
735468
735558
736328
738588
738648
739635
740635
740895
740943
743500
744346
744675
744720
745730
746782
747100
747221
748749
749501
750730
754234
754582
754635
755253
756235
756428
756938
758167
758486
760103
760402
761792
762977
762983
763238
763966
764059
764545
765203
766076
766240
766594
766952
767791
769679
771196
771611
772011
772219
774612
775995
776022
776121
776202
776515
776751
777179
777595
778286
779563
782165
782743
785177
785307
785760
786962
787143
789071
789797
790686
791902
792685
792965
793027
794786
795002
795015
795321
796703
797024
798646
799613
800673
802225
802881
804252
805542
808459
809881
809951
810282
810906
812102
812560
812786
813709
814003
815217
815255
815982
816816
816993
817620
818887
821616
822136
822141
824903
825073
827427
827469
828011
828121
828403
828586
828866
831464
833475
834829
836544
837311
838097
838387
838609
838909
839123
839374
841729
841967
842274
842289
843025
844189
844397
845263
845462
845624
846024
846927
847718
848059
849407
852071
852243
853073
853901
854055
854195
855338
855425
855507
856895
860066
861380
862225
862869
864084
864089
865271
867204
867669
871422
872552
872636
873405
874775
875674
876373
876507
877986
878018
880036
880041
881822
882875
884734
885680
885712
887690
888170
888734
889564
890065
891373
891791
892012
893687
894548
894737
896402
896722
896903
898285
899535
899998
900417
900997
901271
902705
904675
904856
905674
907773
908540
909305
910252
911545
911709
913056
913469
913471
914420
914442
914700
914995
915347
915588
916339
917071
917347
919683
920787
921444
922453
923177
923723
923889
924974
925630
926570
926785
927467
927970
928377
929300
929702
930064
931367
932851
933135
933191
936034
936043
936648
936947
937689
938042
939215
939864
940221
940457
940958
942440
945002
945318
945688
946336
946504
947645
947956
948973
949065
949224
949937
950217
950618
950910
951229
951662
953253
957320
957700
958846
959186
959388
959527
960253
960311
960370
960400
963081
963619
963724
964608
966107
966298
966525
968395
968644
969696
973597
974637
975968
977149
978244
979050
979329
983452
983838
985012
987632
988627
990035
990352
990435
991567
991585
995507
997163
997266
997853
999446
999635
