1000
999235
998872
997824
997680
997511
996807
994613
993010
991947
991851
991734
991662
991518
990142
989852
989605
988555
987560
987330
986739
985147
985074
982962
982817
982243
982069
982027
981598
979416
979082
978831
976489
976067
975369
974316
973163
972461
967407
966609
966276
962016
960994
960401
959575
959436
959262
956573
955318
955052
954654
953772
948060
947488
946819
946636
944164
943345
941514
941430
940154
937999
937711
937568
937370
935635
934604
934392
933766
930119
928803
928567
927672
924480
923356
921222
920446
920142
919364
915733
915546
914711
914308
914191
913716
910377
910227
909911
908461
907518
906861
906214
901889
901501
900841
900374
898654
898386
897636
896515
893655
889981
889643
887974
887606
886622
886422
885840
885657
884526
883863
883760
882527
882335
881856
881394
881184
878961
878780
878563
875551
872976
872791
872264
872254
872213
872010
871981
870613
870252
867125
865950
865490
865097
863629
861596
860900
858927
858875
854191
853288
852841
851626
848909
848287
847375
846073
843796
843639
842656
842263
841742
841715
841265
839989
839607
838676
838628
838315
838083
837134
836775
836204
835610
833115
831581
829409
828121
827915
827743
827555
827054
826281
826043
825773
822199
822125
821041
819563
818961
818796
817929
815713
815495
815045
814737
811549
810908
809621
807059
806800
803467
802937
799990
798393
798209
794632
792005
791973
790653
788671
788462
786789
779548
779014
778763
777641
776339
776323
775084
774854
774071
773861
772216
770938
768704
768415
767925
767467
766593
765898
765282
765020
764564
762791
762251
761424
761135
759683
759090
755674
755147
754036
752837
751866
751757
750310
749749
749554
748766
746771
746585
745075
744967
743222
741942
741570
741422
740479
739462
739033
736903
735612
735204
735054
734974
734031
733903
732436
730736
730194
729967
729965
729731
726413
726157
724605
724263
720523
717612
715924
713174
711946
711352
711236
709636
708921
708486
707117
706706
706067
704772
703299
703110
702559
702544
702252
702160
701494
700425
700238
698116
696503
695691
695082
693895
692611
692512
687702
687340
686579
683882
683518
681316
679838
679004
678939
678809
678767
678207
677635
674912
673564
673485
671580
670829
667715
666501
665240
664893
662989
662137
661710
661397
659693
658533
657665
657580
657332
657137
657090
656736
654111
653811
651726
651628
650883
650048
649686
649393
648484
647971
646995
644016
643199
641220
640364
639144
639137
636315
635892
635178
633631
633487
630878
629232
628951
628557
627602
625202
624513
622131
619388
619293
619196
619033
617719
617269
616882
616784
614369
613834
613207
612463
611328
610854
610540
609446
609267
607037
606809
606232
605661
603128
602128
600555
599565
597866
595052
594459
594378
593316
592941
592785
592581
592080
589507
587820
587238
585474
584620
584067
583876
582741
582694
582123
581401
576305
576243
576060
574537
574389
573590
572591
572514
572091
571865
570759
569858
568086
567739
567080
564155
563599
562766
562518
562210
561830
560902
560500
560441
558904
556746
555821
555567
554880
554345
554053
553293
552443
551084
549795
549499
546797
546682
546487
545628
543024
542578
542049
541996
541850
538911
538052
537559
536011
533988
533145
531594
531165
530917
529261
528772
528509
527930
527477
523194
519888
519266
515475
515230
514042
513673
512483
512436
511688
509876
509562
509192
508095
505663
505204
504090
503992
503839
502830
502211
499716
498917
497976
496961
495768
495622
495545
495167
494463
494405
493986
493391
492285
492121
485741
484767
484569
483658
481422
480998
479453
478264
478194
477893
477693
477594
476100
475644
475235
474227
469141
466668
465158
464427
463739
462117
461902
461710
461006
460216
459995
458649
457271
456108
455768
455345
454513
454377
453881
453394
453058
452284
452006
451058
449654
444622
443979
443318
442497
441714
438131
437032
434126
432062
430920
430575
429640
429033
426233
424726
423708
423593
421891
421662
420780
420375
419363
419164
418903
417924
417414
417398
416649
416421
414913
414669
414033
413884
413880
413370
412627
411387
410606
409353
407418
405503
404044
400833
400218
400197
399880
397762
397532
396393
396035
395983
395528
388969
387727
387374
386963
386406
386304
383096
382205
381032
380985
380590
379727
378371
378133
375978
373789
373496
373415
372607
372441
370566
368557
367294
366616
365620
364148
363253
362734
362098
361116
359785
357702
357516
355688
355022
354085
354015
353600
352475
350661
349946
349429
348376
347611
346512
346259
345360
344154
342800
342604
342246
341861
340896
340519
339847
339729
339496
338156
338124
337957
336434
336121
335071
334480
333802
333665
333135
331940
331366
330458
330129
329925
329199
328326
326205
325653
324784
323752
321345
320424
319731
319661
317736
317581
317316
316995
316914
312031
311434
310789
308747
307586
306945
306881
306242
306180
305048
305021
304709
303888
303725
302819
301409
300749
300336
300142
300122
298619
296768
295906
295153
294285
291189
289876
287028
287018
286902
285149
284550
284346
282984
282896
280742
280052
279824
277990
277944
277789
277512
274947
274201
271943
271636
270634
268336
267553
267454
266061
265517
265201
265137
263421
262755
262211
261246
259777
258538
257550
256078
255361
253502
253309
252332
250569
248364
248362
245870
245218
245089
244362
243242
243084
240224
238289
238241
237384
235254
234356
231353
229296
228381
226214
224672
224540
224430
223759
221641
221481
221479
221258
219968
218931
218649
214130
213353
212847
211535
211057
209906
209291
208894
208516
208313
207481
205809
204713
203903
203820
203022
201088
200696
199746
198962
198809
197719
197298
197113
195643
194511
193902
193434
192785
190358
188402
188300
187260
185938
185740
184539
184268
182287
181578
180164
179773
179202
178001
176962
175723
175720
173181
172041
170810
170611
170288
169614
168923
168745
168365
166993
166948
166860
164743
163090
161974
161849
160943
160022
157634
156672
156185
155303
154693
153664
153635
153274
152899
152667
152562
151726
151084
149588
149138
148488
147670
144887
143497
143196
142920
142765
140636
140422
140157
138026
137583
136780
136730
135187
134740
134336
134059
131068
130509
130086
129855
128982
128754
127707
127627
125553
125437
125166
124292
124237
122076
119584
118925
117629
116412
115863
115550
115447
109203
106962
106834
101886
100777
99791
97931
97108
97090
97028
96499
96388
96165
95627
93500
93467
92979
88817
85668
85489
85376
84361
84129
82842
80593
80109
78464
75944
74714
74118
73623
73419
72703
70152
69034
66672
66187
66079
64892
64509
62496
57934
57593
56869
56448
55237
55029
54527
54391
53521
52655
51655
49833
48770
48076
43478
43454
42070
41579
39376
39026
35772
35646
33376
31368
31190
30980
29443
29131
26146
25852
25505
23952
23358
22084
22041
19757
19548
18670
18395
17797
16688
16612
16438
14474
13886
11478
11219
10511
9683
8716
8577
7830
7561
6691
6140
6128
5702
5496
5305
3910
3067
2385
2370
1074
48
