10000
61
403
457
518
798
944
1198
1296
1514
1554
1564
1572
1660
1760
1772
1815
1964
1994
2222
2527
2546
2617
2762
2795
2869
2946
2956
2974
3022
3458
3616
3637
3710
3776
4065
4244
4352
4458
4622
4672
4794
4880
4921
4969
5233
5297
5313
5355
5390
5398
5419
5519
5526
5645
5649
5676
5919
5936
6020
6109
6146
6224
6279
6375
6399
6447
6448
6486
6626
6681
6786
6851
7016
7023
7055
7106
7132
7136
7250
7265
7349
7385
7426
7570
7654
7671
8027
8182
8192
8204
8284
8450
8572
8654
8791
9031
9054
9084
9094
9123
9155
9268
9430
9539
9621
9872
9995
10163
10225
10284
10325
10406
10429
10430
10528
10545
10667
10673
10717
10812
10885
11039
11082
11247
11255
11264
11274
11315
11393
11550
11600
11699
11700
11820
11943
11950
12009
12065
12176
12269
12336
12423
12445
12568
12596
12626
12712
12756
12774
12831
12902
12968
13060
13142
13267
13310
13388
13402
13428
13526
13633
13681
13695
13699
13842
14420
14432
14572
14721
14758
14799
14811
14933
15111
15114
15698
15844
15950
16017
16132
16136
16197
16214
16265
16532
16613
16653
16996
17049
17080
17158
17197
17416
17688
17706
17850
17970
18094
18255
18284
18289
18437
18593
18635
18807
18892
19032
19171
19188
19203
19245
19352
19493
19504
19740
19774
19794
19934
19939
19987
20115
20569
20618
20926
21009
21072
21236
21342
21377
21391
21472
21604
21626
21669
21736
21916
22056
22069
22133
22140
22177
22270
22311
22314
22547
22633
22765
22786
22818
22935
23044
23074
23182
23199
23349
23354
23364
23581
23591
23600
23748
24004
24135
24563
24699
24772
24836
24880
25036
25051
25068
25159
25167
25202
25323
25328
25507
25573
25653
25684
25688
25761
26003
26135
26153
26173
26206
26295
26327
26412
26426
26519
26693
26871
26914
26967
27148
27253
27368
27399
27496
27524
27769
28023
28184
28554
28663
28804
28820
28859
28932
28982
29024
29065
29070
29082
29116
29364
29385
29562
29644
29694
29843
29913
29916
30099
30156
30210
30279
30648
30677
30684
30691
30822
30860
30881
30890
30899
30936
30939
31032
31090
31265
31364
31397
31631
31683
31709
32112
32252
32281
32369
32468
32625
32639
32775
32847
32902
32948
33117
33433
33454
33495
33507
33565
33630
33812
34033
34033
34190
34482
34596
34671
34815
34906
34983
35146
35147
35285
35321
35455
35483
35493
35558
35565
35632
35856
35898
35920
35926
36050
36216
36363
36647
36674
36726
36882
36920
37124
37278
37575
37662
37741
37759
37787
37856
38000
38067
38147
38172
38390
38419
38435
38543
38553
38621
38642
38745
39004
39266
39342
39921
40180
40381
40386
40584
40605
40765
40858
40858
40893
41030
41058
41102
41195
41223
41230
41258
41318
41399
41668
41714
41751
41757
41819
41986
42132
42160
42266
42277
42314
42483
42616
42775
42832
42901
43137
43159
43178
43208
43255
43272
43398
43488
43830
43883
44084
44248
44250
44286
44312
44319
44415
44427
44541
44579
44788
44844
44962
45198
45491
45538
45557
45680
45837
45971
46071
46107
46271
46293
46379
46709
46785
46803
46921
46945
47053
47149
47188
47336
47426
47433
47481
47506
47728
47742
47984
48170
48238
48319
48530
48563
48563
48770
48860
49050
49058
49094
49168
49207
49215
49313
49437
49566
49985
50000
50497
50523
50614
50765
50813
50990
51194
51226
51303
51333
51528
51727
51737
51854
51884
51921
52308
52397
52422
52526
52612
52851
53032
53070
53294
53307
53379
53494
53516
53636
53656
53663
53666
53819
54164
54322
54351
54353
54430
54441
54628
54636
54680
54967
55002
55044
55293
55343
55405
55451
55454
55501
55521
55713
55810
55849
55869
55935
56389
56395
56410
56806
56901
56904
56948
56957
56985
57044
57105
57129
57183
57418
57466
57495
57636
57808
57889
57993
58138
58186
58225
58301
58336
58349
58485
58586
58696
58774
58819
58822
58929
58936
58944
59007
59232
59322
59372
59744
59760
59766
59850
59905
60103
60400
60422
60436
60493
60534
60672
61011
61024
61048
61067
61121
61234
61298
61350
61357
61416
61460
61481
61852
61863
62124
62353
62563
62800
62802
62880
62936
63051
63080
63173
63197
63307
63314
63431
63474
63569
63641
63710
63758
63758
63900
63976
64080
64237
64356
64597
64685
64700
64924
64974
65048
65105
65319
65388
65416
65585
65610
65706
65840
65847
65955
66024
66104
66125
66229
66288
66387
66432
66633
66646
66726
66738
66782
66877
66948
66949
66996
67577
67702
67720
67767
67794
67832
67837
67840
67878
67968
68047
68334
68341
68372
68422
68589
68862
68925
68983
69227
69488
69772
69982
69995
70551
70648
70721
70726
70731
70940
71079
71080
71085
71238
71302
71322
71528
71550
71614
71665
71707
71715
71881
71975
72052
72109
72187
72401
72413
72420
72462
72468
72512
72516
72570
72699
72818
72847
72928
73008
73137
73330
73362
73491
73624
73731
73759
73790
73823
74101
74101
74437
74449
74594
74614
74676
74810
74851
74882
75053
75066
75113
75473
75683
75720
75920
75943
75969
75984
76024
76040
76190
76403
76461
76509
76515
76538
76567
76649
76662
76763
76790
76851
76853
76969
77132
77210
77580
77609
77620
77680
77809
77864
77895
78024
78207
78238
78350
78414
78419
78426
78486
78496
78541
78626
78644
78703
78715
78763
78842
78861
78878
78889
78904
79002
79077
79158
79190
79278
79279
79372
79392
79482
79487
79724
79801
79855
79856
79878
80077
80166
80454
80588
80863
80895
80942
81088
81130
81375
81586
81769
81786
81792
81850
81902
81987
82160
82177
82382
82412
82441
82455
82474
82536
82546
82572
82577
82800
82828
83070
83194
83255
83394
83437
83597
83601
83939
84053
84137
84146
84213
84224
84275
84385
84414
84446
84644
84766
84903
84943
85046
85047
85209
85237
85318
85356
85436
85438
85548
85777
85883
86013
86105
86228
86394
86470
86586
86707
86720
86814
86814
87032
87033
87082
87158
87278
87544
87988
87989
87997
88011
88180
88233
88242
88476
88551
88633
88633
88667
88824
89279
89299
89334
89353
89447
89460
89580
89644
89651
89661
89719
89793
89951
90008
90072
90129
90254
90301
90349
90758
91152
91308
91350
91584
91587
91677
91755
91871
92115
92321
92381
92511
92526
92538
92542
92556
92638
92641
92833
92869
92919
93147
93206
93209
93351
93372
93381
93387
93410
93788
93805
93864
93911
94009
94043
94241
94314
94413
94445
94536
94546
94574
94626
94671
94755
94776
94824
94989
95133
95156
95173
95177
95183
95219
95457
95481
95556
95710
95862
95936
95985
96030
96048
96300
96309
96350
96408
96413
96517
96682
96687
96727
96823
96831
96893
96898
96975
97222
97337
97386
97391
97467
97605
97705
97812
97883
97885
98121
98255
98293
98362
98370
98402
98481
98928
99238
99343
99371
99385
99393
99724
99798
99886
99977
99984
99993
100044
100101
100120
100420
100421
100604
100761
100935
100964
101010
101064
101160
101170
101316
101324
101412
101525
101735
101742
101862
102046
102185
102299
102477
102623
102918
102948
102971
103044
103217
103290
103310
103324
103381
103507
103681
103850
103865
104072
104236
104268
104401
104609
104775
104797
105046
105148
105169
105365
105425
105497
105542
105637
105780
105863
105972
106155
106302
106314
106326
106397
106534
106582
106641
106798
106842
107011
107025
107198
107397
107436
107525
107591
107837
107872
108258
108324
108431
108569
108722
108922
109075
109079
109084
109130
109179
109265
109314
109386
109468
109489
109495
109515
109593
109690
110011
110440
110446
110633
110674
110879
111246
111376
111533
111668
111724
111752
111789
111983
112070
112160
112179
112472
112486
112503
112509
112525
112696
112834
113198
113210
113285
113287
113395
113563
113703
113874
114016
114075
114117
114127
114273
114329
114580
114599
114770
114951
115224
115310
115370
115563
115657
115763
115963
116042
116062
116251
116275
116451
116571
116767
116797
116811
116903
116908
116923
116940
117049
117120
117403
117538
117644
117668
117709
117809
117942
118037
118117
118238
118337
118414
118563
118746
118771
118863
118882
118923
119106
119344
119379
119431
119443
119484
119498
119581
119800
119800
119847
119898
119964
120062
120163
120347
120454
120501
120600
120698
120884
120890
120991
121031
121117
121131
121145
121271
121513
121543
121601
121641
121713
121865
121896
121917
122010
122070
122277
122348
122370
122389
122456
122489
122531
122598
122618
122719
122721
122771
123182
123239
123241
123314
123536
123627
123648
123702
123902
124016
124019
124060
124290
124548
124561
124602
124682
124697
124752
124862
124969
125042
125091
125096
125288
125513
125572
125597
125837
125949
125954
125955
125996
126032
126089
126142
126184
126270
126332
126378
126451
126620
126775
126947
126989
127118
127151
127190
127322
127327
127355
127387
127435
127446
127635
127657
127679
127747
127791
127949
127952
127967
128148
128277
128284
128291
128498
128499
128608
128627
128831
128838
128855
128968
129109
129139
129312
129433
129460
129534
129696
129939
130241
130318
130360
130377
130477
130722
130724
130726
130776
130782
130821
130885
130962
131144
131150
131173
131200
131228
131228
131373
131397
131483
131542
131557
131668
131706
131776
131839
131901
132211
132412
132443
132534
132548
132640
132790
132838
133129
133204
133348
133451
133482
133580
133640
133848
134054
134080
134171
134205
134224
134451
134461
134489
134551
134833
135358
135424
135445
135447
135464
135565
135624
135704
135759
135973
136005
136076
136208
136485
136526
136570
136721
137268
137278
137387
137405
137537
137616
137881
137950
138123
138479
138485
138543
138674
138682
138746
138966
138999
139030
139093
139135
139175
139201
139268
139288
139299
139351
139390
139523
139627
139725
139854
139854
139893
139896
139953
140018
140455
140501
140551
140591
140625
140702
140862
140867
141010
141021
141128
141333
141403
141618
141689
141736
141764
141779
141873
141887
141892
141903
141956
142384
142476
142532
142544
142604
142743
142903
142914
142946
142964
143047
143172
143210
143534
143687
143891
144127
144133
144327
144521
144707
145147
145194
145327
145339
145358
145452
145463
145636
145718
145962
146126
146167
146213
146302
146349
146635
146687
146691
146749
146936
147001
147001
147143
147219
147232
147245
147479
147886
148149
148242
148323
148444
148457
148639
148792
148876
149097
149287
149329
149504
149508
149599
149657
149694
150032
150057
150200
150220
150240
150554
150566
150629
150687
150703
150735
150753
150971
151220
151229
151377
151428
151464
151486
151667
151850
151895
152035
152037
152094
152141
152209
152250
152397
152413
152441
152455
152466
152667
152669
152673
152684
152760
152819
152953
153140
153203
153627
153670
153782
153825
153834
153842
153951
153975
154028
154087
154090
154112
154232
154284
154342
154471
154535
155107
155181
155223
155499
155753
155991
156028
156187
156285
156576
156589
156710
156779
156895
156970
157063
157085
157441
157501
157632
157977
158053
158153
158169
158222
158264
158276
158284
158333
158471
158593
158630
158696
158704
158936
158957
158974
159135
159224
159408
159457
159517
159650
159672
159797
159818
159898
159993
160016
160310
160408
160513
160586
160661
160806
160900
161092
161097
161159
161350
161403
161659
161975
162051
162052
162089
162391
162401
162449
162540
162563
162572
163080
163083
163139
163166
163350
163487
163543
163563
163592
163743
163924
164068
164139
164177
164249
164256
164573
164613
164658
164835
164936
164978
165234
165262
165373
165606
166063
166087
166092
166191
166345
166483
166524
166662
166662
166864
166871
167248
167467
167489
167554
167646
167694
167758
167843
167938
168005
168136
168186
168289
168468
169019
169048
169049
169090
169114
169192
169225
169445
169446
169457
169502
169655
169765
169798
169907
169951
170198
170213
170243
170276
170379
170428
170513
170628
170709
170822
170949
170966
171083
171317
171450
171458
171695
171811
171847
171866
172233
172277
172519
172660
172741
172924
172945
173025
173272
173586
173642
173942
174100
174174
174204
174343
174642
174870
174949
175039
175131
175169
175315
175507
175592
175662
175736
175826
175906
175960
176007
176113
176139
176429
176543
176820
176967
177048
177089
177171
177312
177408
177702
177722
177793
177826
177970
178037
178214
178290
178818
178846
178877
178892
179078
179145
179166
179314
179354
179418
179484
179584
179713
179746
179805
179832
179952
179983
180009
180050
180215
180228
180304
180419
180468
180585
180615
180643
180735
180912
181165
181176
181217
181406
181454
181658
181701
181821
181915
182015
182375
182498
182509
182553
182852
183151
183234
183453
183515
183525
183603
183693
183704
183745
183984
184034
184044
184215
184445
184589
184811
184887
184907
184917
185074
185264
185627
185762
185850
185940
185957
186228
186296
186404
186494
186646
186981
186983
187108
187273
187390
187504
187516
187715
187914
188095
188137
188236
188470
188660
188687
188974
189086
189131
189401
189479
189547
189757
189877
190092
190143
190275
190293
190426
190570
190617
190677
190778
190933
190978
191000
191117
191346
191527
191610
191677
191719
192090
192273
192391
192446
192605
192635
192694
192761
192827
192942
193210
193270
193671
193718
193775
193779
194557
194610
194614
194705
194729
194750
194820
194888
195038
195217
195226
195290
195533
195715
195726
195996
196182
196365
196421
196528
196632
196666
196766
196991
197109
197489
197496
197851
197977
198001
198032
198051
198072
198117
198152
198173
198214
198327
198449
198878
198935
199058
199116
199193
199247
199389
199389
199441
199461
199613
199808
199875
199905
200092
200393
200507
200524
200653
200717
200764
200867
200872
200899
200974
201154
201213
201222
201577
201639
201689
201750
201778
201800
201891
201983
202196
202205
202364
202432
202444
202568
202645
202654
202841
202876
202887
202938
203047
203170
203410
203470
203528
203536
203614
203639
203670
204112
204138
204330
204513
204601
204640
204649
204653
204764
204943
204945
205002
205456
205642
205873
205935
206027
206028
206060
206390
206528
206544
206766
206877
207057
207433
207496
207584
207667
207833
207964
207981
208133
208181
208225
208242
208304
208394
208411
208451
208487
208681
208817
208850
208880
209434
209555
209694
210037
210192
210230
210350
210484
210680
210769
210769
211031
211061
211110
211284
211356
211644
211676
211868
211978
212174
212659
212697
212729
212950
213068
213139
213198
213251
213836
214092
214109
214388
214410
214426
214446
214454
214460
214562
214818
214836
214880
214956
215168
215333
215441
215549
215553
215656
215717
215763
215882
215977
216035
216569
216707
216840
216936
216943
216986
217065
217150
217209
217505
217538
217579
217602
217954
217994
218016
218056
218171
218231
218300
218645
218679
218728
218771
218822
218863
219011
219029
219075
219302
219342
219415
219504
219534
219745
219826
220365
220466
220570
220706
220764
220970
220982
221104
221162
221510
221559
221796
221909
221957
222592
222605
222747
222753
222850
223086
223184
223381
223456
223573
223628
223736
223799
223945
224032
224045
224132
224147
224341
224397
224596
224628
224652
224712
224718
224916
225143
225250
225260
225402
225443
225562
225570
225714
225717
226033
226129
226320
226893
227006
227059
227085
227135
227177
227251
227310
227440
227475
227666
227780
227835
227885
228041
228109
228119
228191
228327
228388
228429
228530
228706
228883
228888
228890
229019
229161
229163
229189
229201
229240
229383
229405
229782
229803
229930
230263
230358
230373
230431
230440
230607
230658
230924
230962
231114
231123
231375
231385
231640
231709
231966
232105
232159
232232
232344
232447
232479
232513
232565
232815
232897
232941
233260
233407
233530
233587
233625
233856
233926
234168
234286
234297
234300
234597
234657
234674
234974
235087
235179
235180
235208
235522
235736
235805
235942
235989
236068
236116
236142
236240
236350
236361
236379
236388
236430
236479
236704
236836
236848
236865
237247
237263
237328
237397
237443
237459
237527
237564
237653
237682
237967
237991
238111
238157
238329
238486
238487
238498
238563
238628
238731
238856
238858
239266
239379
239427
239443
239469
239495
239551
239641
239791
239803
240218
240297
240374
240513
240625
240644
240735
240923
240924
240975
241892
241895
241922
241940
242030
242064
242228
242238
242409
242429
242497
242554
242941
242965
243165
243405
243445
243508
243621
243728
243873
243892
243952
243959
244108
244124
244299
244714
244727
244801
244809
244916
244960
245168
245393
245462
245699
245829
245830
245848
245978
246205
246405
246625
246681
246764
246991
247037
247256
247444
247482
247495
247620
247647
247855
247899
248037
248042
248088
248113
248181
248184
248185
248213
248408
248414
248427
248846
248895
248960
249107
249118
249164
249207
249248
249271
249506
249581
249805
249806
250089
250215
250445
250526
250558
250602
250627
250689
250771
250829
250934
251026
251118
251238
251242
251373
251562
251700
251735
252023
252047
252113
252115
252165
252296
252617
252656
252845
252903
252989
253206
253213
253253
253287
253325
253344
253392
253485
253912
253919
254002
254027
254185
254214
254227
254267
254281
254356
254357
254609
254660
254819
254857
254882
254894
255201
255774
255883
255943
256063
256363
256531
256592
256673
256680
256801
256895
256904
256942
256969
257143
257153
257179
257372
257496
257545
257712
257844
257904
257950
258013
258112
258200
258243
258288
258503
258519
258522
258619
258685
258701
258823
258834
258944
259098
259473
259608
259634
259674
259705
259811
259892
259901
260015
260035
260230
260262
260556
260658
260773
260955
261003
261077
261095
261105
261242
261304
261306
261474
261755
261793
261861
261997
262002
262031
262039
262260
262316
262398
262398
262410
262765
262840
263168
263354
263401
263531
263609
263663
263879
263886
263972
264115
264414
264418
264469
264781
264795
264812
264823
264879
264907
264953
264964
265039
265169
265470
265478
265559
265598
265663
265817
265921
266144
266249
266299
266451
266810
266890
266893
267098
267325
267502
267789
267860
268067
268096
268182
268188
268440
268799
269112
269126
269143
269292
269307
269476
269478
269525
269553
269582
269792
269888
269931
270094
270243
270362
270400
270470
270732
270802
270866
270993
271088
271396
271424
271436
271554
271806
271862
271914
272240
272384
273236
273280
273285
273355
273537
273616
273725
273800
273826
273904
273926
273957
274365
274370
274504
274512
274542
274584
274591
274726
274808
274855
274936
275240
275252
275309
275369
275444
275524
275734
275781
275789
275889
275998
276069
276089
276182
276196
276268
276380
276409
276551
276629
276640
277047
277240
277287
277730
277968
278017
278256
278286
278363
278414
278422
278520
278558
278662
278693
278718
278865
278968
279409
279519
279565
279683
280062
280084
280138
280171
280441
280628
280633
280699
280719
280792
281129
281145
281164
281197
281377
281392
281413
281505
281652
281872
281903
281951
282067
282287
282450
282665
282710
282953
283016
283023
283130
283150
283198
283245
283258
283347
283379
283382
283431
283436
283524
283664
283755
283911
284051
284213
284223
284354
284400
284443
284454
284566
284802
284814
284926
285040
285128
285188
285218
285289
285431
285543
285570
285614
285636
285779
285794
285804
285865
285911
285970
286108
286134
286179
286193
286195
286280
286314
286362
286440
286596
286684
286695
286975
287261
287937
287948
288283
288539
288552
288650
288756
288850
288970
289142
289194
289352
289757
289763
289834
290034
290359
290437
290601
290748
290777
290949
291069
291072
291245
291375
291689
291698
291755
291839
292014
292105
292198
292268
292302
292377
292400
292839
292904
292984
293101
293192
293291
293617
293639
293698
293754
293895
293905
294119
294135
294293
294385
294391
294422
294438
294473
294493
294513
294536
294541
294661
294733
294817
294951
295271
295323
295497
295638
295849
295897
295979
296078
296311
296343
296478
296507
296578
296606
296754
296823
296943
296972
297161
297208
297228
297228
297331
297335
297361
297497
297607
297787
297828
297933
298071
298112
298237
298412
298575
298663
298732
298770
298994
299089
299144
299259
299329
299356
299532
299794
299795
299857
299958
300032
300086
300152
300278
300323
300385
300593
300627
300661
300665
300806
300898
300962
301021
301249
301501
301629
301694
301706
301764
301826
301888
301891
301976
302000
302017
302032
302163
302177
302324
302482
302485
302566
302881
303023
303041
303407
303619
303728
303800
303836
303871
303919
303993
304115
304149
304293
304750
304859
304919
304970
305018
305024
305036
305413
305643
305668
305700
306001
306092
306106
306190
306504
306757
306815
307030
307087
307187
307218
307335
307398
307730
307928
308011
308055
308073
308158
308183
308185
308211
308357
308795
308828
309057
309333
309395
309513
309549
309668
310029
310209
310224
310244
310248
310288
310314
310370
310508
310635
310664
310682
310716
310747
310959
311176
311189
311233
311289
311343
311517
311533
311650
311711
311721
311789
311817
311828
312057
312094
312111
312114
312300
312330
312626
312725
312744
312760
312789
312807
312820
313097
313277
313292
313342
313641
313729
314269
314296
314531
314546
314731
314886
315472
315504
315519
315562
315721
315735
315891
315929
315997
316097
316392
316488
316517
316526
316604
316663
316752
316811
316833
316967
317063
317145
317309
317312
317374
317656
317744
317765
317915
318226
318338
318469
318498
318541
318597
318613
318662
318752
318800
318889
318973
319221
319415
319611
319661
319722
320003
320316
320401
320427
320560
320757
321289
321480
321494
321537
321553
321626
321647
321839
321887
321898
322349
322357
322372
322754
322881
323019
323187
323258
323371
323795
323819
323858
323932
323993
324039
324068
324080
324221
324245
324481
324619
324636
325059
325196
325222
325335
325378
325412
325435
325592
325619
325704
325916
325925
326062
326091
326473
326536
326781
326791
326855
326928
326972
326992
327184
327347
327539
327628
327766
327891
327966
328029
328240
328501
328597
328714
328796
328846
328852
328874
329009
329098
329101
329235
329244
329298
329372
329415
329638
329676
330172
330176
330349
330426
330437
330607
330736
330823
330843
330941
331020
331083
331312
331317
331322
331495
331567
331597
331915
332063
332078
332398
332475
332628
332728
333145
333285
333642
333732
333774
333855
334108
334257
334386
334451
334469
334470
334504
334689
334740
334870
334986
335030
335072
335122
335190
335222
335366
335407
335577
335828
335948
335950
336029
336174
336289
336449
336452
336642
336646
336656
336674
336733
336938
336999
337028
337052
337101
337146
337167
337318
337326
337407
337449
337613
337652
337721
337776
337984
338178
338334
338713
338834
338863
338871
338877
339038
339057
339125
339129
339180
339263
339513
339622
339624
339702
339704
339924
339975
340174
340184
340237
340325
340402
340435
340531
340598
340728
340770
340773
340791
340800
340845
340880
340985
341152
341170
341284
341289
341492
341627
341667
341812
341877
341879
341885
342326
342390
342430
342692
342727
342832
342952
343104
343346
343422
343639
343745
343799
343811
343828
344030
344180
344223
344271
344275
344499
344543
344544
344712
344714
344731
344848
344852
345278
345678
345727
345839
345943
346047
346103
346185
346289
346299
346509
346539
346597
346891
346972
347048
347317
347374
347570
348029
348253
348275
348304
348636
348876
348951
349077
349104
349361
349602
349701
349734
349801
349812
349917
349968
350159
350237
350275
350313
350342
350347
350437
350443
350562
350773
350882
350945
351140
351188
351205
351257
351516
351552
351565
351688
351779
351820
352183
352224
352255
352269
352292
352332
352462
352583
352586
352704
352898
352998
353146
353398
353668
353741
353980
354080
354103
354211
354254
354276
354560
354568
354583
354733
354760
355002
355004
355145
355355
355410
355417
355816
355821
355996
356066
356281
356407
356924
356963
357095
357106
357114
357117
357311
357724
357731
357863
357877
357928
357979
358015
358049
358108
358117
358236
358296
358299
358309
358485
358502
358645
358654
358671
358765
359017
359335
359645
359684
359722
359879
360087
360240
360321
360448
360687
360767
360783
360855
360880
360926
360978
361078
361081
361088
361134
361213
361284
361291
361419
361528
361690
361897
361911
361997
362205
362213
362445
362852
362876
362944
362944
363097
363102
363167
363240
363264
363549
363860
363880
363965
364031
364279
364308
364363
364377
364387
364680
364727
364867
364893
364953
365020
365294
365476
365706
365910
366373
366376
366397
366427
366485
366621
366859
367108
367232
367261
367317
367375
367550
367551
367628
367772
367950
368088
368186
368248
368267
368438
368541
368599
368733
368876
368896
368942
369017
369019
369119
369123
369124
369499
369566
369642
369643
369747
369855
369907
370043
370207
370252
370287
370368
370387
370527
370527
370606
370814
370851
370858
370875
370909
370910
370918
371561
371595
371610
371638
371647
371705
371738
371788
371961
372444
372460
372688
372890
373072
373090
373147
373160
373172
373230
373488
373513
373635
373713
373760
373896
373913
373923
373979
374241
374346
374546
374730
374806
375042
375066
375094
375147
375222
375376
375744
375822
375870
375887
375951
375999
376051
376079
376195
376274
376296
376305
376410
376601
376680
376735
376746
376761
376806
376973
377245
377391
377395
377399
377465
377471
377612
377674
377721
377738
377780
377807
377810
377893
378006
378015
378056
378094
378163
378310
378350
378470
378660
378685
378697
378781
378799
379053
379213
379327
379404
379405
379922
379942
379989
380037
380166
380333
380432
380726
380930
381008
381173
381196
381204
381264
381665
381895
381995
381999
382151
382161
382268
382928
383116
383152
383242
383475
383485
383571
383584
383648
383648
383788
383844
383976
384172
384228
384264
384304
384514
384581
384668
384769
384791
385036
385132
385145
385346
385409
385442
385551
385797
386045
386134
386152
386228
386264
386267
386311
386425
386599
386686
386779
386941
386948
387469
387573
387671
387687
387736
387879
388219
388233
388262
388420
388450
388554
388583
388981
389031
389090
389399
389413
389583
389739
389847
390200
390321
390393
390451
390514
390561
390852
391081
391150
391225
391256
391375
391526
391554
391610
391639
391681
391755
391947
391999
392137
392324
392332
392530
392607
392614
392698
392753
392753
392856
392863
392918
393010
393091
393185
393329
393338
393383
393385
393436
393542
393712
393843
393947
393957
394133
394240
394366
394402
394677
394879
394973
395145
395296
395317
395379
395416
395444
395484
395487
395517
395556
395624
395786
395869
396098
396189
396206
396221
396340
396473
396554
396558
396771
396912
397110
397141
397414
397420
397427
397534
397620
397814
397853
397896
397998
398016
398092
398158
398227
398298
398299
398394
398481
398499
398573
398730
398766
398786
399125
399178
399274
399292
399600
399677
399872
399877
399956
400218
400302
400437
400538
400550
400689
400723
401159
401291
401380
401396
401426
401614
401692
401773
401962
402073
402434
402471
402521
402544
402841
402906
402916
403134
403149
403381
403571
403607
403652
403671
403735
403774
403780
404078
404107
404344
404525
404627
404725
404774
404869
404990
405136
405189
405231
405309
405436
405687
405791
406013
406086
406092
406156
406172
406184
406195
406223
406326
406328
406387
406532
406556
406730
406822
406831
406918
406942
406960
407016
407130
407250
407308
407362
407434
407490
407554
407687
408154
408385
408595
408705
408814
408851
408887
409050
409200
409449
409460
409498
409574
409608
410088
410156
410204
410307
410311
410477
410586
410591
410742
410898
410922
410939
411142
411158
411398
411443
411447
411486
411570
411730
411777
411800
411984
411997
412255
412286
412300
412419
412473
412564
412658
412705
412754
412797
412830
413074
413387
413433
413620
413625
413629
413648
413914
414124
414134
414396
414520
414660
414720
414756
414905
414941
415048
415184
415576
415661
415808
415841
415844
415849
415932
416011
416029
416136
416200
416306
416395
416433
416543
416546
416550
417429
417434
417499
417591
417720
417723
417906
417951
418056
418577
418611
418636
418946
418978
419091
419188
419228
419474
419477
419500
419695
419714
419765
419843
419845
419889
419928
420055
420092
420477
420524
420580
420790
420806
420890
421103
421202
421443
421554
421682
421815
421965
422011
422169
422221
422241
422335
422395
422445
422465
422479
422582
422610
422646
422687
422728
423056
423165
423216
423289
423353
423413
423553
423862
423873
423934
424018
424118
424367
424427
424498
424548
424773
424799
424932
424963
425023
425038
425178
425223
425370
425488
425512
425611
425684
425749
425886
426055
426080
426100
426147
426389
426437
426480
426596
426660
426780
426969
427127
427158
427255
427476
427557
427653
427686
427689
427823
427838
427892
427926
427928
427968
427969
428086
428136
428150
428358
428535
428567
428782
428853
428940
429043
429100
429265
429328
429330
429332
429436
429442
429537
429554
429754
429770
429836
429974
430003
430119
430201
430288
430298
430328
430533
430648
430891
430926
430952
431115
431192
431294
431320
431345
431393
431412
431616
431833
431873
432089
432160
432167
432499
432736
432811
433114
433228
433331
433400
433400
433421
433432
433465
433493
433585
433698
433796
433983
434138
434221
434260
434716
434853
434871
435044
435147
435408
435556
435650
435705
435733
435919
435936
436412
436500
436541
436574
436603
436655
436731
436842
436984
436997
437006
437208
437248
437318
437345
437459
437461
437472
437513
437621
437746
437923
437948
438021
438157
438227
438253
438262
438295
438331
438574
438574
438634
438673
438851
438906
438930
438956
439312
439364
439484
439503
439517
439715
439731
439801
439968
440032
440145
440448
440584
440706
440736
440750
440934
441129
441620
441624
441641
441674
441752
441764
441887
442079
442252
442270
442316
442317
442358
442476
442503
442580
442771
442849
442868
442946
443021
443157
443219
443379
443395
443548
443598
443763
443852
444192
444322
444340
444558
444676
445054
445142
445194
445196
445342
445496
445606
445614
445910
445943
445956
446058
446160
446249
446274
446290
446310
446355
446458
446495
446497
446498
446526
446564
446640
446641
446644
446662
446666
446870
447000
447121
447137
447275
447417
447540
447658
447835
447869
447988
448027
448116
448152
448241
448295
448299
448672
448679
448756
448773
449104
449399
449484
449626
449697
449732
449784
449947
449953
450037
450140
450327
450405
450438
450454
450470
450515
450727
450919
451008
451073
451109
451219
451219
451302
451345
451405
451417
451845
451898
451962
451999
452415
452453
452571
452760
452779
452954
453118
453135
453219
453283
453306
453334
453372
453607
453690
453759
453931
454255
454266
454279
454350
454431
454532
454555
454668
454809
454875
454944
455155
455255
455324
455414
456433
456435
456512
456593
456686
457025
457128
457527
457542
457643
457644
457798
457851
458004
458110
458459
458761
458812
458814
458995
459086
459096
459157
459413
459485
459538
459694
459700
459845
459965
460354
460525
460575
460611
460755
460758
460772
460836
461056
461082
461098
461131
461148
461385
461406
461454
461513
461523
461675
461700
461866
461963
461981
462092
462346
462536
462695
462706
462734
462810
462829
463088
463167
463271
463345
463485
463497
463505
463520
463676
463680
463788
464061
464289
464291
464587
464636
464668
464696
464730
464922
465002
465051
465059
465117
465299
465391
465452
465657
465668
465809
466098
466107
466235
466248
466409
466441
466504
466904
466991
467086
467352
467413
467460
467568
467601
467715
467721
467887
467977
468013
468020
468051
468124
468125
468135
468586
468592
468665
468946
469075
469146
469209
469213
469231
469234
469244
469369
469546
469625
469979
469991
470032
470346
470356
470653
470733
471080
471117
471140
471162
471273
471296
472306
472369
472419
472468
472543
472907
473223
473484
473516
473550
473572
473574
473620
473675
473766
473880
473975
474049
474088
474121
474273
474328
474337
474365
474415
474423
474481
474562
474600
474647
474745
474789
474965
475224
475355
475397
475409
475660
475776
476223
476305
476756
476828
477208
477215
477481
477594
477657
477705
478047
478113
478142
478179
478263
478368
478449
478648
478745
478840
478914
478935
479052
479109
479142
479296
479363
479407
479469
479711
479753
479848
479860
479982
480118
480123
480167
480441
480471
480550
480783
480833
480995
481031
481230
481311
481662
481798
481812
482301
482325
482375
482656
482665
482745
482745
482890
483044
483049
483095
483344
483430
483732
483850
484013
484196
484223
484263
484293
484313
484356
484457
484714
484715
484727
484756
484780
484823
485324
485512
485637
485883
485884
486013
486082
486134
486264
486310
486380
486539
486615
486647
486680
486755
486767
486988
487136
487223
487356
487488
487562
487631
487864
487897
487939
487940
487985
487993
488007
488050
488269
488626
488634
488640
488787
488924
488944
488973
489016
489070
489160
489164
489211
489436
489483
489789
489862
489886
490032
490068
490284
490459
490726
490732
490742
490776
490909
490961
491165
491241
491287
491511
491525
491702
491752
491819
491907
492098
492186
492256
492449
492473
492616
492722
492766
492906
492961
492992
493102
493150
493402
493583
493684
493810
493881
494222
494610
494631
494697
494842
494891
494951
494989
495187
495276
495353
495360
495426
495564
495607
495613
495640
495682
495813
495866
495895
495920
495934
496008
496260
496315
496599
496743
496795
496846
496857
496908
496965
497044
497129
497249
497274
497985
498228
498236
498274
498490
498560
498582
498871
498945
498957
499048
499168
499363
499544
499644
499739
499949
500064
500175
500285
500371
500402
500516
500558
500766
500827
500869
500921
501122
501214
501389
501468
501641
501856
501998
502391
502416
502622
502624
502677
502701
502708
502758
502921
502928
502990
503034
503068
503165
503213
503229
503265
503518
503759
503795
503800
503839
503856
504188
504207
504380
504410
504415
504441
504485
504522
504698
504894
504906
504998
505033
505034
505101
505175
505199
505218
505252
505553
505599
505654
505768
505973
506121
506327
506337
506400
506449
506667
506759
506815
506833
507074
507410
507430
507576
507607
507738
507751
507895
507905
508103
508153
508191
508349
508469
508520
508568
508603
508628
509070
509164
509181
509264
509362
509426
509475
509487
509551
509558
509596
509626
509656
509804
509937
510060
510097
510237
510237
510315
510440
510573
510605
510636
510682
510685
510748
510887
510923
511127
511224
511272
511334
511373
511397
511401
511625
511825
511854
511970
512043
512146
512291
512335
512595
512765
513013
513180
513307
513310
513314
513406
513426
513538
513598
513662
513665
513754
513812
513847
514041
514110
514134
514334
514734
514743
514748
514822
514931
514969
515062
515084
515108
515153
515230
515429
515602
515676
515817
515848
515852
515899
515918
516106
516161
516193
516265
516329
516331
516488
516520
516526
516538
516546
516553
516558
516705
516722
516855
517089
517290
517440
517477
517660
517682
517707
517765
518054
518137
518163
518167
518235
518313
518397
518472
518536
518708
518714
518962
519059
519182
519258
519267
519283
519445
519532
519597
519821
519849
519881
519991
520027
520135
520336
520437
520520
520672
520700
520761
520769
520795
520816
521040
521132
521161
521553
521583
521633
521690
521837
521896
522209
522256
522351
522550
522552
522737
522814
523194
523263
523265
523526
523671
523719
523904
524059
524458
524614
524703
524706
524789
524837
524855
524864
525041
525097
525300
525350
525374
525453
525727
525819
525848
525969
526012
526027
526064
526170
526347
526638
526730
526793
526918
527054
527109
527257
527323
527481
527494
527575
527579
527719
527838
528095
528218
528251
528262
528396
528520
528520
528676
528764
529091
529175
529410
529475
529567
529586
529592
529659
529828
529888
530060
530298
530458
530468
530629
530641
530790
530851
530874
531078
531229
531323
531349
531503
531561
531597
531673
531722
531758
531859
531866
532045
532354
532510
532670
532676
532880
532883
532950
532953
533024
533053
533203
533300
533473
533474
533478
533577
533655
533750
533924
533955
533969
534019
534090
534230
534278
534463
534650
534725
534959
535021
535120
535247
535332
535348
535476
535517
535605
535699
535726
535727
535781
535789
535821
536029
536061
536064
536087
536148
536178
536309
536419
536476
536932
537127
537182
537301
537321
537516
537532
537691
537812
537822
537855
538060
538069
538102
538184
538248
538277
538356
538403
538422
538452
538457
538517
538536
538674
538698
538699
538735
538815
538856
538876
538908
538935
538969
538997
539022
539294
539503
539559
539598
539614
539817
539955
540066
540346
540379
540704
540863
540907
540912
540972
540978
541093
541095
541145
541340
541385
541421
541501
541568
541755
541776
541781
541790
541944
542108
542168
542324
542447
542459
542559
542568
542615
542742
542805
542896
542935
543191
543215
543445
543474
543610
543677
544035
544167
544202
544450
544513
544602
544603
544772
544779
544843
544932
545033
545109
545165
545169
545174
545287
545311
545507
545820
545892
546009
546096
546113
546145
546174
546185
546194
546390
546544
546698
546755
546791
546892
546981
547275
547632
547784
547938
548136
548285
548318
548387
548468
548678
548727
549321
549573
549612
549684
550032
550272
550606
550838
550994
551030
551072
551095
551173
551363
551486
551503
551655
551785
551841
551916
551985
552098
552346
552354
552560
552568
552652
552734
552742
552769
552886
552902
552938
552958
553114
553249
553376
553545
553634
553685
553698
553706
553715
553778
553805
553860
553892
554005
554026
554071
554135
554412
554412
554548
554574
554615
554629
554631
554652
554664
554694
554894
555019
555022
555306
555441
555445
555513
555520
555632
555666
555759
555800
555823
555870
555911
556047
556093
556097
556219
556298
556339
556744
556786
556869
556919
556944
557099
557181
557395
557412
557425
557490
557503
557630
557767
557882
557890
557903
558391
558508
558636
558669
559102
559179
559306
559335
559374
559419
559454
559476
559607
559777
559821
559900
560103
560121
560137
560168
560177
560309
560318
560452
560623
560723
560773
560805
560824
560837
560838
560863
561067
561107
561312
561329
561380
561415
561422
561562
561677
561704
561816
561897
562006
562265
562390
562542
562622
562633
562936
562949
562959
563146
563259
563288
563566
563709
563800
563833
563927
563962
564017
564042
564142
564196
564206
564255
564309
564379
564424
564485
564557
564671
564796
564953
565156
565188
565435
565450
565458
565566
565707
565760
565776
565784
565798
565852
565859
565903
565992
566029
566275
566408
566547
566690
566728
566785
566797
566816
567059
567068
567175
567330
567425
567493
567687
567687
567758
567863
567927
568257
568275
568372
568597
568598
568629
568948
568975
569020
569026
569162
569325
569565
569653
569665
569703
569732
569801
570622
570634
570777
570973
571060
571069
571105
571161
571588
571618
571628
571714
571944
572023
572258
572289
572570
572632
572669
572770
572903
572934
572971
572981
573034
573158
573171
573218
573243
573345
573827
573858
573912
574144
574309
574353
574359
574439
574513
574581
574593
574608
574621
575233
575291
575469
575491
575550
575666
575721
575732
575985
575987
576025
576026
576071
576119
576207
576215
576422
576482
576633
576870
576888
576994
577077
577124
577224
577249
577253
577279
577363
577369
577389
577450
577512
577609
577663
577670
577682
577793
577923
578061
578117
578176
578193
578538
578786
578896
579016
579070
579091
579183
579208
579230
579343
579669
579920
579993
580051
580247
580445
580674
580801
580865
580964
580979
581216
581233
581268
581431
581452
581587
581779
581853
581915
581991
582140
582401
582669
582730
582813
582961
583489
583653
583937
584315
584336
584446
584481
584485
584530
584621
584630
584691
584765
584794
584950
584961
585019
585060
585077
585383
585435
586183
586197
586440
586531
586561
586586
586664
586718
586743
586845
586855
586920
586949
587016
587073
587222
587282
587381
587568
587598
587628
587657
587678
587734
587735
587749
587760
587830
587919
587970
588062
588370
588458
588463
588477
588624
588703
588829
588852
589132
589162
589176
589445
589584
589700
589737
589812
589824
589958
589967
590011
590023
590060
590090
590094
590134
590178
590214
590282
590307
590334
590419
590534
590643
590685
590784
590790
590960
591132
591291
591343
591379
591490
591627
591649
591664
591947
591956
592168
592326
592426
592541
592777
593126
593126
593158
593168
593229
593451
593465
593683
593686
593734
593734
593745
594277
594381
594390
594500
594696
594755
594842
594863
594986
595054
595246
595248
595253
595296
595341
595372
595408
595496
595613
595618
595889
595909
595992
596050
596055
596134
596207
596249
596284
596517
596643
596836
596929
596966
597039
597159
597344
597364
597653
597688
597787
597803
597814
597836
597851
598001
598438
598503
598542
598585
598693
598714
598715
598716
598790
598812
598830
598857
598991
599061
599180
599205
599212
599215
599235
599367
599429
599454
599554
599561
599694
599713
599799
599873
600248
600295
600448
600476
600540
600813
600872
600873
600915
600949
600955
601080
601214
601291
601378
601472
601511
601605
601644
601689
601788
601917
602053
602072
602431
602540
602666
602776
602787
602865
603072
603156
603185
603193
603211
603293
603374
603445
603794
603952
603989
604017
604046
604132
604133
604317
604392
604531
604586
604794
604925
605072
605149
605229
605301
605634
605643
606005
606067
606078
606285
606329
606365
606391
606458
606474
606546
606548
606671
606696
606705
606759
606814
606951
607001
607143
607210
607303
607418
607470
607538
607610
607893
607938
608105
608171
608187
608220
608271
608436
608483
608493
608638
608754
608873
608949
609075
609141
609408
609556
609592
609793
609826
609848
609860
609997
610019
610257
610313
610566
610621
610636
610804
610870
611041
611178
611216
611504
611541
611821
611959
612002
612042
612128
612144
612175
612552
612759
612765
612789
612795
612833
612899
612937
613296
613313
613407
613417
613453
613461
613615
613755
613806
613888
613997
614012
614066
614234
614235
614246
614563
614574
615014
615175
615192
615271
615375
615428
615480
615558
615570
615746
616077
616081
616372
616391
616449
616486
616491
616514
616518
616521
616543
616849
616853
616974
616988
617016
617167
617408
617567
617572
617632
617723
617750
617751
617850
617901
618018
618151
618186
618228
618313
618588
618673
618686
618700
618737
618961
618963
619190
619335
619396
619397
619444
619560
619590
619630
619645
619655
619816
619986
620016
620151
620287
620292
620307
620413
620450
620762
620986
621131
621518
621643
621708
621794
621854
622012
622124
622152
622201
622293
622763
622921
623028
623049
623262
623426
623471
623535
623722
623858
624021
624046
624105
624226
624394
624504
624607
624640
624983
625017
625128
625224
625282
625334
625355
625362
625379
625475
625601
625623
625657
625777
625847
625874
625895
626006
626037
626058
626354
626412
626492
626631
626668
626791
626850
626871
627085
627098
627173
627247
627255
627255
627370
627419
627429
627479
627517
627539
627602
627733
627762
627868
627925
627966
628200
628398
628471
628499
628535
628645
629007
629403
629413
629425
629483
629538
629669
629769
629770
629845
629884
630303
630312
630414
630482
630575
630690
630739
630820
630834
631126
631176
631385
631518
631559
631600
631657
631677
631678
631699
632090
632125
632127
632283
632283
632297
632430
632492
632529
632698
632705
633132
633147
633154
633173
633330
633339
633403
633435
633526
633543
633616
634034
634138
634176
634484
634757
634843
635108
635231
635327
635352
635768
635981
636025
636069
636082
636091
636093
636100
636104
636174
636266
636347
636383
636417
636664
636673
636842
636849
636903
636975
636975
636991
637038
637089
637140
637348
637386
637465
637518
637580
637745
637900
638056
638087
638176
638181
638264
638343
638393
638412
638421
638464
638700
638726
638736
638828
638883
639083
639084
639120
639197
639310
639361
639425
639446
639515
639548
639691
639777
639807
639820
639849
640388
640487
640556
640569
640666
640701
640711
640872
640916
640937
640951
640978
640983
641011
641094
641154
641383
641471
641533
641554
641641
641742
641972
642006
642172
642255
642291
642409
642607
642656
642687
642712
642765
642797
642977
643067
643195
643272
643421
643702
643752
643798
643800
643957
644006
644205
644274
644332
644368
644430
644490
644528
644935
644937
645054
645178
645513
645527
645556
645726
645783
645914
646105
646373
646469
646682
646689
646905
647143
647334
647362
647744
647816
648058
648208
648370
648430
648444
649001
649148
649159
649174
649181
649304
649459
649467
649581
649600
649629
649805
649862
649885
649961
650182
650349
650411
650487
650536
650593
650603
650629
650867
650995
651040
651197
651269
651325
651348
651476
651542
651769
651843
651851
651918
652013
652264
652272
652417
652469
652498
652532
652650
652719
652838
652859
652965
653234
653245
653320
653353
653531
653550
653631
653694
653852
654061
654094
654155
654257
654461
654541
654760
654776
654783
655030
655105
655368
655793
655849
655855
655870
656169
656185
656469
656504
656557
656574
656582
656626
656841
656866
656929
656958
656970
656993
657002
657108
657212
657239
657246
657261
657301
657508
657682
657698
657776
657818
657914
657936
658067
658233
658267
658272
658480
658554
658633
658867
658876
658882
658909
658920
659003
659033
659069
659083
659203
659223
659264
659466
659811
659848
659905
660235
660365
660456
660741
660767
661070
661214
661247
661347
661380
661577
661643
661654
661674
661700
661789
661978
661995
662118
662124
662138
662233
662299
662421
662453
662492
662515
662623
662740
662930
662972
662992
663042
663288
663334
663342
663552
663634
663703
663823
663861
664155
664277
664320
664547
664576
664727
664828
664920
664949
665041
665046
665075
665083
665178
665337
665397
665415
665482
665551
665577
665722
665742
665809
665814
665836
666049
666065
666191
666212
666362
666418
666431
666542
666596
666662
666895
666946
667037
667092
667125
667191
667200
667333
667395
667413
667424
667454
667580
667638
667699
667711
667768
667838
667857
667866
667951
667962
667969
667984
668135
668308
668438
668479
668490
668602
668699
668702
668733
668769
668855
668882
668932
669218
669233
669273
669333
669610
669701
669711
669751
669770
669967
670175
670193
670197
670220
670333
670578
670645
670658
670741
670910
671084
671287
671319
671335
671573
671651
671656
671717
671744
672085
672261
672314
672451
672596
672940
673357
673444
673620
673626
673692
673729
673950
674027
674041
674097
674193
674308
674420
674605
674645
674662
674741
675057
675112
675596
675718
676002
676007
676292
676332
676399
676428
676773
677017
677047
677241
677549
677708
677861
678120
678294
678394
678402
678721
678820
678907
679138
679226
679398
679459
679795
680005
680048
680194
680374
680415
680532
680807
680876
680916
680998
681155
681282
681343
681413
681440
681474
681477
681492
681552
681637
681677
681793
681822
681894
681991
682097
682208
682286
682310
682311
682399
682406
682539
682559
682647
682816
683015
683086
683126
683182
683236
683484
683496
683551
683681
683716
683902
683910
683919
684030
684148
684164
684212
684222
684324
684344
684365
684374
684443
684457
684929
684953
684979
685043
685089
685110
685273
685295
685384
685387
685451
685489
685537
685543
685647
685767
685994
686036
686057
686076
686234
686256
686367
686425
686438
686463
686486
686505
686775
686840
686870
686994
687063
687123
687170
687306
687398
687584
687678
687707
687756
687764
687798
687809
687814
688113
688255
688288
688417
688608
688648
688758
688785
688940
688951
689059
689176
689260
689337
689576
689603
689689
689698
689790
689794
689802
689926
689939
690189
690190
690197
690271
690310
690378
690403
690424
690463
690652
690702
690706
690761
690779
690812
691062
691173
691223
691281
691390
691409
691457
691567
691568
691728
691858
691915
691973
691976
692026
692033
692074
692085
692245
692285
692493
692537
692684
692844
692882
692981
693157
693412
693524
693554
693631
693641
693706
693990
694156
694241
694338
694473
694525
694951
695195
695295
695325
695528
695592
695783
695862
695938
695958
696070
696128
696254
696362
696428
696450
696614
696705
696892
697154
697185
697216
697236
697256
697383
697404
697406
697554
697631
697874
697999
698004
698080
698098
698207
698402
698415
698631
698671
698941
699111
699317
699567
699683
699801
700035
700115
700168
700211
700433
700494
700513
700546
700752
700765
701026
701083
701116
701185
701373
701729
702118
702261
702304
702310
702634
702758
702805
702914
703048
703162
703189
703264
703454
703662
703900
703987
704080
704081
704461
704522
704683
704744
704872
704906
704915
705068
705121
705232
705286
705327
705395
705465
705664
705778
705830
705840
705843
705851
705914
705917
705954
705978
705998
706031
706060
706597
706598
706743
707039
707332
707341
707606
707625
707689
707821
707875
707914
708051
708122
708192
708199
708209
708280
708505
708577
708595
708639
708656
708712
708787
708802
709021
709119
709206
709338
709579
709741
709827
709839
709997
710021
710168
710212
710338
710576
710599
710814
710972
711442
711481
711508
711564
711755
711825
711896
712082
712135
712137
712190
712191
712197
712269
712316
712347
712450
712594
712690
712761
712767
712823
712899
712957
713049
713122
713124
713167
713347
713391
713836
713857
714115
714246
714276
714449
714567
714613
714731
714774
714863
714970
715054
715128
715205
715382
715515
715519
715525
715538
715706
715780
715832
715880
715961
715970
716100
716180
716214
716378
716556
716567
716611
716670
716744
716772
717006
717362
717440
717489
717500
717567
717640
717775
718145
718554
718628
718668
718725
719040
719159
719194
719252
719331
719416
719662
719672
719874
719917
719918
720041
720085
720154
720194
720339
720355
720426
721090
721144
721281
721344
721558
721768
721774
721777
721816
721962
722070
722206
722218
722263
722282
722319
722558
722565
722622
722701
722799
722911
722973
722994
723012
723126
723262
723372
723464
723477
723782
723973
724057
724150
724163
724279
724392
724431
724596
724598
724636
724666
724779
724790
724885
724932
724971
724973
725070
725179
725346
725379
725454
725491
725871
725977
726139
726203
726259
726473
726524
726597
726656
726876
727247
727283
727372
727382
727467
727493
727559
727563
727600
727795
727803
727840
727882
727883
727893
727958
728199
728311
728394
728452
728484
728501
728656
728736
728793
728851
729203
729207
729403
729507
729526
729631
729640
729677
729710
729716
729769
729907
730135
730175
730250
730330
730797
731060
731130
731217
731343
731606
731763
731776
731862
732051
732052
732208
732302
732566
732649
732652
732717
732805
732825
732960
733056
733210
733326
733328
733509
733697
733896
733908
734063
734380
734435
734495
734540
734785
734922
734982
735513
735607
735778
735847
735947
735956
736045
736123
736239
736436
736534
736544
736596
736687
736699
736810
736937
736973
737008
737031
737417
737547
737587
737902
737935
738047
738119
738277
738292
738415
738435
738468
738508
738540
738556
739128
739132
739407
739425
739474
739550
739603
739617
739720
740160
740303
740824
740941
741065
741086
741235
741299
741301
741579
741779
741800
742010
742259
742469
742560
742661
742688
742725
742812
742878
743061
743142
743224
743383
743608
743632
743674
743720
743736
743737
743763
743793
743793
743806
743858
743942
743977
744095
744155
744266
744285
744383
744468
744474
744536
744660
745075
745396
745412
745464
745536
745547
745627
745691
745817
745980
746014
746306
746397
746414
746549
746582
746771
746883
747049
747121
747154
747197
747226
747284
747520
747687
747860
747979
748029
748213
748304
748373
748378
748629
748806
748826
748946
749030
749063
749067
749151
749266
749301
749520
749599
749630
749655
749702
749742
749910
750018
750024
750062
750553
750603
750713
750759
750800
750998
751053
751055
751364
751391
751489
751525
751564
752009
752033
752041
752117
752187
752199
752324
752416
752758
753009
753094
753178
753547
753637
753682
753860
753883
753892
754194
754374
754454
754542
754565
754744
754844
754877
754962
755007
755134
755149
755348
755404
755671
755829
755879
755897
756031
756061
756107
756142
756154
756289
756400
756402
756557
756581
756818
756901
757045
757089
757095
757240
757334
757347
757498
757502
757544
757876
758058
758063
758187
758211
758260
758265
758448
758955
758967
759045
759144
759291
759385
759506
759575
759578
759674
759738
759913
759942
759970
760005
760036
760046
760084
760172
760188
760478
760484
760489
760557
760653
760672
760759
760789
760789
760912
761064
761069
761118
761605
761617
761686
761723
761788
761848
761962
762065
762217
762222
762259
762386
762411
762411
762485
762657
762729
762761
762808
763016
763110
763133
763203
763235
763509
763528
763610
763622
763627
763726
763775
763965
764143
764625
764626
764627
764802
764841
765127
765320
765457
765507
765547
765653
765986
766011
766111
766118
766259
766350
766405
766716
766719
766763
766802
766867
766892
766918
766961
767050
767066
767128
767211
767213
767262
767396
767418
767471
767478
767502
767570
767586
767672
767824
767876
767895
767896
767991
767996
768008
768080
768229
768521
768566
768594
768625
768708
768722
768769
768830
768874
769087
769101
769102
769143
769253
769287
769305
769349
769665
769836
770131
770280
770296
770448
770494
770566
770593
770644
770768
770875
770990
771174
771240
771353
771469
771580
771586
771597
771718
771733
771747
771786
771802
771858
771914
771961
771964
772060
772114
772187
772190
772366
772383
772409
772660
772769
772830
772887
772892
773054
773146
773967
773976
774005
774073
774074
774187
774246
774258
774287
774319
774377
774665
774746
774803
774881
774963
775044
775173
775207
775441
775503
775515
775566
775626
775781
775952
776092
776273
776283
776319
776373
776407
776475
776526
776615
776661
776781
776907
776914
776949
776949
776964
776970
777015
777035
777354
777403
777597
777651
777684
777720
777807
777901
777906
778096
778223
778311
778409
778439
778626
778650
778724
778749
778814
778866
778980
779040
779041
779245
779303
779402
779434
779502
779651
779683
779698
779981
780239
780355
780379
780426
780564
780595
781025
781054
781189
781293
781381
781830
781851
781912
782091
782140
782304
782407
782460
782481
782538
782687
782839
782871
782944
782967
782984
783087
783118
783149
783218
783315
783396
783547
783764
783779
783908
784133
784145
784210
784295
784669
785118
785199
785225
785290
785419
785423
785667
785682
786521
786678
786853
786881
786942
786999
787127
787267
787289
787357
787689
787740
787887
787950
787965
787984
787992
788150
788168
788249
788455
788883
788912
789064
789120
789186
789192
789210
789273
789388
789594
789787
789879
789892
789942
789952
790067
790124
790158
790325
790594
790747
790933
791029
791216
791361
791458
791561
791570
791748
792323
792449
792570
792685
792727
792759
792795
793095
793280
793325
793426
793565
793674
793741
794133
794293
794347
794487
794758
794814
794814
794955
794974
795056
795089
795117
795145
795214
795254
795284
795307
795312
795503
795533
795613
795633
795716
795819
795824
795857
796062
796077
796171
796301
796603
796609
796620
796691
796695
796929
797091
797101
797156
797251
797393
797412
797414
797432
797445
797459
797461
797488
797519
797543
797564
797847
797902
798095
798193
798285
798475
798575
798605
798622
798679
798750
798758
798943
798979
799061
799063
799187
799537
799580
799695
799713
799721
799748
799770
799897
799921
800088
800698
801029
801041
801213
801215
801220
801225
801412
801651
801694
801726
801735
801866
801887
802001
802031
802126
802195
802271
802563
802611
802909
803042
803361
803482
803510
803614
803731
803838
803853
803867
803899
803959
803993
804001
804017
804194
804207
804228
804348
804453
804478
804481
804557
804691
804710
804814
804862
804981
804987
805119
805165
805193
805315
805424
805590
805655
805934
806137
806327
806345
806366
806647
806676
806761
806782
806812
807268
807343
807386
807576
807799
807881
808263
808463
808471
808722
808869
808874
809126
809183
809333
809602
809706
809794
809828
809873
810134
810243
810416
810500
810519
810578
810615
810683
810833
811002
811049
811109
811176
811265
811289
811294
811308
811346
811417
811651
811735
811814
811832
811858
811905
812092
812223
812228
812236
812261
812368
812376
812498
812605
812808
812876
812887
812965
813114
813148
813380
813448
813721
813770
813909
813910
813989
814070
814136
814156
814193
814275
814287
814299
814382
814487
814545
814654
814655
814894
814987
815211
815273
815463
815482
815551
815593
815834
815865
815868
815969
816125
816142
816338
816346
816417
816433
816592
816647
816897
816972
817086
817137
817189
817291
817363
817402
817496
817510
817578
817597
817748
817763
817776
817799
817805
817900
818227
818471
818652
818712
818780
818797
818916
819363
819422
819433
819611
820072
820276
820298
820311
820389
820751
820893
820899
820970
821017
821119
821195
821311
821352
821415
821460
821594
821626
821637
821701
821851
822118
822293
822355
822381
822564
822566
822632
822701
822777
822780
822902
822949
822962
822972
823067
823157
823181
823304
823341
823453
823484
823764
823850
824041
824043
824133
824141
824160
824168
824294
824384
824487
824754
824877
824878
824910
825131
825236
825245
825319
825325
825422
825449
825469
825518
825551
825588
825593
825827
825892
826023
826056
826294
826355
826366
826483
826513
826520
826580
826980
826984
827076
827113
827228
827301
827347
827468
827518
827544
827594
827635
827670
827795
827866
827951
828012
828122
828192
828590
828600
828851
828907
829013
829192
829387
829477
829497
829582
829678
829795
829906
830076
830083
830181
830264
830554
830659
830790
830833
830925
830925
831247
831296
831306
831750
831933
832131
832329
832358
832461
832542
832563
832577
832601
832610
832689
832851
832927
832958
832992
833144
833235
833244
833251
833388
833399
833437
833510
833513
833580
833597
833749
833784
833865
834102
834206
834476
834494
834778
834866
834874
834997
835057
835090
835497
835499
835614
835699
835767
835775
836179
836315
836384
836429
836506
836952
836954
836980
837033
837085
837273
837445
837480
837563
837850
837862
837984
838029
838121
838229
838243
838338
838554
839250
839296
839324
839328
839418
839730
839821
839825
839984
839987
840023
840060
840077
840089
840202
840214
840266
840294
840398
840399
840659
840705
840791
840990
841041
841306
841312
841634
841731
841766
841773
841774
841971
842074
842140
842235
842328
842342
842546
842669
842706
842724
842754
842757
842922
842988
843009
843155
843189
843449
843472
843473
843570
843585
843667
843785
843875
843905
843958
844185
844226
844402
844461
844492
844731
844827
844894
844921
845000
845056
845094
845319
845382
845505
845670
845808
845936
846092
846145
846228
846395
846466
846475
846612
846732
846944
847306
847350
847485
847596
847638
847696
847973
848020
848089
848205
848481
849006
849032
849154
849159
849238
849515
849652
849713
849963
850130
850164
850174
850255
850421
850639
850902
850951
850995
851013
851032
851120
851267
851309
851325
851354
851401
851441
851549
851594
851646
851672
851798
851811
851877
851947
852160
852241
852396
852471
852547
852679
852710
852734
852844
852885
853028
853074
853144
853149
853199
853264
853450
853640
853667
853697
853731
853901
853922
854008
854155
854251
854358
854509
854691
854823
855055
855160
855222
855321
855342
855378
855411
855451
855467
855485
855497
855663
855688
855754
855764
855851
856017
856764
856810
856844
856879
856931
857002
857123
857210
857314
857449
857584
857715
857755
857775
858163
858255
858314
858348
858577
858591
858987
859134
859645
859799
859833
859968
860275
860390
860518
860666
860741
860831
860937
860964
861065
861088
861144
861210
861226
861314
861386
861425
861436
861512
861756
861914
862132
862484
862527
862578
862596
862775
862842
862868
863072
863262
863432
863464
863492
863509
863643
863818
863826
864116
864238
864306
864327
864521
864700
864934
865002
865121
865612
865818
865990
866120
866168
866188
866216
866231
866302
866331
866345
866356
866390
866448
866632
866692
866714
866734
866804
866848
866912
867000
867001
867011
867197
867218
867447
867542
867556
867963
868072
868094
868128
868177
868262
868334
868507
868588
868701
868832
868894
868949
869007
869023
869053
869266
869306
869377
869402
869612
869636
869666
869738
869768
870019
870022
870059
870078
870111
870134
870324
870647
870669
870709
870714
870724
870734
870735
870767
870815
870858
870863
870870
870957
871004
871029
871041
871198
871269
871345
871387
871675
871735
871807
871880
871916
871972
872084
872318
872324
872325
872372
872492
872495
872533
872845
872992
873161
873190
873343
873435
873503
873549
874356
874475
874712
874804
874888
874984
875019
875100
875127
875276
875292
875360
875395
875398
875638
875746
875773
875795
875807
876177
876239
876546
876671
876835
876998
877086
877307
877317
877364
877416
877661
877674
877697
877724
878146
878277
878371
878463
878512
878672
878716
878718
878775
878838
878840
878862
878893
879190
879304
879316
879366
879415
879437
879472
879568
879580
879694
879805
879808
880108
880305
880328
880597
881019
881285
881312
881686
881773
882020
882028
882061
882075
882192
882280
882306
882336
882378
882454
882530
882602
882606
882805
882815
883142
883236
883270
883297
883325
883359
883361
883366
883367
883373
883396
883463
883691
883733
883928
884024
884097
884139
884190
884273
884351
884475
884613
884670
884671
884767
884808
884819
885073
885189
885262
885397
885498
885536
885597
885651
885763
885820
885835
885858
886080
886397
886454
886512
886526
886539
886545
886582
886591
886665
886713
886807
886901
886957
887128
887176
887179
887217
887273
887610
887614
887646
887746
888231
888451
888898
889356
889421
889461
889585
889794
889861
890122
890416
890442
890461
890556
890731
890918
890957
890968
891029
891223
891597
891635
891665
891790
891958
891964
891985
892018
892091
892309
892325
892414
892558
892597
892676
892773
892868
892874
893126
893136
893161
893275
893282
893589
893746
893799
893802
893909
893946
893976
893978
894202
894248
894396
894462
894464
894467
894620
894764
894829
894851
895137
895356
895439
895443
895587
895640
895774
895878
895962
896000
896161
896180
896235
896321
896396
896429
896466
896470
896547
896548
896565
896681
896694
896764
897085
897181
897206
897255
897271
897391
897950
897995
898084
898137
898166
898170
898202
898234
898290
898392
898433
898586
898605
898643
898720
899271
899345
899415
899484
899657
899669
899687
899693
899729
899749
899771
899807
899836
899940
900155
900245
900457
900483
900624
900785
900804
900901
901205
901243
901278
901344
901410
901499
901536
901692
901760
902240
902285
902376
902556
902679
902726
902812
902923
903348
903405
903424
903492
904001
904222
904231
904260
904301
904351
904426
904507
904705
904880
904883
904890
905051
905190
905216
905276
905428
905555
905692
905692
905694
905700
905719
905894
905940
906130
906311
906516
906663
906973
907063
907102
907517
907571
907578
907621
907748
907792
907814
907891
908091
908155
908338
908437
908485
908904
908953
909016
909041
909467
909492
909756
909775
909784
909797
909800
910076
910165
910224
910252
910514
910569
910857
910889
911013
911116
911140
911170
911214
911457
911539
911683
911816
911994
912055
912142
912504
912552
912673
912676
912733
912865
912935
912961
912985
913293
913414
913497
913564
913746
913765
914006
914082
914226
914427
914587
914721
914857
915041
915234
915400
915509
915688
915697
915970
915973
915990
916115
916136
916254
916267
916353
916408
916482
916714
916733
916733
916775
916793
916822
916924
917008
917047
917073
917282
917350
917676
917797
917842
917924
917929
918001
918004
918005
918077
918266
918495
918617
918806
918818
918862
918972
919063
919068
919162
919170
919630
919691
919788
919901
919960
919968
920010
920152
920241
920361
920367
920607
920642
920652
920673
920824
920830
920847
920959
921043
921126
921165
921237
921383
921411
921595
921653
921906
921918
921921
921989
922037
922087
922182
922258
922356
922645
922664
922749
922929
923087
923120
923130
923169
923227
923241
923306
923339
923373
923651
923825
923828
924030
924037
924090
924101
924183
924409
924529
924648
924679
924690
924751
924859
924884
924909
925060
925350
925358
925412
925471
925562
925566
925699
925746
925770
925974
925990
926002
926157
926197
926263
926308
926412
926454
926546
926688
926749
927187
927617
927769
927872
928040
928234
928386
928521
928715
928723
928758
928847
928959
928975
928977
928996
929008
929088
929149
929309
929330
929352
929568
929587
929695
929745
929942
930031
930176
930185
930314
930517
930536
930730
930799
930897
930901
930993
931116
931161
931418
931440
931458
931496
931520
931606
931626
931780
932054
932141
932176
932198
932235
932319
932389
932395
932404
932410
932502
932519
932556
932752
932990
933107
933109
933205
933260
933295
933349
933694
933907
933978
933993
934002
934056
934134
934319
934535
934626
934641
934646
934675
934705
934757
934942
934970
935246
935259
935290
935299
935409
935454
935693
935909
935971
936020
936139
936146
936165
936494
936604
936700
936760
936803
936808
936936
936953
936996
937034
937241
937396
937415
937418
937441
937452
937556
937651
937689
937712
938172
938229
938320
938552
938712
938777
938942
938961
939003
939148
939165
939172
939179
939193
939238
939274
939329
939481
939505
939527
939751
939772
940001
940019
940198
940293
940591
940706
940746
940761
940818
941160
941267
941382
941634
941634
941680
941731
941809
941941
942033
942064
942296
942558
942648
942707
942717
942727
942740
942751
942867
943189
943288
943336
943355
943408
943498
943802
943948
944040
944251
944294
944336
944385
944436
944550
944778
944852
944896
944924
944992
945509
945869
946047
946419
946470
946608
946618
946636
946675
946698
946755
946999
947146
947148
947171
947279
947511
947635
947637
947810
947829
947873
948068
948070
948094
948155
948424
948573
948719
948965
948976
949096
949165
949339
949393
949682
949696
949776
949794
949839
949950
950028
950049
950095
950168
950184
950254
950523
950576
950595
950663
950712
950747
950765
950782
950811
950979
950979
951060
951590
951610
951748
951778
951950
952041
952189
952247
952353
952377
952421
952511
952759
952940
952970
953276
953299
953333
953770
953779
953887
953890
953978
954109
954180
954272
954350
954353
954433
954475
954779
954796
954843
955058
955134
955166
955256
955322
955393
955419
955611
955740
955819
955849
955869
956172
956216
956294
956413
956445
956667
956681
956718
956766
956789
956921
956951
957009
957094
957115
957242
957249
957341
957360
957425
957491
957535
957555
957810
957879
958083
958120
958294
958299
958397
958615
958635
959264
959458
959507
959685
959690
959715
959831
959962
960090
960095
960125
960167
960212
960239
960349
960424
960487
960495
960681
960694
960694
960818
960836
960862
960956
961042
961058
961192
961285
961380
961382
961568
961590
961628
961743
961788
961800
961805
961882
961887
961944
961980
962085
962093
962136
962318
962348
962448
962489
962623
962738
962884
962917
962948
963249
963333
963373
963425
963455
963552
963557
963700
963762
964163
964165
964290
964462
964472
964563
964632
964819
965000
965629
965664
965680
965816
965871
965908
966006
966091
966206
966222
966341
966420
966675
966720
966802
967053
967066
967096
967216
967290
967448
967494
967654
967695
967736
967958
968229
968262
968383
968462
968475
968916
968920
968933
968978
969030
969039
969296
969422
969463
969491
969787
969804
969825
969829
970045
970103
970105
970181
970227
970245
970245
970403
970522
970538
970648
970670
970731
970809
970932
970948
970953
971094
971392
971449
971526
971786
971892
971998
972048
972053
972210
972376
972571
972799
972840
972879
973025
973172
973218
973408
973503
973659
973799
973825
973837
973951
974034
974059
974190
974231
974299
974426
974496
974557
974686
974852
974947
974963
975124
975193
975224
975586
976010
976048
976288
976294
976440
976688
976809
976847
976871
976887
976928
976977
977333
977423
977877
977896
978066
978180
978199
978301
978304
978343
978378
978384
978391
978595
978677
978719
978807
978812
978886
978887
978928
979051
979141
979169
979318
979469
979522
979531
979545
979550
979611
979623
979652
979830
979851
980133
980333
980366
980370
980463
980475
980497
980649
980665
980704
980709
980862
980982
981224
981237
981360
981498
981595
981653
981730
982147
982256
982569
982596
982689
982700
982702
982722
983240
983283
983328
983351
983432
983503
983596
983730
983855
983902
983967
983991
984384
984400
984530
984847
985085
985143
985339
985459
985486
985638
985718
985718
985752
985811
985926
985958
985983
985985
986025
986097
986104
986193
986219
986261
986415
986921
987066
987221
987290
987353
987375
987735
987835
987917
987935
988029
988541
988708
988788
988979
989225
989256
989387
989449
989567
989767
989784
989815
989898
989924
990216
990252
990278
990312
990399
990425
990528
990812
990832
991050
991130
991226
991280
991334
991347
991724
991797
991865
991926
991930
992016
992033
992075
992590
992671
992818
992886
992996
993215
993309
993654
993770
993884
993910
994206
994208
994211
994215
994266
994369
994449
994466
994501
994660
994747
994901
995136
995162
995209
995229
995334
995479
995601
995625
995687
995799
995800
995920
995968
996006
996394
996425
996613
996968
996982
996989
997214
997340
997481
997502
997510
997573
997613
997682
997756
997854
997938
997989
998055
998100
998174
998409
998559
998735
998753
998820
998901
999315
999319
999324
999477
999483
999597
999710
999750
999848
999931
