100
14667
32103
54631
55730
69628
80475
80655
81024
97222
102062
131341
138125
140258
140650
162122
163998
165016
180828
244590
251480
264971
293574
296225
297408
298931
301164
303601
309538
331530
338811
343207
346738
353989
364865
389805
390287
407418
421745
424680
434252
441620
443957
460024
467452
468009
490457
506557
552806
567241
574453
575457
586026
588286
589565
590726
614562
620506
622258
632479
644757
646663
670762
689071
690493
704608
711603
729748
730455
737337
746879
780208
782911
788982
809175
810716
811720
815105
823740
832751
845140
875356
883338
897795
898112
912399
914716
921127
922193
924308
928645
950050
956681
962997
968461
971220
979724
986267
989488
991339
992537
