1000
2557
2749
2962
4303
4444
5173
6154
6511
7937
11841
12131
13677
14056
14392
15159
15568
16400
18935
20916
22865
22877
23210
23528
24220
25183
25236
25817
26123
26827
28868
29158
29353
31047
36383
37185
42283
42303
43308
44169
48414
49746
49850
50176
51823
51977
52292
53658
53811
54399
56148
57782
59223
59955
66372
67717
67732
68966
69894
70611
71967
74434
75660
76496
77201
77217
78380
78449
79923
81416
81992
82382
83081
84460
85203
87694
88550
89208
91207
95933
96200
97257
98625
99007
99744
101436
102866
102935
105083
108249
108501
109171
110811
111500
113411
113657
114800
115049
116104
116603
117235
119058
120273
121523
121827
122541
123047
123641
124390
125648
126280
126328
126734
127978
128755
129084
129667
130165
130221
131473
132238
132569
132911
135490
136629
138588
141053
141075
142792
144310
145070
145655
145954
146398
147142
147609
148572
149335
150560
151639
151739
151824
153159
154538
155014
156795
158524
161213
162467
163552
163794
164065
164182
164300
164772
165414
167589
167971
168607
168817
169842
169852
171719
172797
172924
172973
173084
173846
174239
174966
175424
176327
176762
177824
178368
181189
181978
182723
182937
185095
187028
187315
188391
190609
191263
193905
194011
194668
194784
197463
201088
202804
207291
210981
215532
215758
220096
221131
222137
225728
231646
231895
232129
232539
234757
237243
237302
240994
241119
241215
241666
242576
243819
243984
244140
245332
246638
247755
248619
251044
251107
251197
252445
252445
254078
254742
256072
256173
260171
261413
261574
262180
262882
263771
264698
265616
266191
266431
266591
266964
268692
269696
269790
271595
272522
274373
276193
277643
279492
280212
281709
281896
283081
283281
283379
283595
285053
285403
285539
287519
287797
288007
288253
288354
288705
289104
290056
290158
290470
290970
292893
293665
294272
294484
295343
296842
298410
298525
299157
299435
301920
302534
304051
307632
310314
310357
312084
312413
312815
312918
313432
314034
314429
314906
315101
316722
317669
318850
319004
320987
321740
322882
323053
323756
325526
326279
326381
326482
329748
330544
332228
332619
332714
334104
334995
335444
337734
338928
339079
339229
339963
340861
342723
343317
344070
344636
345304
345482
346374
347720
348426
348647
349407
350119
350187
351415
352039
352120
353475
353914
354333
354865
358162
359974
361360
362053
363873
365614
366270
367209
367937
368890
369376
369642
370516
373580
375178
375556
375879
376325
380558
380735
381996
382401
383173
383839
386848
388879
393407
396049
396251
396560
397031
397796
398726
400009
401318
401997
402421
402977
403156
404016
404192
404346
406464
407901
408006
408311
409481
410705
411136
413052
415361
415550
416351
419226
420344
421418
421460
421937
422260
423165
423310
425631
426712
428293
428358
428600
429058
430420
431082
431416
431642
432137
432276
433699
435474
435637
436603
436960
437147
438009
439792
439800
442964
443111
443214
444674
444760
445756
447102
447577
449918
450138
450829
451003
452684
452895
453054
453989
454023
454830
455470
455506
456194
456306
457086
461159
462719
463637
463804
465803
467632
467691
468107
469156
469273
469402
469608
470827
471257
473911
474693
474926
475090
475622
476525
477845
478357
478487
480687
481177
482634
482865
483372
486023
486101
486636
486917
487243
488253
489332
489651
490816
492099
492399
493544
494290
494564
494594
495885
496382
497732
498266
498817
499176
501010
504637
507335
508650
509243
510104
510809
511797
512015
512405
512480
513173
513333
513609
513667
513929
514337
515058
515804
515921
517822
519523
520166
520588
522009
524787
525224
526799
526807
529891
530777
531104
531191
531799
537504
537642
538751
539008
539064
539191
539591
540064
540658
541470
541751
542147
542646
543233
545857
545906
545974
546225
547601
549083
551735
552531
554780
555758
555956
556469
556590
558531
558539
561240
561465
561903
562118
562434
562745
563047
563355
563600
563743
563850
564020
564838
565347
567089
570810
571916
574170
578265
581004
581014
581073
581286
581507
581537
583881
584071
586407
587507
590133
591009
591268
592219
597950
598451
598547
598670
600472
601158
602536
603385
604545
605096
605474
607296
608760
608766
610361
611818
614639
615211
617023
617895
618540
618817
619908
622134
624200
624294
625120
627402
627851
628226
628999
629047
629676
630019
631352
632961
634603
635613
635712
636719
637154
637754
640455
640499
642233
642860
643837
647491
647754
648845
649273
649882
650024
650596
652639
654121
655885
655910
655937
656716
659118
660791
663315
663833
665050
665983
666093
666468
667627
669945
670268
670350
671849
672490
673038
675213
675806
677698
678665
678684
678840
679246
680024
681001
681308
681728
683697
684576
684828
685463
688724
688971
689395
690106
690670
690928
691487
692539
693090
693869
694477
695132
697482
697757
698181
700307
700596
700842
701562
703219
705316
705548
705965
706208
706917
707039
707805
708217
708916
710085
710798
711659
713236
716024
716422
717372
717572
719790
719988
719994
720390
720407
721073
723410
723432
724123
724747
724797
726236
726423
727740
728267
729883
730206
731655
732137
734642
737172
737626
741884
742790
744501
745583
749029
749253
752090
752477
754408
755499
756234
756695
756978
757028
757999
759116
760090
760731
760992
762558
762739
762844
762977
763157
763288
765656
765969
766244
767872
770320
771693
772055
772693
772853
774026
774114
775565
778395
778898
779627
782057
785105
786044
786587
787659
787994
788261
788717
790490
790743
791077
791917
792025
792481
793363
794970
795118
795819
796067
796226
796505
796713
796723
797537
797946
799192
800910
801934
802163
802698
803410
804419
805175
806155
807648
809897
810244
810570
814391
815793
815954
818173
819375
821953
822383
822475
825160
827227
828845
829559
830383
830706
831069
831158
832128
832912
834351
835228
836466
836817
836988
837189
839262
840941
841440
841667
842668
843975
844416
844889
846148
846784
847799
848384
848424
848502
849220
849260
849990
850023
851091
852103
854269
854653
854907
855625
856152
856633
856794
857235
857869
858937
859335
859665
859823
860011
860785
861805
862153
862262
862383
863629
864637
866106
867137
868423
870764
870868
871579
871612
872553
872954
873684
874018
876619
880505
880725
884262
885355
886876
887220
888055
889792
890449
891507
892372
892562
893027
894554
895050
895389
896379
896817
898842
899494
900231
900971
901414
901706
903312
905659
906726
907830
909328
909468
912199
912476
913379
915245
916777
916979
917639
917669
919990
920938
922021
922804
923874
924568
925882
926614
928685
930525
930983
931889
934784
935048
935904
936611
939081
939939
941553
941989
942225
942419
942661
943232
943583
943974
945193
946315
946545
948188
949200
950415
952216
952608
952738
956160
957517
958567
958745
958937
959035
959267
961185
963173
963327
966758
973571
973823
975198
976575
976702
976886
983096
984926
984990
985421
986398
986579
987957
988985
991573
992345
993786
995305
996923
997210
998276
