100
986275
898613
374164
229323
656363
42711
47906
430741
88339
35182
481940
983836
963405
786307
18031
690078
658213
801922
317900
939551
781902
245974
879779
691101
11309
631318
105565
369426
722254
778803
91372
896419
443739
290402
33607
289016
970789
947934
158603
735432
853593
446877
46221
126962
814395
797800
983617
823642
97518
333136
107077
967526
528261
989543
477007
27421
901665
759491
342286
886504
808530
289070
8550
599817
29563
835678
336494
287475
398728
484787
332417
501546
755945
238886
348925
949468
328128
236576
340480
71131
298990
753914
116089
977604
164046
190051
701785
625306
404901
80436
717756
70447
361464
102251
412592
729682
700392
562075
845477
97374
