10000
711543
853801
706721
93024
981017
998982
821504
757220
563464
87642
530159
461641
237703
327399
392903
688405
122458
675246
499630
756404
593505
798171
599835
826086
325528
916883
461975
441389
980255
173533
382907
15420
315816
190666
471060
166370
549513
400015
532042
921963
240651
689335
193079
324855
211705
539419
704800
219066
593488
992456
993190
294548
550753
712115
564837
961620
779091
823378
194161
203186
909021
220898
487422
863970
958634
892209
486342
552269
868857
763653
291475
175409
992569
787601
987657
914919
505726
617467
703606
550604
971531
209098
131699
991395
672794
347037
811937
723436
232110
412230
185222
284955
474763
705300
919412
577156
166045
776395
83318
238364
892284
908004
880255
114810
269944
756611
930832
312992
78353
581293
431397
443982
322136
484037
33485
705531
479607
778906
242641
700232
546663
692055
570005
246700
665030
424510
389902
862219
567640
625586
932999
240115
589004
237338
382230
185555
424169
493315
454242
311309
437398
319522
980112
380612
63196
108177
202826
398625
431242
407130
78774
982269
318078
717148
991092
325590
894725
216591
404223
662210
369451
558986
363058
856175
426804
230166
16929
383709
756674
486611
884867
873022
238301
657920
228862
439186
182407
390805
628324
320003
361055
561948
462357
674596
460771
578051
859201
492852
831915
136107
186824
284323
817863
431506
869146
376563
246786
121615
636355
258106
530370
347279
75322
901404
486987
746390
129444
53760
412116
845452
652105
151725
710677
966499
653815
581561
936866
68096
700979
865327
266355
874567
777706
505357
207346
928183
954227
661609
155283
548370
172627
467251
455171
967694
995414
257075
323776
275350
565961
451764
113835
251624
734815
488785
107403
223523
219782
793658
397130
510692
434128
610943
977213
528319
921040
384471
842411
626841
981534
208707
187700
998645
629222
831853
546859
785361
966233
84041
921698
109484
725312
99600
136978
37992
106995
805663
429454
436451
380088
166837
741492
778488
655721
459364
255338
41504
403223
469710
354295
361439
101951
818258
365499
881344
946238
181688
241845
46028
315307
96259
991274
919592
473776
18562
94877
665481
650074
853142
322697
284559
55026
551087
521545
748440
262617
944695
164122
181741
114504
133182
63807
319880
821253
999631
447132
566764
357677
345345
344490
94440
785399
488755
589830
354840
192662
906195
365035
124081
154265
891010
839363
79580
473359
270230
402986
836470
672742
211498
774184
821314
205892
877047
621062
274440
539513
779929
493697
204797
421960
730316
249269
838268
755347
33596
508244
291062
914547
552494
93848
934683
511975
66690
583688
282116
142172
481535
520361
451124
720012
802203
752951
521646
811473
766248
465440
170169
555703
947236
343302
606510
897033
372949
251983
747260
831410
999412
642117
982007
871812
924562
192876
923478
970645
419717
100600
766165
366704
23740
30260
298465
507772
612781
248870
946023
909979
569750
571591
659522
597942
321526
576426
989854
401496
962582
480334
850052
609732
423562
400045
305802
731855
423719
164657
956445
962035
967855
866447
661332
631751
951609
661320
615736
657184
325850
917511
478884
996112
284425
726923
522917
508366
888161
587609
766943
49455
579036
561462
124180
563845
508573
128544
157216
30167
353823
854545
335558
686580
771832
916572
296166
418329
608742
326293
445594
925194
437671
765943
566087
226904
597926
245177
410896
319372
470183
511235
510841
541363
881517
175876
828325
733625
286475
594254
209488
993344
918310
713665
870702
649903
858624
230810
992064
167371
224500
85784
546528
243107
443965
400473
382002
791217
107637
953479
697042
53904
389785
618556
130987
839466
585994
3330
123146
934193
519699
414054
311084
73556
290393
636190
443002
902358
262111
720257
445615
88472
372019
969752
190462
148237
380411
881097
572909
379562
296407
165115
27904
499893
431377
944759
538334
421957
101366
192714
726912
173741
180956
465239
403211
678731
984041
800979
923818
757461
556204
725616
164231
574408
327529
636919
480683
434214
554841
63925
428869
433532
684594
688972
12527
496847
735648
482845
73931
268023
370120
71224
405966
745581
824590
745296
829401
216166
3727
877512
835472
537749
907059
283756
735292
90774
746349
453787
837695
296178
66696
264029
423944
342549
388721
21464
472389
429353
249106
738153
28027
544897
238274
936902
242285
467208
829133
819149
212978
510257
619618
459177
450608
535080
315110
193334
844738
220228
681911
487929
311858
891930
184792
155627
34830
1987
707295
179145
315913
926476
610497
588688
158755
614061
73586
729013
203427
508018
535575
72552
514042
507450
402429
665715
429600
608188
781769
516329
577368
670927
539513
153110
233096
11802
318282
290672
490943
689437
128490
623107
395181
879030
84440
447636
674961
497856
659595
344597
513413
28
819632
90437
616253
85056
294352
53203
312539
748097
339596
745184
913670
875251
305643
978547
665206
514697
817014
426679
90407
393351
599519
680639
71285
211076
491956
592771
539325
643310
898821
193147
325521
490717
251711
821164
219381
903713
379446
706902
339564
811884
38360
329230
608260
714856
335607
686243
848903
8163
83889
848236
98165
654420
474055
586916
484311
584471
898744
292143
110502
335522
169890
538286
521559
566441
431043
451090
228252
485067
988572
370769
764919
516659
685869
92023
950742
709591
293598
665045
217782
52982
216719
151504
574955
8033
649610
630765
237685
569980
436857
645057
13259
706698
450111
387765
852338
285351
690578
942444
228180
608547
280264
22621
733516
719740
267259
807610
302717
628421
206262
231707
371945
964615
442676
827691
221997
80663
341276
566432
575515
690117
514122
93997
525257
260377
455167
239493
641516
643698
381044
546409
648050
288866
479086
195041
170416
851561
956735
195042
378077
616369
73183
619317
337935
387993
564352
390480
102180
726718
543185
892106
892596
412921
527832
709269
152912
160469
25844
944480
807823
654226
115099
467200
215057
598809
318549
661703
311852
809177
646268
788365
177889
914657
707607
755075
525581
716844
860103
323610
961192
723701
844640
493724
235986
53056
732036
871609
934572
547902
282225
780628
889892
106199
778654
278983
438329
55062
251905
104238
901756
711820
978347
535694
672183
188201
956674
917822
785373
206670
554928
546683
514889
221369
288530
914035
47093
627954
699022
639221
50241
875946
304650
548428
14887
202723
459910
568755
310209
405208
371255
854263
708182
349846
669529
81918
144744
80989
924137
951370
63510
547955
295880
557439
365257
287513
92404
865787
462803
912805
629886
978749
621888
644368
342609
230432
800394
755349
999082
157608
811729
127454
665884
562862
995906
998001
504455
505122
302592
209314
494116
126840
287086
937497
749980
78706
631853
995707
450998
954208
222868
698407
971965
654028
117619
932521
159131
952509
902498
622191
793559
377810
434429
73333
366525
340842
606613
154645
616853
303139
519083
498092
553456
544987
986465
716967
470586
821411
790249
691007
268924
580002
51189
687525
131969
892590
319943
442588
865412
1713
160176
766150
295237
265077
761750
323257
992846
982243
333954
148099
538688
680627
975981
965828
573610
895846
676863
854165
584887
434481
11116
572565
813122
120702
186376
613721
938157
991033
334705
194448
387450
792311
572483
359669
420910
288577
775534
662288
289300
260017
883526
556938
8746
177385
630591
46644
173881
41832
380213
412916
678302
443144
892276
597562
202449
648661
441729
242450
133834
521299
526145
996059
992822
151007
635872
518702
885846
898367
145266
977481
741185
156207
266732
757480
595397
443953
828610
823234
97457
499513
660720
897429
581575
821958
161114
354667
354896
382277
44599
510358
712735
596793
592694
597401
123227
517733
837646
201866
907882
86854
44456
280095
458014
685565
518579
169009
154232
230476
879977
857953
309986
638061
347296
872700
249028
580129
551615
352371
199606
306843
78202
387603
831197
715936
59664
367046
724063
179549
331468
665377
36700
762119
995077
301640
235219
797521
459998
573022
8265
831392
36768
610536
233848
139807
649517
415571
734906
285657
992367
863289
117790
230234
251638
404072
635690
284027
164973
409029
745206
123023
132037
381247
154422
576874
112946
244243
454233
198789
350086
322483
413100
340515
437374
645251
476635
295334
599500
331218
947938
639149
86352
121738
655705
503933
175927
433696
211925
359160
997025
987123
533227
309162
726847
270259
560767
492713
258529
46666
910196
35556
334802
591128
505897
70608
487842
106505
222372
827664
550112
158796
182147
781048
783938
238852
906915
119589
2820
961758
249137
375837
292987
551782
885477
635264
666606
904917
144462
646124
242256
530935
303565
177950
553140
976596
110524
587221
971402
234784
287430
332134
443511
846418
585913
858640
888403
176878
647080
983823
843976
606475
794509
649077
188352
298105
254222
144608
914448
401816
411156
774787
58290
541534
759976
772911
251056
262515
855308
936326
704395
391306
109249
422395
977564
652327
911308
55656
226096
729020
527210
91450
885935
735088
579168
547856
388913
213729
221742
801918
664705
913013
30518
703021
741047
774953
942018
524070
394743
300914
704572
656202
712831
363999
432015
542461
946311
497680
717519
51178
127684
942167
85697
712162
643536
763077
295071
560565
314921
204610
831524
630855
74270
233600
73688
863726
483762
469984
630706
388867
866053
762616
195142
914945
289522
131531
660452
578830
44707
794349
705832
593850
234221
648826
521376
330224
670392
613912
894322
693996
981250
384939
705001
523884
333923
104335
22594
411438
671528
794488
414100
439001
968329
903977
846381
883793
331635
466440
218572
95717
847085
536922
330828
133398
944927
18566
695757
465022
48404
273595
130905
71286
286847
352892
243012
148642
145221
891131
980423
887805
272485
966910
87279
541830
803496
920032
560472
824361
381772
654765
971245
188881
301667
305346
31227
521725
151271
346781
178575
356750
627041
571197
391982
173060
680491
326882
792251
830349
353872
224842
648847
865297
961266
369063
890453
817005
378286
982144
204671
934578
218935
973344
250944
799390
295209
158161
390114
587142
737536
124201
657996
238667
244374
31766
634732
208888
359072
129392
385807
760835
697655
726617
156189
873700
378740
503528
894998
613980
76525
83666
464743
493187
898271
375411
145784
577521
809253
833176
740984
28526
68202
46229
991207
247517
390866
615328
152680
740587
850264
678504
589654
97805
139799
141751
409945
711594
15511
308573
648502
478074
678021
88773
751370
236263
903754
64551
46810
65850
195236
279873
154881
527187
116968
288998
771726
787184
891653
95117
731978
535240
195221
813561
620807
552886
972549
290371
17500
935783
373736
364781
769633
384959
488767
47324
451223
636065
919935
351430
85183
359415
153014
369619
54923
970495
882599
89174
898875
257648
73746
506472
573665
777080
706335
926180
377271
72817
907342
39813
958659
616083
593508
751076
429293
129330
748160
531956
665104
56878
897627
612500
100141
620334
89595
749824
139032
602777
17444
286312
577020
636533
405797
684315
429066
493089
238301
840135
86107
356507
341770
959123
377327
323616
925468
103482
152312
640571
176547
198157
491577
570598
451754
614069
12907
443589
811504
215802
71628
228340
672579
24936
649110
555177
925953
203280
189102
86975
880390
499091
738619
786324
349824
848588
546275
220225
1461
114646
791032
290260
757895
114123
632172
339546
883237
991645
898372
704414
410657
975419
875160
972587
321534
430771
665262
344977
26215
347832
776803
806960
93652
369121
685546
811250
764895
25159
698174
985666
295872
777932
174545
649221
4426
636504
381062
238710
88300
524148
169163
137064
120112
172321
13375
75830
206944
768645
241310
566778
111492
154297
702055
983773
902549
757743
743166
595408
177237
920185
499564
567554
260035
841614
332653
515581
722486
379997
36456
342586
157254
187719
777850
735287
375918
670855
971128
764072
804613
359938
202202
612887
912546
47944
820928
576455
828765
521580
235969
276688
270885
95857
206106
788558
421978
598558
454813
219484
965157
25545
256820
678556
711093
936078
118400
945379
239343
280825
98188
350230
833145
364586
148039
736065
478333
254420
451572
83333
869983
666543
134970
2655
915426
507182
12519
293265
11262
173137
467632
846308
481420
10832
713797
346300
121297
502587
628471
534162
276610
368515
97630
41122
472059
847258
594420
468103
375734
908196
672458
927900
868754
445760
8150
771124
180673
67885
333909
418804
655674
807548
666039
847419
235052
920463
651300
698963
703607
957471
65681
946508
96598
343991
295670
786372
938067
899217
256003
275298
120894
867532
997022
866619
266063
968880
46974
782529
456595
345389
811173
267457
180033
620233
286464
979464
228317
728648
756869
778197
649745
876842
386570
366402
682785
707043
399191
332286
730848
49265
457754
346235
740624
550894
244902
6389
30674
249479
979829
256117
523611
903437
253252
187137
788509
397291
807935
439683
723338
971466
933184
702851
591437
621771
436774
97890
538356
6073
1034
15032
592008
968766
402709
454623
744127
163745
633731
718853
313854
156057
993748
375633
400244
304879
835444
346624
515315
568380
147272
945160
583799
651372
489955
541211
392655
521909
61755
749916
774391
319970
838807
977727
489209
301211
707711
162319
325174
713482
662908
978684
133499
641060
635355
857112
940688
650329
242874
145422
523888
962691
272151
537348
891440
621270
105134
473221
988991
381012
2470
315593
490281
766385
91537
500571
47237
657326
420823
128851
65566
766031
339492
489000
318224
112746
457664
88326
564891
482717
942378
883891
208767
629722
386286
362848
878120
11680
396014
659191
184455
41937
671525
882708
53369
700450
595746
68647
274165
985211
785839
545965
956430
132571
794746
825599
248164
115570
703638
337677
389005
601732
528334
90797
399931
120576
339920
959126
890954
837276
478090
758484
982260
764021
457084
413379
691568
920587
780615
549835
982663
428297
951439
935387
227310
885842
671109
956395
625226
728686
75429
433517
694338
304389
755096
213291
521237
296237
406877
687632
333742
137823
26112
581948
424931
937395
279014
404573
629030
431886
850011
226210
658162
124823
465322
677617
739088
76750
865725
111687
489513
362092
908677
310267
957947
241833
343411
164766
9001
278139
184477
439398
140507
242308
566773
165111
546386
590907
261724
661558
219256
115383
156793
229251
814512
925694
498942
895685
884206
475014
159736
155465
292657
575372
136304
735379
702016
929612
64701
390390
396941
939497
631000
282578
507712
36098
871410
833070
537710
821544
681024
702461
254703
425426
940302
990422
592148
690590
159929
9277
193959
948587
685013
460006
541732
765968
161761
816473
674322
848304
172722
296353
651920
325848
415752
246115
928531
655436
457778
28669
839436
833751
963501
647517
644233
162453
301540
256260
590297
373448
93627
811315
26283
340340
695930
333211
775734
962206
616619
425942
527168
180131
291180
705562
551899
614946
64928
248763
409525
974063
669762
449330
818275
32063
39901
362968
740593
310238
9095
672589
21668
695675
495616
320591
169467
943064
436842
334052
272581
898342
849608
593496
959473
773881
282089
337742
118752
106200
154487
418161
515956
527360
735839
225004
677971
220883
457400
750079
442262
116555
673805
488372
389952
850382
785083
132263
441503
23447
875497
415714
18084
738667
437287
67887
842491
674741
309992
28399
88215
34632
128689
903864
916732
241546
222098
778228
101348
888820
389326
69793
182080
909237
84123
8081
772797
205503
368804
21970
681181
871477
210570
428089
948434
729959
580612
947897
276645
511869
844498
568152
810651
955783
329102
909861
735480
215446
678289
183598
239468
634399
338414
350358
255550
996519
563854
695855
694201
599507
43851
947328
571706
682462
725020
808442
846178
837297
600761
322982
400048
103800
479586
987324
375668
565816
282597
368975
565863
269772
943770
163063
114520
138070
660172
72681
816511
577676
58603
898778
362802
261102
852448
387745
855254
806412
22003
887508
955453
442260
399071
469454
690701
554480
194262
468139
106420
303345
509278
969079
274291
52983
22742
730107
519498
948341
171808
409801
620857
339337
523372
47036
465753
912386
850166
110386
103528
315422
553083
728897
321423
306273
212314
907799
437495
158579
929044
47247
99477
442836
679759
293675
695592
629239
697478
812467
615933
655936
503582
359406
291133
223318
369840
101208
455875
929349
278728
7533
229337
850157
228813
345511
324362
814767
770418
232518
294091
876361
378550
252364
53311
742638
649382
861599
69437
704158
131955
772350
421745
997390
150639
277164
241511
609067
656348
392233
724276
791768
346284
175233
74253
611554
655772
605537
932812
697447
317612
289344
291450
225778
768078
99078
414229
815723
893630
846579
385993
129416
846319
836871
439837
511784
554296
993434
186622
953054
382719
193963
969266
634285
734920
939986
767135
520460
441853
407337
313099
915246
406676
365523
979660
669479
504861
628768
777656
288885
179265
390042
575543
867703
621656
204411
417524
772073
489892
986043
585582
625965
448486
164134
687933
829722
321279
910891
253941
550959
703317
911914
743383
795187
484391
50555
962278
339512
414892
991723
793635
312279
560951
573622
36596
118289
96291
170209
917964
451394
338690
791173
529069
935077
484099
717055
155546
619784
305073
243660
517526
324708
406661
817412
682561
66231
750857
713245
179980
295521
977235
290352
613553
924220
981999
207271
509824
806774
715111
778975
814554
22331
961476
207927
256295
593517
684107
542551
862835
687222
156231
406809
811548
435548
436231
382952
246035
394395
552686
905171
762737
950391
666671
709221
989568
809633
392474
864538
948205
467446
437609
103067
437603
618732
415288
763526
148920
942510
57418
179469
902448
733147
108243
520619
489920
233637
524958
686167
677486
604021
65814
279312
544573
76311
613865
624300
910634
365521
665106
307661
510594
432150
897662
679584
667215
900230
939896
920816
277828
157364
22507
696526
825066
373577
795198
922637
8270
365340
353580
76056
278681
353663
908429
579178
227517
636818
961670
414287
36437
181827
664357
652966
543859
893017
43424
466832
195568
566950
193066
434783
649583
776368
60196
970485
435704
226657
259094
647035
527405
151171
76291
373442
387131
330370
45331
413018
827529
933806
132321
804222
750920
269700
543790
675089
393749
636611
537460
918614
142017
26341
563117
466485
446756
989656
189226
653969
832428
721312
600568
524800
661693
97763
623025
570254
788404
149237
455526
957520
238719
414055
471778
480827
61856
668272
425826
737083
720036
987240
394997
202800
808605
289768
154395
263863
75958
166525
431963
436239
614799
648847
56812
925957
238612
739525
408745
973339
976118
460289
244240
703397
614244
671026
31609
158855
502954
213535
496790
548014
629632
231929
462662
724674
198694
42610
156261
100358
863297
772063
383308
522711
715323
605070
917313
483265
291527
954476
496650
3335
328308
95632
86310
825604
572490
843256
781328
458061
980427
979297
405772
41786
229875
88172
96071
879754
563552
840242
223608
718282
844975
397507
75103
953756
931002
490797
153866
197309
439551
142426
485756
307877
665488
433295
762619
850801
999852
462685
57332
774352
681009
62574
1535
982440
940151
912276
434187
425048
942022
532480
274580
105454
176451
261622
363633
538965
382242
82278
949187
753064
47902
698823
247486
618851
674525
603333
160737
285523
55418
75894
915261
93046
837893
370657
498997
875790
515959
438258
56380
453592
454002
446871
192782
972913
669187
413332
848582
777218
790759
458917
978039
177822
159235
753011
387321
864726
124439
130360
260548
802739
126675
905425
433163
948748
729254
12380
249227
654096
694292
565933
868486
817253
447309
995973
192376
965329
10097
400009
443451
722715
959025
642970
949755
45171
761688
483187
206672
686694
852920
224098
743519
923475
508770
580141
88995
844240
656172
161682
100426
606936
114592
959028
951943
54463
97189
200635
365317
918645
16789
508475
750182
949316
453691
498035
57898
944863
503992
470196
532898
561938
770661
567580
415061
684794
253462
179173
663678
386341
308007
859559
700446
262736
199083
16333
200068
575266
467854
400550
213609
466358
707058
956355
157465
173786
981942
298588
771404
999774
726623
421086
162013
87620
1706
219984
798064
754188
836737
110390
752566
615701
952069
31959
875392
975161
716863
490366
349390
929752
739520
432502
300289
102577
517111
424813
874375
999466
690366
325463
189114
633956
559026
935371
848851
498624
461247
99474
116250
302795
215955
678169
374722
730669
700939
645368
575338
505777
960531
634743
938382
924989
897441
926942
709683
995918
417389
961951
249051
644297
532754
540935
386067
987320
826514
164149
226235
14231
650784
11698
435122
53683
675748
657934
537209
536727
358192
110103
830209
878854
969262
670137
126158
872686
383548
771175
860813
580634
973203
669682
264042
392478
867101
212947
981800
706342
907650
755891
811937
933169
529485
859187
508119
522996
900761
938964
567432
193494
767246
519032
822662
369673
537609
187507
773661
940711
988822
850122
447081
101170
391316
198604
935698
687890
934962
188801
825898
205200
955834
687391
898681
28731
596043
39684
457411
902635
137774
237588
80422
488747
459347
172098
65732
870238
416609
660037
527259
935076
855009
71413
808449
540626
684065
62158
230464
214886
902349
530740
896976
218973
173063
870375
60340
831862
603165
926317
798709
582337
131024
562887
841288
125350
558701
478727
916421
788170
626827
104880
509304
47465
621056
779640
669036
663910
178524
195459
243757
103367
674768
518527
777637
834411
674521
998480
710077
594509
190495
52954
176131
85236
104209
204952
314775
76912
644596
240723
472188
197524
359823
809969
403393
23429
380775
440587
319049
386833
360915
548278
317536
23992
904295
821092
783990
194078
295575
340100
423632
16788
909578
433066
883022
506036
193652
48519
389575
984237
454641
55825
769854
749759
995958
880889
458642
334969
422728
531812
999019
517720
73255
347507
293023
241567
24469
561925
100971
729062
43577
709014
995039
701221
74394
788726
362592
119451
631899
173974
467065
645071
375408
146220
940129
197677
773972
394834
69274
734326
181938
651789
861692
698009
66504
907886
472190
151582
461400
651047
787392
234297
719225
403072
898177
623791
429579
374465
549371
917896
462237
798404
137586
438654
861444
741965
152049
790775
495399
632831
170659
517448
425981
2880
720388
736562
83495
763660
44165
684895
59072
43959
937633
99363
68557
144453
198497
333630
864003
900258
371701
669826
203129
404300
196081
134828
695320
761499
55874
492396
306768
604801
277426
193906
531365
354940
546872
588702
431685
11848
242536
160391
209051
829903
949941
728700
221784
714077
231295
487843
354358
699323
663813
358366
661173
27005
879888
97625
90546
232659
624191
94141
281114
927252
344925
964919
798294
297199
534079
878441
292166
597920
391354
423411
80785
905864
944210
741055
648535
573383
831622
127577
856701
813772
469069
593355
17532
808744
654900
564731
691396
986097
15300
984350
820589
402624
288693
603642
296008
233688
239246
431802
341315
648044
743464
746038
428109
105891
130227
812243
217081
692531
535071
738940
856549
800471
492294
952772
789010
176784
530083
492418
639432
825586
345553
487083
304691
494442
587615
802083
942039
775468
679612
707455
554045
287565
952440
938726
417747
975821
396434
411522
87535
426153
608138
11639
222710
48452
212193
554959
548103
533282
117134
799355
154311
424620
771506
92444
998834
284474
32849
497546
900598
18164
334443
439281
743977
14549
542793
134366
138424
878191
433429
815562
561421
674294
113185
447181
328528
495428
410793
526063
351838
389443
281350
845076
302062
882054
678862
212854
757049
939383
506775
423855
805933
486270
304678
184674
409927
162159
982907
681931
837146
90253
383569
550040
36249
179814
836467
152924
307626
400139
992384
80908
434781
910428
358940
75777
876616
997449
936452
830795
902575
34059
34677
490570
956575
296282
720709
125640
112498
940964
504737
724040
291675
283278
11132
967217
641708
283366
852724
415143
470170
288807
613359
643791
104286
966731
789357
591239
629555
173456
638294
959526
452847
157485
311112
577645
700024
373871
660543
341969
364211
380617
676538
728259
645399
708108
169860
174105
271665
511784
29669
404653
683295
753625
429706
179634
242598
930316
791254
552463
912476
881369
344793
873077
991992
783826
151487
46887
344250
806231
243571
946397
875129
593370
827490
986647
451581
611492
624153
839933
258986
616181
834478
902803
76812
413337
408343
912766
293098
568534
399785
721735
890823
140081
349426
912387
897471
601103
807534
522977
671212
468067
125977
740077
610850
585428
398552
320793
569458
13900
421185
524473
312312
579010
838660
207569
673767
530980
26145
179816
110017
56418
701789
92210
997753
33884
502382
733542
590399
569672
8707
528739
559080
975241
338128
390199
300563
581641
348922
148155
104975
600044
242908
125651
109081
755576
926503
84201
152706
255267
150905
773612
398045
657045
764626
582927
395159
859544
149924
585098
464173
326740
431715
316271
21774
339473
279273
83554
498898
329432
353206
89716
285129
26617
391174
427958
590652
273478
574811
168853
198593
818703
371400
947076
475019
371372
855977
748373
431915
507033
745758
596502
705952
238307
445509
347343
191437
483713
510941
659001
562375
42603
827340
980630
618315
34898
364117
155415
77080
153263
970586
365118
50546
779923
564838
183397
145647
409294
292397
703414
499542
479207
361647
435183
319334
122644
906880
915460
260230
893363
605618
335730
800804
91530
311802
648528
567047
675819
27288
28399
632984
859134
660359
164480
634855
625651
829886
776347
270551
205
385089
228926
362262
163898
9
403390
171190
296959
131095
267801
541333
564875
585551
126933
752722
988395
547110
366502
386569
19499
300999
72743
624236
677234
741180
898586
505903
305643
161829
75108
341751
264636
163527
401592
879159
935810
862825
425271
56760
377279
874605
734462
893902
64572
173719
845177
735279
750917
706576
398635
62240
632551
438784
475222
612653
482181
711444
458737
153856
134094
3634
42128
373000
418747
218975
676737
561633
956069
129816
276888
575349
720785
159245
376922
698203
745367
806209
703805
690816
429270
152993
757286
285277
395283
633569
301761
973649
285301
701568
664497
433493
708331
550192
602628
400199
102026
129346
7912
18554
6701
574995
258899
170481
899159
109019
275458
14878
114976
700380
44379
38162
548957
151224
708236
698872
988663
531423
191605
691455
837460
633322
576639
534906
19223
265807
738041
91789
282299
334035
500813
681968
176621
932896
292374
824655
804636
139641
144312
121753
551381
93313
912681
559118
614497
973904
513745
984984
755081
546384
521805
882953
180441
699268
606015
328581
262374
951035
809767
182249
967835
247798
722717
232837
916545
80124
665475
221198
730530
475107
993960
895154
829270
205541
326557
206459
220634
810750
473346
249836
739632
964458
387878
322359
582639
69804
257222
129378
673229
215602
453827
925954
821950
622719
150065
107458
960961
369434
495622
130800
3263
604593
922292
931620
465115
798416
634567
565155
576473
445425
454928
879334
975495
483362
862603
207302
329831
189419
78817
498894
484137
682252
248973
301085
571860
217040
24510
291791
117209
546598
655897
258077
370483
714873
833442
839229
524501
586032
740902
102786
805339
144466
312848
586611
173452
433122
763264
925954
793238
953258
22450
172386
934599
234698
710776
163718
912970
238953
593832
309469
131952
7235
220596
670675
208211
394876
195819
77838
987029
121513
280642
444181
989783
105448
437040
795987
746647
296841
992866
516206
204283
646962
921127
764469
780448
413018
510265
645139
372521
676442
77525
96480
514524
732779
821930
6217
392195
148593
317776
894956
943271
879138
357356
7470
266528
564771
571800
710079
815294
189684
80197
215703
998695
892497
343917
569510
55121
425476
241989
935649
535042
853571
480844
640883
423633
54108
132777
559160
810998
452821
930722
770302
737516
859541
222187
224189
953470
173577
454371
189283
337481
945497
807132
993768
475073
557155
574920
545232
356308
353728
977790
879420
154382
551470
272869
781369
13070
244992
911152
340297
201808
725157
36435
13433
25668
679987
107509
296051
7806
542588
335286
973990
391375
148287
241925
865712
390952
366988
317927
3432
615781
441624
628775
188798
358950
123402
755791
983642
602038
718673
611735
515944
709027
479059
119232
290920
764527
195741
264734
325650
213411
104119
755151
61752
554985
861699
240481
103580
162982
437102
535636
900851
36714
301408
63953
287913
605442
411225
179429
47962
184370
426624
831268
330009
493826
285739
709681
519697
211007
632240
958489
203954
80939
463386
791447
400363
825873
633699
122212
518636
911903
962994
456943
18121
806654
79699
657860
941009
497083
12885
308080
637801
826137
37168
235203
851982
764315
692721
93654
310128
759085
274715
607269
655563
121146
982524
729520
101009
669245
184873
454297
715381
595527
842071
130563
830841
847851
938931
550628
727902
481238
941676
999278
623311
439179
853273
200845
863101
406742
16117
982593
380224
105298
728711
802019
54417
963929
17620
301190
718920
600260
1604
328350
442583
459432
742673
594
266114
636051
553946
351642
241009
978138
13988
685871
751661
901762
526616
534303
732399
729135
414440
435262
659105
668183
344965
249333
85943
977044
55404
978336
826263
411172
463661
424086
661142
252204
375617
751396
174080
145919
42947
386470
793563
356403
492449
727080
215890
237729
322988
33292
450253
968412
541864
366752
305671
40287
756015
507627
854520
14911
961556
494988
792986
709241
558945
683815
860404
486489
623449
224563
343639
921682
775207
670102
344997
472123
628279
635971
326383
456237
547397
219012
27092
364658
88258
747997
898824
545183
615199
964778
19635
250984
518271
855901
389268
117977
181098
743436
650230
135283
224787
202391
864388
693046
938777
193771
982751
725417
553098
733443
454406
389944
356330
443784
308776
827252
815990
878279
672831
358363
500198
234494
407192
832927
620809
755889
441148
581299
794712
35130
589799
522289
148561
700037
357713
12395
452963
465828
315343
462074
613464
503728
279509
682542
737781
638818
415244
391118
707774
190582
497694
961657
644563
998925
681450
828237
882729
476157
726791
887072
707970
986107
37768
396836
891357
696839
495326
129446
168952
720297
646247
933884
99138
630753
961451
324632
855897
89882
751457
965496
887614
34916
261574
512205
544515
874325
789908
787293
264241
208251
492924
901861
8390
128693
290398
45014
386687
7375
600951
127452
546159
629421
871723
641310
587542
707309
633808
608226
795366
901329
27394
724214
850606
755606
534668
245445
143217
39908
525670
705015
427168
239344
957627
787564
926431
148467
23917
458124
446115
2313
178512
126775
86249
43537
949947
635468
450717
9583
244204
774217
73862
54425
178906
113127
473275
246981
865596
980585
398901
798439
936742
554474
231830
223018
687435
781971
916591
691952
686520
298679
159214
890561
224383
260668
131955
51767
585691
131406
283558
146374
121531
921286
562599
18319
800631
15378
128919
775421
911672
815026
943348
682508
311938
697885
685722
907833
161597
798358
817703
373483
576265
662165
976177
254761
471647
782216
804097
569630
138691
953056
975122
629439
896939
69812
350040
859226
985040
167901
323070
980093
609359
164681
984341
181133
354332
110423
133985
79468
223277
18726
224393
311371
361167
827370
181039
978796
815104
349187
845305
762478
185566
568559
100868
263678
903552
645861
506679
876031
189100
721471
753236
689121
520370
777293
958964
763883
621865
796169
67417
371879
561991
312123
20077
805133
768829
770042
259173
445416
924043
847417
226103
465467
902966
769049
539331
750670
345278
811380
609194
274332
720226
6750
531919
24761
360569
514982
150305
238225
639869
609937
490389
517324
715926
46946
233645
600972
370941
829928
918548
935544
921638
356357
814989
696230
997425
424685
136626
264001
708134
475461
77799
167400
869933
425267
703907
991706
153905
507309
600388
325319
591516
693896
55922
386885
300082
868763
151824
924290
332798
678844
695235
661996
36222
896219
214922
197446
661858
550253
200793
3470
665156
461553
545541
981836
368247
817341
421019
256899
679056
236470
459302
123718
360806
977406
26878
583781
308446
66465
637189
540655
958210
352694
966688
671354
370175
793844
828668
152907
291964
917968
361834
463583
398045
572917
664870
297636
551337
999239
493504
217400
139950
5087
338222
877943
680724
983273
398112
334385
390728
530939
888212
197099
85248
263514
14889
766785
615062
53639
797184
989536
53970
666610
376397
685843
17995
596942
51676
501150
431896
276532
112840
616462
752872
493481
59926
125379
198260
511375
321563
129888
445956
358694
694076
318350
897103
999041
747918
980612
928028
793296
316663
421187
969172
820352
376098
770310
631003
605851
767383
536669
391859
647163
873057
145620
161469
933359
728485
166187
947321
462251
264845
801865
719249
117665
338577
586450
79678
629297
913176
346932
273288
27138
916757
23271
785848
503916
860656
691329
939723
443253
299903
811913
301851
59107
71214
569664
659278
910582
574735
725918
352319
54596
244711
851433
704108
226573
828795
997303
993753
572169
420787
118376
604992
32259
402813
943610
966571
908058
567800
580425
325120
17464
153453
465024
480194
852200
102196
593107
805898
704485
829934
544424
880455
626029
773340
637405
130163
108782
718275
71485
432679
618054
297706
176322
664128
434321
235058
415222
963634
854368
567482
235798
388503
701222
745781
722978
190685
817648
706137
411469
997831
334830
319304
806633
57629
285680
351297
63395
202191
977777
262766
149305
492877
639876
257569
103444
400382
310078
594808
645062
942198
128655
245753
670743
515111
277965
130609
426520
893047
501366
458083
828284
505604
776677
145765
40547
177381
971499
455175
141604
168139
629300
821144
919147
661097
338035
922057
814615
585702
769524
949444
498433
807342
27368
471788
964798
452149
681191
123613
839341
801998
77396
391319
942608
827159
206113
562085
707726
79387
28625
980378
323078
799982
237184
926382
917712
519842
464935
125595
456380
394834
69242
201906
676797
379648
658078
247114
428532
225841
77215
269583
61950
760999
92466
422711
45109
381047
444769
904364
492658
50089
834352
208383
697527
587834
131042
927292
325835
428987
612788
913606
915831
341778
544411
200227
173852
730358
986676
886894
748770
225938
26863
163218
427434
343436
340396
999203
962649
180058
432673
709795
704010
972294
539189
208795
157948
101964
397579
372477
15209
841096
965575
29089
534133
183220
670698
980301
952644
517068
286225
525871
527934
862030
608708
45995
743753
964890
340255
610106
375258
89519
99026
788802
590517
681997
56213
104645
694563
890836
346695
590423
748577
931718
683200
503752
548252
292846
807477
562039
151789
444558
337369
78391
121279
13809
630928
128100
309592
46020
294561
991545
579511
47147
481860
224112
749021
578800
916612
30729
40477
389330
376467
104092
281398
880475
131129
731039
619541
219577
692885
279781
50512
543833
957163
472942
191909
191896
742372
449997
302379
502697
39742
219136
320329
759712
37463
321510
885329
481301
331234
500462
280879
36395
833912
933678
724471
559192
253169
713919
355590
941664
991909
211803
528097
652698
267806
20158
590689
893954
171191
936097
90852
675919
904072
941337
512352
893002
914232
653287
611832
128586
496485
872616
778191
823702
223181
275226
66212
830427
417655
206181
347499
944972
520500
66253
560456
405018
855598
190039
987530
240023
878368
231569
982455
435852
904563
546878
819867
778732
346493
311857
456679
758055
17463
908078
271778
38908
6815
385118
245436
204694
857491
741782
939414
47469
320965
618538
484081
468001
599611
208127
141074
393163
371214
233147
643926
327402
615121
294524
396225
806354
671364
937692
772631
198660
219105
255325
127228
878316
668665
922837
770686
562561
942158
691833
60601
652384
189642
205846
667701
874555
2444
67095
540124
490815
322968
438220
232129
431859
462082
601977
473726
102510
711849
479409
986091
754091
263720
657800
109578
493350
121262
188880
314894
678424
140230
493877
32760
147236
41731
955084
688114
159143
601769
425265
165883
600400
15683
295905
122136
405381
441323
126083
614359
48776
513406
842993
717118
76785
20786
47853
312269
340287
327687
936667
503010
596898
507557
669489
511522
678347
820511
63234
870764
193199
996766
485370
694521
95813
721348
452896
602484
519799
150475
145577
602574
365146
211363
849281
68822
300435
146620
891559
926208
642166
629792
985403
270661
199
997287
239510
833785
255321
494565
684441
988749
778346
371396
538529
56832
475957
39651
11423
143513
785236
141400
454092
129726
627256
496380
548198
502321
920996
114836
816281
526052
586174
602519
795750
583299
710709
372805
746303
82051
742111
808991
162143
210206
709186
390013
46118
132543
214627
316319
282830
594023
855449
859986
119511
899287
352036
803369
28733
107837
599901
556679
671766
379533
274124
636210
413640
696485
737563
440214
580439
479818
954166
569822
700693
720255
504530
910060
645847
233436
200847
163322
93827
795237
795109
709585
119206
26373
888489
293948
614529
931637
618
796259
218385
968163
961740
708455
60341
184140
118309
419387
12369
456421
176867
377881
433415
127756
432542
566314
225933
430096
975212
905521
83854
692306
772845
222158
917131
532314
800867
257965
631976
612921
922086
218598
435773
667513
287042
136449
787489
192592
368102
484501
154432
613975
963650
998232
558168
239379
173210
550595
869075
342327
707183
545189
161123
676825
197602
139320
104332
95883
646932
193620
430519
300086
586065
441128
433535
336168
527035
821829
493739
983476
788925
399554
966499
181354
11422
301610
304354
552701
156300
450077
61202
305532
473757
609102
903465
694319
982617
802497
85030
48698
419532
14195
830598
228536
995278
950609
598580
852665
846644
781389
552141
648989
859641
280768
233208
118532
159414
121500
435525
667183
758254
88078
128286
717557
495303
166626
632034
749851
886307
665258
248703
569066
879967
575079
913074
442480
66040
868975
661754
113801
871185
256611
873773
284067
384842
856566
463660
177428
900627
571922
46954
619925
46009
72622
284894
554837
976235
324663
721843
876498
641295
663887
220775
777775
36787
500967
263661
369673
638580
352713
717677
312300
735514
81157
506195
725788
576523
811328
883511
83379
432727
182137
846226
695102
110201
7289
829740
379802
134410
382101
764290
2039
551698
373793
211506
165116
451499
826126
139474
635170
571465
132004
289586
55972
90559
569723
757171
464478
146625
457405
755455
404390
776024
198278
522019
407621
767978
173480
664364
772271
367408
37566
850226
729927
317108
217716
807717
518485
736113
750262
931828
147291
991608
552528
483729
24649
599561
342812
389075
629751
936958
209089
161695
898640
522404
643276
848623
620786
495225
218143
933664
469331
170755
890478
708551
322148
233875
797028
127081
735331
798595
782595
624222
943681
826239
219358
867018
493779
727086
335072
848009
465237
682862
660525
399941
974411
792235
336710
691202
491251
145665
702669
804621
257890
249662
732036
766846
781818
801745
818170
288296
570020
493526
576541
370147
597116
41045
701270
679802
458873
216203
378483
930475
595796
965775
778153
285059
513605
330267
806195
268676
889324
356296
612188
130300
434301
440863
873802
709316
791528
171818
860684
457442
82956
548048
690694
291188
451270
99146
742509
79639
357972
45637
189776
103543
447489
51997
808126
315592
743450
785252
870164
741161
101693
800921
64667
50312
706723
153102
43362
852748
656551
659665
742507
731708
593335
453968
61550
648417
334889
731555
543937
527951
526067
677103
127994
397353
805233
824353
150876
849522
745020
556210
275570
13632
272371
131182
71685
189560
287373
865162
680484
685427
143506
942098
105459
677171
883979
693674
101777
382888
942418
382420
914437
148327
809398
950434
933272
936787
596040
747689
120283
535538
249948
738556
256473
191910
398752
319446
176352
215481
771065
880663
596590
816836
873701
773149
64132
990709
830630
785558
445055
9856
832203
456784
711436
790350
898983
131745
788458
615067
65519
246696
507399
311366
422370
677916
90111
798664
771858
830403
847809
796141
981541
683196
511957
535653
471128
464582
581385
634417
514255
96364
179601
747132
387786
488775
585054
181222
710732
718386
637854
456291
913420
891982
983664
869366
204640
208421
952219
535203
21604
736792
155190
20859
37218
973418
234698
678508
961717
524913
5933
320755
864043
163563
246561
932697
11044
715188
598505
705075
265605
536499
775866
293576
397599
683024
528837
176218
757930
123698
793097
887068
250196
579751
367529
984783
654255
469625
669436
107531
941739
626316
489844
168234
205800
616657
566186
546298
607826
406481
321590
947111
648484
959424
466925
821701
842556
314921
736779
728591
470328
396555
9330
257821
512147
495114
775912
950649
369948
421364
823804
388538
801071
265987
651814
957707
305910
849526
93643
205191
950771
715887
683373
31858
745753
469116
528817
209866
836918
469809
392945
263697
84463
845321
295750
782789
292814
366783
349355
976217
460372
344538
641978
438718
673499
532200
467881
994768
718028
517039
323593
171043
842879
120212
191231
543833
92866
784290
54177
978851
261801
536814
289126
206503
538649
969991
441973
56875
944913
652886
185241
750106
210529
319651
639027
891933
222224
14622
405684
249421
763604
405395
338731
368544
737157
267268
847475
887596
681136
118796
552174
649039
680075
496900
765526
634659
526492
349117
109722
625398
697034
494931
671786
216091
364956
273204
90083
192181
397416
74650
237636
662227
423789
150248
687788
801496
814554
633415
260875
722761
616782
59650
272881
839219
317652
829085
655504
622342
132863
584358
361133
346186
532437
56866
805772
809197
214536
413980
895657
353030
665594
996548
710612
399588
312258
735331
191455
672671
611249
688746
587148
707022
353171
476021
16212
753627
18844
557552
49296
252029
165665
341348
89511
167635
689480
342124
292372
531154
32882
899685
522964
310752
591760
939887
484586
294943
868711
602449
516153
344920
771813
405547
87292
678223
337251
368694
738538
892277
74125
416223
495935
393602
424880
926434
912398
394598
19169
84872
554238
205223
109246
711927
239177
546736
173549
351124
853211
472791
361862
282186
735982
10926
127814
858456
712784
797863
138556
958217
464352
52991
63676
611888
290386
153586
946383
362309
741199
27474
462934
476296
528082
571001
253579
218760
148823
529858
625336
993297
970398
141442
47470
309801
372019
541729
978156
580640
964446
67002
166062
996510
903709
333413
968739
153544
570562
450632
561996
970038
322457
511123
797311
811268
704941
303528
728140
202246
301788
69711
515990
737763
934074
492612
13747
515173
147521
911122
128308
611583
248794
569533
762709
606388
913113
903002
852266
593092
87212
142297
725724
585652
150479
836258
841020
578587
461369
22745
503085
428824
260230
467592
409162
292903
760561
590594
466193
242689
868707
158955
406100
800813
322359
890647
642754
191935
55266
769123
509558
202352
561907
28520
951898
27759
586197
145191
913075
379346
733104
522952
455461
302457
172376
494103
381015
957912
408837
101357
874239
24422
338092
819424
958465
209792
389370
114011
472531
408083
354307
632117
189993
666962
61250
695864
119864
420922
429936
739778
86581
193072
847667
102279
563425
355499
754421
425049
854048
600874
190249
804392
824950
333358
581932
808908
581487
461673
244219
398764
430434
825214
481078
957535
774497
419122
678281
923203
872485
168105
291146
682345
88989
57788
408031
355878
528745
393814
839579
900887
740050
646476
801000
498605
78536
24707
16022
489831
374404
459340
138601
213736
335975
45082
875215
324868
802431
398237
845602
129851
624676
775372
918425
906910
223723
367885
32929
174270
562576
246137
769087
76371
446092
252160
216745
23439
639942
366163
556051
740400
938268
455126
762318
696971
602958
244692
833210
753752
679022
258683
615906
554039
216218
262998
462602
608082
457065
528618
689657
863514
958474
729976
850923
697075
835281
515979
383183
740457
97771
296963
215248
27978
954048
429606
578659
922532
343600
549663
689504
515424
204991
849260
241561
967398
984372
765493
394
340167
282508
447094
800753
164406
395864
446906
913664
660916
325671
941391
313963
274004
943628
934092
904622
605377
63327
424377
106540
319189
561834
868098
820162
617889
969181
682328
784915
796461
192604
388003
888540
688313
880913
294724
733664
871860
946171
288458
262150
248880
937811
471161
334752
43204
680599
720700
743664
995883
289391
323749
229900
765047
627931
452923
563202
701702
245282
349864
985784
749780
482473
65415
32466
492077
819205
850120
798692
664209
418385
659585
582275
259092
46608
109909
5442
928254
245722
500702
652954
188389
871027
501154
160438
150109
548915
548703
555155
740799
857446
782574
105105
199813
256166
870412
752048
91470
288350
935629
846385
920956
216413
547242
181245
670762
924652
469721
337478
62523
205811
711339
656987
916904
922811
573878
862147
889377
936330
510712
236313
66288
316463
144047
731474
74699
502053
460680
684796
936188
35187
980584
685396
669208
280560
179611
538024
555678
195196
366125
667189
508559
707806
845312
448604
658749
410515
962073
93328
506835
478098
689985
856025
21275
895045
198552
71616
883670
604991
615908
829599
871645
446903
629061
80485
977817
240651
589373
310559
751900
730357
272278
34718
42227
490452
810464
720281
380419
775814
598810
188938
884423
837768
480233
870170
712473
40181
180095
41140
933222
63421
713321
362386
609824
661656
688315
271399
998879
721679
671164
923123
578442
90603
436283
665220
656860
841598
906604
659679
194234
671410
128558
784967
23250
116371
375550
813520
457986
706816
547830
123793
764085
539727
362136
377967
773598
119001
438199
99202
58788
444102
57293
766193
466642
150930
151012
485913
426383
689344
725323
529361
316500
803136
859951
313280
297853
729635
544311
632871
443928
223775
408037
701645
831883
749816
458790
47338
81561
663232
5145
283628
373660
166534
619690
452082
744217
882953
800097
935371
443769
421888
67879
288922
403662
268171
888243
127499
751421
748938
204148
998875
942652
588257
540064
861147
137587
299172
520672
311369
604125
78207
647054
345662
716857
236074
650373
488495
574340
39933
505947
247768
559398
312741
790148
55992
770488
638410
319322
471771
966363
620385
22894
733271
212235
249687
759929
870801
396637
760983
867223
670324
250807
998416
514366
976779
853922
523943
298676
833931
147289
524848
116797
982443
431481
981349
511023
581057
93075
279025
709391
796828
75009
274679
177509
98613
711885
871774
471119
935476
562115
787213
428909
855491
662279
693658
566169
10022
151604
574783
262733
208465
330766
829534
610989
617230
96602
790368
326526
714656
235922
716680
188976
379314
345331
563847
963312
534519
372364
56652
469517
514015
796823
498489
869957
544442
763931
505583
656883
833796
166769
1002
274131
326200
234667
600394
634128
452390
797
724881
816435
339801
445290
854125
894380
691660
644934
6013
818320
567396
287075
490698
614884
229937
199402
302816
705019
941228
923966
866929
777345
502504
100975
96223
306716
917731
819588
952251
693500
489551
653716
941090
144
634507
867245
21583
809618
731991
721377
786135
52246
145581
387073
677417
937956
187511
61331
617871
259710
379949
465617
940276
133210
452264
116886
261650
232101
974801
130716
637627
260309
949120
35279
216687
293193
32513
252164
145400
569654
748083
189398
69246
327894
683550
485621
263891
514338
658754
425073
689636
710346
416786
590989
248268
673602
535649
824867
935891
174646
6853
855533
315571
79533
833118
227451
514470
561322
532124
518610
260470
990406
909275
892446
664183
131467
270830
607133
616846
374381
416224
64374
945966
660780
627104
890505
89744
208245
222402
63057
146608
271207
13132
722804
708121
16992
591054
936694
304113
782755
200612
318247
192833
724863
488258
317831
443822
542820
901887
423846
108184
873333
592062
866652
830240
666174
921814
813166
350298
483139
327276
480964
810424
556375
66081
280919
405093
925255
273625
294681
39374
849993
327008
482825
321190
513681
812010
245737
2330
845090
944232
126090
511449
726839
801765
9584
561934
454603
297735
778380
563956
94876
396767
611372
90818
193317
211999
618461
702461
734096
315233
749077
340522
881468
206803
218553
275798
104087
519338
811504
613717
635289
9438
869543
204410
593634
565015
938976
266570
731471
445866
728350
799980
27381
3182
866899
552878
204315
212656
179801
303353
302958
940222
362393
132147
856414
259176
323249
919750
561430
126441
695571
421696
387676
988865
638368
99783
394276
291442
768022
462201
506135
315185
62393
490146
464407
511687
364731
262194
849610
558175
550499
872739
613981
637363
580231
604546
900655
542595
846263
821911
538730
483218
438764
322575
67643
618267
358441
376466
76966
242655
362439
280448
143880
182235
759461
995964
994800
890340
504336
369535
317926
654726
721341
692235
956296
731062
797543
192633
797683
653287
393936
710207
45187
283558
916407
223844
128672
473760
766656
50707
760645
83705
313470
663715
213483
512556
133244
236189
305813
623951
538573
379186
98642
547204
580887
74813
508752
836800
980777
315166
551101
429045
567224
970145
697417
957990
325347
937545
826978
49425
495665
759508
71810
935454
405483
561873
900399
456497
877757
952325
395611
432792
760159
341157
516547
212695
121681
96837
530234
454790
848641
961274
361116
593467
939361
806682
53371
838169
221952
52868
196674
485676
471206
614638
469770
830980
69392
240556
633691
243308
777647
709467
719269
986597
396523
413545
289384
665792
266754
539515
311161
947957
608295
251301
973974
35568
795285
147512
447913
386517
171708
42393
188166
440472
154461
25726
774854
613926
715424
508916
811157
433633
963617
172733
795355
168312
697102
533014
374761
675717
945605
306888
668484
921954
525592
336828
622567
923412
725259
860119
771992
221531
760191
12068
536950
287277
49109
125400
691013
399746
91010
61678
933042
179003
603160
840337
286443
92578
487552
767725
159949
913155
703911
227799
821749
296853
653582
299234
341499
349255
994348
642155
304657
486463
10267
576493
807393
726974
936988
452140
702312
537586
850283
289926
57318
556195
394166
168004
103105
305880
905231
696719
928555
708697
339549
22928
286657
969079
445379
70713
467655
94619
847214
788883
112254
569542
679025
172753
264950
698338
480673
337500
755240
245967
353477
477924
472200
998270
940883
278370
658977
955676
163552
936632
422603
181526
395119
619688
143684
145305
618912
18586
224073
796976
547037
814285
595527
51879
763426
576852
571988
334843
645348
803341
858564
409024
614266
400463
351672
976309
789820
605620
584988
381430
909586
87466
873945
210313
73533
705703
22966
690044
466395
579275
348166
184422
825377
386958
140093
456389
285899
973326
732630
223577
644094
802175
493649
848067
839151
470955
784487
292592
828309
638433
489590
69382
995018
458922
186249
82270
427625
843876
803348
598924
989513
25922
700066
498211
990956
657752
588243
326970
915325
360617
826512
905047
379105
18649
291983
777419
368124
188816
276206
437109
570160
154778
641196
311423
797675
111955
21492
339431
332758
773229
660420
607740
321216
476838
423633
515626
209514
341241
938676
74009
506834
688037
521620
222080
161305
71923
794706
341237
534356
346318
905978
282651
475551
251064
223838
957278
776672
630880
393693
982043
442453
669199
107159
495746
627916
577480
600847
166572
187743
995654
76810
82248
232704
729393
49915
16050
997211
58186
56301
985190
452511
132563
696535
144834
964616
316623
727552
337045
659063
987466
258335
148076
12468
763952
723997
905655
675515
827829
96097
891112
602157
916759
381976
307659
783333
389794
160001
111492
293105
202981
986027
694604
617407
339722
787456
195666
366784
503316
749317
875343
427258
328609
203938
103061
661951
960672
382268
763281
271895
856169
420201
339922
311080
118156
148519
440634
585701
291418
717064
126548
368140
10354
526630
571944
657646
363104
39307
880020
785571
491354
237164
115479
388471
190772
253948
1903
397429
938763
603810
464496
846
76578
268383
348235
924234
787431
922789
691898
685519
995391
116305
437865
619824
582966
442238
150089
481058
217242
399040
804739
977245
341637
460804
591118
390109
202389
988874
177509
252653
256690
74093
415661
310967
232326
535102
265766
808030
412298
975066
954638
946767
745136
253532
186135
846894
95869
968393
771865
778361
121428
737483
680590
597656
527157
698769
148354
308694
395867
985929
285587
82677
750830
574245
211231
711424
673130
92481
79794
539810
47323
926759
320616
180982
63769
188164
584448
643910
984787
25897
53831
778251
980485
238505
870734
134960
211441
706506
578238
947560
361103
368281
979575
800
244673
769632
753599
882197
461126
509594
847591
465425
379839
27699
550067
594400
559340
706875
666965
987636
417173
594448
586990
28500
777368
149890
216928
736884
342680
378845
134852
556550
880271
720055
373286
202643
332029
556386
269378
589692
797419
184822
529298
295090
590339
710368
172565
415529
331507
305719
360979
342887
564342
356279
28108
302161
294957
178024
150057
566963
356806
380056
16628
486615
826795
52906
45082
337310
497998
674857
159807
441608
50122
477906
510051
722706
122163
11073
319777
843634
470110
652101
65043
681472
927476
655408
997453
829291
970277
723834
682117
800094
430132
233079
255483
767826
903951
867740
707852
912795
520724
865488
229372
517825
642870
797413
888922
111829
508640
177287
698592
985214
610624
317093
806468
757350
56692
691555
644397
945370
351757
758983
360604
403494
945084
49944
607576
362178
534144
106938
925867
518792
597138
902077
550641
350331
730661
12375
82258
223698
835755
309287
258351
821957
807679
256224
218790
304651
287535
259479
234088
830803
683580
192348
684070
36159
848616
151433
665366
661693
521664
265230
361599
766007
441042
825127
736161
919363
248955
281892
609511
622334
164539
254355
879066
945390
190499
434687
295767
964659
576053
650180
725641
432419
746572
57335
30147
531726
525145
630829
241488
468858
764197
212621
385447
602371
854907
309897
904192
719843
609522
270943
797968
233467
20468
66574
20045
119340
181142
574009
647953
425782
300029
811292
550076
894011
526950
84818
257749
694396
250770
269774
947966
208618
739900
241777
312252
715787
818345
701010
794965
785739
508641
798815
173430
621565
594867
486704
78583
439592
754759
361171
405515
158750
893338
804555
951175
919656
508761
504508
916110
471197
713802
184959
315495
268221
603270
981451
967412
772079
609161
882174
649702
968224
285084
613740
874940
529283
102738
816015
284835
718165
353295
428250
938193
757185
868109
280226
971263
448589
577453
229758
646481
300867
531999
776904
265788
800258
928532
480907
490093
474472
72128
205007
281076
825825
357972
334456
73746
797924
891410
720190
225792
819712
880467
532381
390685
984308
101046
487010
315015
98048
317835
267825
620025
927911
44703
54183
225484
732178
72658
665271
216771
529626
753802
776227
398331
139080
502814
648699
568083
368037
564211
68673
453465
419982
281347
207268
82104
709138
806728
401359
791835
315125
923260
332908
949406
992179
723959
670199
653990
868034
944623
340905
341750
480192
526944
982285
253217
725922
965130
444656
557506
412416
935336
334759
779804
313253
174781
6852
678346
603727
589871
144688
700571
566878
458670
494963
162760
162128
535327
466244
169620
7280
588719
99355
408762
696690
348864
586316
627665
82658
606045
735359
320886
908660
509572
478407
702904
26112
595540
840082
300775
888364
597559
707198
223718
897091
926331
759036
235716
887768
204104
737629
710128
986342
378177
532614
89087
271405
654774
266818
203521
435206
820265
236132
840507
554773
357792
957395
681427
953626
779824
168141
711964
653425
890635
958122
694345
806793
174082
590276
453233
28366
720402
947703
784862
727826
850333
365323
487368
430966
188316
87569
43353
601049
267368
67347
333890
424035
489872
496642
30372
233832
601589
746677
571469
885398
791397
48440
119895
213125
640516
144893
919212
972456
318918
929087
740439
669348
565404
838119
913128
722006
700397
22310
107429
972102
268315
214301
915055
163446
223480
625382
514102
912142
345823
351143
456727
747058
318848
726343
760009
142319
535191
284817
163859
674785
317246
165574
209212
695368
208020
232846
976908
594505
884737
146199
960593
860375
130346
842196
429293
636852
897179
971279
609536
108645
165106
84861
117753
927716
912611
722530
48499
686816
292569
357305
822307
611471
975378
427890
140932
537669
184239
466093
751508
181668
999217
414601
142233
153349
615855
840401
575566
567148
821483
106691
546118
53519
629553
810620
39715
34295
597815
563214
609007
394945
597970
398569
933950
909531
256528
735723
103536
353390
848993
489481
777935
132234
545557
89553
760296
431221
869898
996416
533062
441452
866906
361387
156115
593709
276352
230699
962085
705500
135853
439175
422354
546019
548380
193429
139806
886205
763924
697794
333857
489628
284975
571980
875351
612121
502752
741325
330073
90139
770425
676428
765663
733022
445504
239164
39070
319095
831425
593673
85533
148788
265461
50210
653099
905437
274702
383556
968704
959776
173049
472472
839259
662879
570971
27522
12933
309418
567546
897057
488129
944873
826333
95221
859830
673005
939166
188185
320424
456561
55596
889432
622410
711051
794741
683015
378141
414256
858659
384981
500494
847512
230889
193775
710577
840131
571144
740198
591557
683731
801624
466845
246459
754736
221304
718208
777326
940480
663082
802914
945300
583234
550320
709385
870219
428466
571633
604981
874488
309130
550621
471494
278872
69789
120934
497250
579543
380166
61432
23190
7080
50783
829707
306761
935297
904876
477065
791695
323843
121247
730285
16198
953436
392544
915428
487049
222855
103322
396456
202177
837867
963706
392460
542851
335534
878365
422092
254024
304206
173258
109907
628278
606749
181562
685182
444019
449235
246796
184
330498
752121
703747
790223
27771
971818
259667
900744
689857
604561
927925
676216
337371
949496
184397
112802
659256
160328
967820
748534
836141
180871
675142
41273
350131
330087
642945
169895
205628
327072
626284
117958
456349
769942
67675
728802
569175
124875
299635
414613
224984
303657
135674
572083
220497
87051
416034
267124
279764
476841
944968
300431
411348
971026
637849
775529
798739
451225
974220
842465
840843
121452
577211
172878
267302
312114
1287
467996
629087
121413
62303
507177
41984
201805
352782
593844
747214
373803
299419
425565
885404
850836
29773
188118
138544
854455
458902
546745
144783
121567
545769
532759
24770
916598
920191
363707
247611
49546
29373
635810
403026
580519
555860
881492
565346
984208
857046
272230
950344
716716
901777
111152
55084
96646
959178
971546
569860
148663
750110
868679
525745
975056
336175
493394
124265
77904
405807
96234
552986
590310
356649
339765
191680
117427
901733
119825
686876
677844
841767
223909
435884
324786
419949
658360
285324
739153
323308
656774
51145
818819
724885
74402
33178
143832
913512
82204
920882
878082
863476
563271
913965
325552
881849
992428
503684
367265
127936
895660
16599
516005
952685
805570
58682
874817
125167
297033
931034
682263
912589
402260
360856
314156
124908
428296
935825
459300
530241
563268
25138
213877
508874
153128
499006
539516
781226
836894
225925
433711
446133
824320
935911
872462
68098
821080
303000
707878
80306
305429
553094
381904
958441
10574
571517
674345
664349
871829
65273
931812
219166
938312
514219
454171
197649
259394
531947
374439
838815
491061
725074
825818
266192
545705
964969
433635
328511
294964
650768
183127
830422
971218
197105
400137
611633
342829
191207
517619
241997
558163
983637
629430
595292
898169
241719
56964
854463
516028
396201
569671
809646
749067
897136
465765
519326
658959
892999
76208
81638
129233
976797
464381
311831
514476
420861
889230
437538
220284
981021
813698
97919
362248
37970
377260
451380
253889
132175
22449
473814
846338
985433
149926
866080
544408
801732
459513
69210
616786
42297
356105
361447
167220
474727
32530
55690
403099
45521
96199
752293
279484
268703
396995
515117
21835
991043
897530
999499
547224
846859
288838
806992
583603
592164
908659
627856
827600
461057
744482
799498
531523
725492
179018
576211
282550
439127
554045
835994
132132
722428
956869
45444
267929
579898
559523
909863
349486
866746
731134
44122
783041
444286
220686
880417
939931
837566
542649
10225
236131
324931
24329
941570
860157
629227
729237
382226
60178
960672
786105
714310
306227
775082
272540
794641
927883
434350
815921
632644
303630
429748
191400
416976
228988
490404
412246
24176
913230
803846
478475
800929
113945
26257
873154
415883
164802
603838
814011
338346
109924
903166
938435
636127
534002
285221
816536
840089
367949
133937
203878
391693
249509
128537
759083
576045
208540
826500
684535
515700
226880
592808
746360
172825
434955
854039
81231
790631
947245
253280
737259
345806
512717
145040
821086
252537
918525
826120
635688
653701
979619
707534
187294
454089
321158
4165
929865
931511
798217
489738
886404
349797
570992
726903
207644
57810
66873
154340
615841
434604
453872
662042
68193
790415
820774
314351
669995
654924
223073
651163
585938
142805
491073
486655
805960
617512
794138
293938
769140
944423
492989
815750
861351
640544
147062
475317
406513
86893
723170
863256
722593
7865
154679
2551
374621
66267
597601
910564
942970
889982
580637
671254
639799
497778
198379
772626
582686
643427
706358
843296
637293
961774
784982
881688
573697
95030
29020
815547
613878
878971
589905
114038
722835
579457
610147
890699
217103
868995
853335
33008
746306
379204
504830
774617
59754
163821
704480
151359
919181
319109
116036
963995
140378
783893
381993
758274
523167
367085
607419
96635
252211
419345
957220
951483
54975
759090
706393
579240
41934
318027
463137
45589
138879
39920
275679
723306
318795
744701
339141
254994
523499
486174
355327
129596
560190
987359
588263
266535
709421
757514
89897
328482
392373
263603
88799
31586
734738
682647
701473
309474
356435
279962
842439
892524
908657
183834
172125
428781
577526
638923
206253
837172
558024
664792
96284
454361
568224
56557
727412
518587
804373
545806
116475
510889
237196
691666
644830
216874
581936
191014
314315
591967
691752
405432
946521
261488
605314
607130
613522
960789
796543
713324
882526
554675
768315
914458
700215
828325
75462
113686
895627
256099
874814
512387
745611
804563
25284
153430
824359
441057
225176
748022
145457
158262
528635
691522
107382
941297
170028
383204
332769
833596
342156
402795
495581
990413
628514
751585
973881
938435
810457
792368
943933
531305
615332
718862
487335
928629
121084
346027
765472
977981
799373
880900
679658
963519
922261
943306
597294
563914
203422
158030
834266
873166
745774
529338
40995
981226
327958
192039
786263
934464
417827
458305
870208
281149
674487
508763
592383
327205
290465
264505
744929
417453
205313
422655
520546
131067
146947
864167
805734
51536
439151
682750
302085
535649
78871
147841
542598
969882
903522
165528
546379
99627
847184
522495
199782
158020
592800
729460
434074
282207
777297
62676
914604
887371
33425
398320
764072
472310
624755
591414
91558
911506
901653
483861
34550
567993
967021
458599
466391
996766
414148
810425
579317
878380
726832
237396
343960
964998
38180
638237
353470
433413
532502
747104
123929
79530
629460
268683
727087
290120
867373
310341
488821
81583
931953
411349
899251
705254
879407
373410
875492
107829
6864
139582
895194
625992
994839
471533
229336
195641
955116
236043
914285
416123
559617
800585
714607
236218
365024
399168
683083
800622
197458
3728
838749
883825
859197
983078
636627
959050
611879
592015
345837
706197
331798
185608
499095
37119
280676
936944
779761
215376
336467
591000
145878
44724
560976
261630
564008
716830
517482
589472
408089
248899
956900
557932
811200
423624
672860
537053
955877
223112
651583
25958
44753
476193
969441
360404
61295
839103
947414
500861
621161
560271
461357
4367
990944
482228
805767
465811
156507
948900
246789
789465
999660
745106
857251
780277
810274
229674
853831
173166
727220
174694
660951
535738
733832
726831
203920
506742
404369
567623
723253
228488
588649
378243
107489
818955
999671
885232
259030
642036
496795
540670
453245
431538
66141
432124
928460
11017
750181
915313
976370
927176
251609
223693
336549
254468
255467
590164
607024
940247
351459
816012
387641
190532
310255
723778
335440
117374
358260
935342
25392
494071
327763
960470
632027
597
247302
495921
182564
877400
655757
340361
374892
618085
124473
713823
757200
988787
784463
927723
877469
77215
20359
979891
750276
291299
816590
452503
879728
197510
139342
116491
738500
637372
577928
488478
652585
182820
101221
381319
283567
313209
620174
875608
150652
155668
3918
244305
959542
704483
280476
894769
453927
738185
265201
279174
940598
851263
733955
867640
358168
868177
712712
476002
534264
325319
234675
938306
292436
389245
811992
439324
398960
583710
468375
494940
767066
947810
18404
225138
8155
191939
16556
498631
61915
900448
981246
550519
948305
844367
285166
925757
240416
941945
325911
340474
517270
128552
280675
8050
893827
607033
514530
43416
140827
141108
19195
451901
953901
360214
574250
500077
940220
15317
493256
221391
399770
174182
996144
815505
33311
429591
745163
667400
176850
839273
47885
346086
20142
382355
529592
617176
704936
434828
257015
419019
303436
471115
944110
276357
540237
532888
847167
558803
490013
94617
486575
325060
469796
875238
900323
452801
345497
290814
643981
618404
344079
889070
519946
25242
189082
917823
135685
171833
678930
582810
654876
102143
486840
490933
70463
157198
694247
351547
133945
843572
307506
647658
611346
412535
856677
648542
919244
395859
138814
106343
167455
904799
574789
672291
929075
398398
229036
996868
774314
136710
502348
994617
612210
401140
498557
740194
770618
83874
129125
964665
282374
819055
224994
705293
562881
598359
245638
525299
250395
36884
867058
566724
448372
327897
460257
622487
716533
666345
597927
498474
36222
380513
438554
89628
614575
26857
469019
960813
818683
726309
11251
935676
295
275002
267703
413116
987500
725591
440532
654470
734537
97102
849178
950824
942799
13661
695609
358767
818744
133638
522412
102351
502407
752515
212576
511042
302738
51948
568774
712606
782759
153638
96850
754633
948993
409158
36179
85288
20930
75532
406695
558100
869436
122425
439021
575119
674276
607434
643937
79401
547167
834719
106300
655394
215495
838719
941189
621682
256197
82459
145777
576231
665817
804820
787073
921088
800896
307841
912578
713938
921215
444539
659408
428386
384870
913294
634620
987368
661293
522960
484305
229822
327887
690821
981284
728584
550483
406164
404345
129618
267066
662123
458241
246031
150776
697152
318461
787658
265077
290498
213543
422169
796122
735703
740472
902075
896887
871811
738624
819176
391389
707590
503789
923290
901194
359310
109354
139712
799709
28375
509927
174041
375156
500025
13781
277322
948717
375736
162102
619070
713123
443142
122265
585906
992179
576112
256690
245043
419926
711385
134993
321576
933784
946568
266492
281533
717435
861981
981278
6460
764476
47526
767947
19598
997070
555744
583573
564715
761968
719120
831670
800824
647053
865233
447461
911888
509495
87238
931383
165710
276944
726783
598616
60425
545887
708690
95505
295904
541201
329607
412938
509902
648326
242117
687588
19310
32861
717551
289076
791329
388123
310736
380892
542900
970405
669396
395291
714886
283441
99399
836933
150794
388081
168754
501717
228259
288731
862766
818111
967825
882225
32512
882120
597939
489365
306504
675696
102576
413213
565156
887968
553740
821454
992228
963475
36442
970270
963194
143285
833178
137425
708304
850036
516535
459590
652503
769636
931776
875362
64475
986982
187815
100707
691273
672859
22743
405045
841250
608549
917315
93546
319630
520781
261673
676128
82207
651207
806098
932309
304843
923152
183079
131698
999106
466654
225556
680832
210296
284112
107403
535009
754030
971421
697009
801631
530541
556269
536302
234443
831771
809613
363409
252389
740225
927117
580045
415072
357772
960195
988365
118779
721831
168307
460457
419304
804788
485936
707029
488757
548087
838557
998594
576155
590198
694376
777234
205119
752389
823356
707848
131242
214374
39489
62776
376305
698968
943186
378834
839033
314743
435538
655631
385589
555825
96955
197232
428293
929334
573399
281169
634505
812263
293935
377183
424428
841401
935122
985414
624039
794196
469692
133602
461056
613801
207547
185257
762245
792787
331745
264894
761419
185972
318549
838898
717853
580346
64015
201402
699167
774362
802577
261228
993276
265998
355324
507515
455435
25853
379811
543577
460334
789956
900760
150300
57191
453547
495842
893901
982302
314696
315004
347376
862027
459760
821072
412836
243395
524199
36019
425185
81591
80781
672294
962463
684286
548348
706949
34106
323632
701716
504124
367794
157856
374208
424110
375937
419536
251682
866127
201272
150598
567904
864921
463007
19438
503531
869769
164843
245454
178973
37525
155158
882481
376150
199574
221675
3401
656639
324544
157612
631879
497885
403340
208729
376529
494796
171115
820785
842082
164704
202752
159753
164687
5139
956014
701103
244611
717390
100506
515309
281648
92131
955572
359270
935943
736597
239891
687038
926867
689070
236742
582177
545638
466873
155913
154488
780795
715070
659811
727147
284416
846861
749392
502346
97297
99079
858506
75495
762611
56957
908849
350699
336290
205739
447106
599051
910029
70775
160487
385231
463141
725186
245386
813454
229209
337411
121293
640849
168034
561320
228058
215107
408867
265885
501405
379831
586310
673670
679933
234226
540602
63347
644177
761159
485121
264109
452116
591043
884154
56512
740967
165571
550303
420928
378075
968956
210035
892351
591023
362128
208147
238409
215812
192802
526525
903727
8395
703730
525474
83835
171087
819644
542079
891423
549181
949780
285901
33859
762825
851961
87582
805737
940760
830226
114558
164221
5374
771063
