1000
312068
253630
243431
899739
603990
704608
781243
834332
575676
637544
997016
938896
948050
517737
328043
442022
430646
209399
250079
465659
657518
837853
197552
424376
9664
881254
924747
990753
369819
177286
398478
74549
909096
324182
358533
384255
946798
681419
859681
734239
7501
715012
826858
280691
11306
312637
321903
911893
573220
654461
887964
589069
670012
70931
754920
691883
466882
361928
9428
173119
324558
35925
611421
739897
903941
457
469755
437966
994854
411318
650097
277753
166614
488902
376651
458999
257929
464831
401719
980025
796094
661616
641392
260197
818534
690376
747469
33434
446585
645088
390395
783158
523122
503411
981008
147591
873979
873197
843454
543052
332120
875650
95909
754867
698834
292729
957655
657635
836539
902411
91229
433652
692134
839001
815521
834422
20633
712698
411213
848796
707116
62854
61373
299101
182417
822151
925195
811853
957641
691550
365939
404862
300099
771997
111026
850911
621216
806557
396263
809612
460375
475223
985461
177587
144715
842771
699303
888836
245437
469098
481958
709207
711212
309746
682044
150222
816513
719206
330725
83414
926716
60074
775325
695151
323072
991124
228826
921594
181078
129319
331481
799847
640221
573152
748037
504454
29786
315233
67920
386414
866761
4083
433233
456134
831583
828464
757393
784812
28214
280423
490768
24488
948234
873533
344150
911007
363826
319717
856308
571027
124501
73965
270894
387190
386937
272667
683905
352275
552597
982081
256851
116427
394205
908501
471066
675986
578002
305399
510576
473588
634307
542494
624183
128741
257101
755863
389287
960966
640181
270192
176841
46573
338439
147214
217765
321079
732258
415612
739636
978985
721078
215103
123488
595015
164993
699166
719173
410723
952012
351611
278499
439319
445457
848884
91653
908362
316572
703000
559503
582675
980365
647901
798689
793154
597893
898949
187272
143333
237452
925628
400367
65734
654772
311581
690928
917456
805074
376651
899238
896792
141973
528138
964247
622072
854168
286162
686757
503059
913286
45551
448457
309567
262489
259368
474678
717180
230111
316795
623075
476269
745110
304974
700627
277132
707818
338212
798614
426088
359417
69903
25127
922515
75989
605949
647519
594924
561985
707481
909902
200122
24589
700255
969854
248213
613913
796289
838521
723626
887255
213143
202106
773746
326998
499538
892550
848417
218316
987769
388407
818017
609412
175681
539202
94753
257481
823710
916916
58955
56384
836650
374756
141776
961506
616522
459558
214621
851830
480213
600953
99346
979011
22694
134161
210680
814609
628382
355947
145841
267029
378098
294437
274084
776199
125757
195927
577354
591479
899761
864143
921931
108591
938453
536286
131195
372310
292723
862210
530171
835753
74280
733645
987787
3468
113718
109908
581604
106480
148737
215616
246515
104151
330768
338339
987396
949320
234450
299834
928977
752996
897485
104769
669080
62509
535210
922353
800
933057
579557
677376
610124
854702
632574
53413
763583
606733
110446
933624
559144
795334
736064
631073
136499
835500
731357
399085
857421
545150
197902
763855
502237
313802
123789
627756
817323
638488
616580
479705
23931
188736
668967
243235
815193
25804
265649
604622
831912
901575
173703
416919
460263
1972
491272
116794
633430
715094
461566
890624
444567
716094
116155
174489
204159
313012
76259
967608
938849
753010
674697
668553
239209
289888
513905
57268
221153
572274
346219
802468
722129
979921
49064
325547
283801
630025
269564
152678
659713
588475
128060
464948
147539
229578
605189
354554
602281
953318
151177
559349
460097
868562
610941
816754
75307
518297
830759
276662
622445
310167
593386
721783
631437
780174
94871
9176
799758
240285
281272
817253
9765
406241
777393
5261
925389
465030
957327
328354
724649
824157
134619
773767
971804
768001
320220
958331
7362
931408
803747
457212
654272
695793
429290
991055
127405
53212
127911
382349
47312
371243
317556
489405
478523
640429
800349
485402
497564
499756
327015
894666
999656
400610
831588
230309
472383
163574
947245
14343
704758
348883
455091
331375
218364
155800
287104
283919
415003
450514
239227
691525
411528
12552
156474
788694
333
552833
568670
953207
643176
210870
524744
750857
558186
538351
741589
644068
874593
320946
965618
314289
256976
810168
913315
826080
809863
449729
572163
790631
817292
371307
562066
867279
66739
875955
73226
275486
443640
217876
175455
374980
885281
265842
64957
766590
485920
420524
814294
800947
619189
378346
445752
143747
620861
967746
260398
554920
49923
360108
805131
814770
805249
808878
526780
259912
585026
730700
981819
883442
623355
359519
732640
966246
545055
45493
730434
936947
43315
489040
43454
329773
408341
323757
402764
162795
790700
260413
981664
715310
551620
921322
447187
849493
844461
705447
535061
261178
376761
583979
230068
421731
839198
485271
599987
852536
893225
648544
437113
689744
836084
249065
679067
403156
189102
710246
234141
303910
19509
724465
789672
627491
370260
362860
392890
781764
880962
15601
205931
173279
477909
393912
264974
835678
846390
919607
607510
261514
618011
880215
194473
401401
235076
733775
756526
905048
418884
809545
897764
963751
537359
979103
924175
550100
507090
353243
934570
189702
92147
870120
431143
626053
460324
728821
4209
523610
451691
969148
423056
763540
416949
570957
474407
580116
104313
995902
155965
631145
427063
456852
706226
689340
75773
735804
912913
905015
72711
367003
85131
838806
432253
541021
28412
757936
38428
484618
315659
60272
102979
960243
829208
359315
386614
981935
571461
708302
382005
95774
613521
390304
36497
701281
253259
42367
182332
192869
582730
228538
522037
969203
643094
914261
797197
78755
338963
445805
861448
463476
492854
106427
357071
804274
828226
918397
795761
945407
161855
748792
173198
231246
659404
323171
591303
171646
916444
150087
645713
302292
904411
89374
940865
156126
530632
460587
288900
594603
617513
93243
429723
918339
199992
447641
803194
323610
450777
364336
491911
117611
893417
526430
642570
788957
673848
677397
414258
367775
680044
647980
884503
332421
225806
385714
157529
943221
70503
959835
388560
6041
316630
364286
645603
238032
119056
263357
447796
840788
345467
789102
547862
567238
596063
772437
217479
602996
954453
353909
550907
559362
793933
407578
814446
681135
506362
909049
797686
308377
996428
562777
643002
609483
268753
766557
917582
696386
755534
757777
312355
446016
326089
509121
880843
827365
770407
482627
925767
690886
634786
103555
222692
737837
836652
52930
194555
343447
329225
943094
631373
847038
329592
958315
999233
389419
804440
867120
288001
884069
171294
546965
919571
416898
206663
214186
632291
598377
977809
571217
973838
735185
883631
895824
474929
560954
660126
815829
790734
326512
60688
927921
423873
102048
475107
65556
405908
562867
750471
710685
317486
115199
132489
680640
479586
165394
643824
950484
309936
190547
184247
575252
5269
24557
890694
863819
425747
788983
681120
254058
490647
3432
499890
91870
714916
989911
874989
652436
73875
