100
3730
12255
37595
41012
45662
58134
82942
84388
96251
100093
102228
124565
141245
152238
162356
172372
173612
179704
185217
208076
219179
244677
244721
254199
258124
262804
262992
266919
277603
297855
300577
307294
313165
333223
333892
335107
337764
347563
356588
363793
371028
391995
408597
430464
441144
455230
473660
497584
500817
502103
523120
537417
556532
559056
562039
563704
574633
575612
580340
581609
590026
594327
616212
620490
625606
626249
636515
641987
648459
648936
666645
666926
689885
692363
726285
730921
746541
764614
767297
794344
796270
801291
802967
817714
825587
831942
833479
848729
859022
874457
893092
897097
927215
928602
952673
972804
977103
984747
989380
991082
