10000
17
525
560
768
853
974
1062
1085
1230
1247
1250
1428
1523
1695
1723
1835
1899
1910
2192
2200
2220
2342
2469
2600
2747
2757
2868
2933
2988
3288
3408
3432
3484
3750
3784
3872
3886
3916
3969
3980
3985
4008
4045
4078
4244
4420
4522
4656
4738
4749
4856
4864
4901
4908
5320
5384
5424
5452
5458
5488
5639
5654
5742
5956
6005
6112
6156
6174
6338
6412
6537
6541
6616
6751
6871
6973
7078
7122
7157
7266
7416
7420
7427
7454
7587
7679
7680
7862
7981
8050
8148
8254
8307
8404
8501
8542
8567
8586
8595
8766
8985
9037
9105
9242
9259
9399
9403
9410
9412
9468
9538
9563
9598
9605
9613
9621
9657
9821
9832
9833
10071
10192
10200
10303
10462
10647
10710
10722
10944
11147
11171
11196
11272
11332
11570
11651
11874
11915
11975
11975
12050
12061
12206
12253
12311
12346
12597
12613
12728
12803
13081
13121
13139
13737
13763
13957
14194
14349
14369
14437
14480
14537
14621
14840
15007
15100
15175
15261
15304
15527
15572
15628
15875
15960
16064
16356
16388
16395
16608
16665
16754
16843
17160
17187
17283
17405
17416
17549
17754
17916
17920
17927
18432
18515
18570
18733
18900
19088
19174
19183
19219
19256
19294
19317
19330
19385
19525
19688
19784
19785
19987
20247
20322
20379
20380
20639
21642
21967
21969
21993
21994
22050
22127
22203
22245
22593
22602
22845
22853
22854
22899
22958
23033
23088
23190
23321
23347
23612
23665
23753
23893
24193
24243
24347
24437
24476
24671
24728
24732
24873
24916
25256
25462
25466
25472
25733
25795
25853
25859
26040
26103
26149
26179
26264
26343
26452
26522
26541
26603
26649
26671
26859
26953
27110
27132
27184
27187
27378
27404
27573
27956
28446
28582
28773
28945
29018
29024
29209
29225
29347
29406
29750
29774
29775
29874
29905
30007
30037
30097
30138
30399
30402
30404
30444
30510
30520
30541
30554
30593
30680
30707
30741
30782
31029
31057
31151
31275
31385
31638
31655
31890
31913
32000
32124
32132
32241
32444
32503
32527
32579
32622
32624
32631
32653
32896
32902
32966
33094
33142
33443
33626
33728
33930
34074
34081
34140
34152
34178
34196
34304
34356
34384
34429
34568
34860
34895
34903
35001
35053
35083
35222
35231
35404
35489
35560
35570
35579
35600
35605
35716
35873
36025
36084
36257
36394
36501
36535
36578
36632
36871
36880
36913
36948
36956
36973
37021
37160
37191
37196
37207
37264
37453
37567
37892
37896
37934
38190
38199
38204
38284
38362
38445
38481
38559
38670
38902
39032
39260
39358
39496
39548
39552
39643
39737
39738
39804
40423
40762
40825
40865
40923
40956
41066
41111
41315
41349
41561
41576
41608
41621
41673
41979
42183
42325
42335
42529
43211
43334
43451
43541
43658
43804
44000
44589
44641
44722
44828
44860
44962
44971
44996
45109
45131
45152
45291
45582
45684
45768
46099
46653
47065
47088
47144
47428
47444
47502
47507
48052
48129
48160
48175
48263
48512
48517
48624
48682
48751
48957
48982
49363
49614
49619
49738
49898
49941
49966
50004
50144
50230
50445
50514
50527
50877
50979
51332
51441
51715
52074
52185
52450
52860
52949
53265
53346
53419
53419
53443
53615
53636
53789
53929
54036
54197
54316
54401
54455
54574
54592
55129
55205
55221
55231
55256
55289
55324
55325
55332
55375
55412
55501
55714
55742
55777
55824
55887
55985
56060
56149
56271
56511
56657
56695
56827
56920
57012
57026
57093
57100
57142
57238
57302
57406
57480
57603
58071
58137
58249
58258
58320
58495
58555
58764
58781
58930
58973
59064
59072
59123
59147
59176
59223
59246
59334
59458
59494
59670
59747
59748
60346
60473
60570
60769
60912
60936
61089
61254
61269
61448
61492
61534
61554
61559
61628
61660
61673
61865
61867
61919
61981
62146
62166
62175
62264
62443
62637
62843
62872
62984
63115
63332
63351
63404
63431
63468
63547
63662
63756
64056
64346
64494
64569
64675
64827
65035
65189
65334
65556
65597
65896
66010
66015
66050
66189
66247
66290
66705
66944
67335
67394
67531
67772
67818
67821
67918
67973
68328
68434
68475
68506
68624
68925
68996
69021
69102
69149
69440
69463
69504
69688
69736
69775
69904
70170
70265
70363
70366
70436
70557
70689
70744
70812
70845
70852
71110
71222
71249
71269
71279
71304
71327
71555
71564
71703
71746
71807
71813
71963
72203
72374
72428
72514
72556
72573
72753
72824
73051
73126
73205
73242
73324
73387
73446
73588
73618
73729
73764
74404
74579
74939
74985
75091
75160
75286
75412
75496
75684
75706
75732
75805
75827
76071
76184
76202
76403
76418
76455
76594
76662
76777
76971
77059
77093
77094
77179
77342
77363
77438
77503
77525
77539
77714
77781
77888
77941
78038
78248
78416
78419
78512
78627
78735
78843
78896
78902
78912
79201
79229
79283
79532
79537
79638
79751
79776
79918
80022
80066
80262
80320
80608
80617
80860
80943
80949
81082
81083
81090
81226
81389
81470
81747
81808
82160
82182
82583
82676
82942
83054
83161
83216
83324
83528
83712
83874
83949
84080
84133
84146
84155
84208
84408
84423
84539
84594
84633
84654
84698
84743
84848
84889
85074
85185
85204
85336
85532
85617
85723
85762
85821
86079
86224
86298
86335
86454
86473
86539
86539
86806
86869
86872
86958
86989
87011
87317
87399
87629
87696
87743
87872
87920
87982
88033
88153
88213
88266
88389
88411
88427
88473
88503
88519
88526
88528
88547
88742
88841
88856
88968
89142
89180
89268
89344
89364
89526
89547
89646
89793
89836
90058
90153
90173
90197
90397
90398
90407
90413
90750
90753
90822
90835
91101
91102
91147
91221
91252
91266
91450
91506
91607
91821
91997
92374
92639
92708
92886
92957
92996
93208
93222
93294
93462
93513
93781
94181
94220
94341
94588
94687
94825
94877
94922
94967
95055
95096
95184
95229
95272
95402
95559
95566
95647
95821
95824
95831
96011
96103
96214
96273
96330
96487
96730
96782
96805
96806
96962
97051
97066
97070
97123
97279
97285
97485
97532
97625
97638
97798
98153
98166
98203
98238
98271
98413
98505
98679
98801
99010
99279
99424
99487
99675
99681
99762
99855
99936
100075
100192
100192
100211
100279
100303
100365
100388
100389
100416
100482
100751
100785
100833
101046
101177
101188
101258
101410
101617
101684
101722
101796
101841
101968
102186
102280
102313
102360
102553
102616
102931
103053
103128
103152
103185
103193
103246
103295
103340
103766
103782
103822
103963
103990
104192
104196
104207
104281
104364
104420
104535
104596
104615
104744
104988
105127
105235
105257
105402
105698
105877
106017
106049
106298
106655
106701
106810
106884
106948
106992
107088
107127
107160
107455
107579
107638
107797
107905
107963
108454
108496
108523
108549
108553
108568
108809
108975
108978
109107
109224
109241
109283
109358
109431
109434
109558
109803
109909
109937
109957
110001
110214
110247
110431
110549
110660
110672
110773
110839
111133
111145
111213
111321
111468
111590
111672
111970
112064
112087
112151
112222
112289
112340
112358
112481
112532
112756
112880
112896
112897
113205
113221
113329
113404
113481
113511
113557
113563
113597
113648
113716
113757
113772
113900
113917
113949
114171
114313
114737
114788
114839
114848
114921
115004
115456
115463
115514
115654
115779
115879
115905
115927
115967
116163
116330
116344
116494
116496
116564
116720
117122
117373
117430
117503
117656
117761
117890
117938
118100
118105
118144
118431
118905
118990
119238
119441
119452
119474
119585
119723
119788
120123
120158
120237
120349
120458
120500
120580
120635
120786
120968
121008
121019
121029
121065
121127
121303
121548
121612
121613
121702
121743
121843
121852
122028
122041
122049
122152
122414
122433
122436
122655
122816
122973
123111
123211
123394
123644
123823
124032
124048
124212
124262
124440
124479
124522
124618
124856
125017
125121
125451
125638
125642
125701
125898
126041
126082
126085
126388
126523
126584
126770
126866
126904
127012
127035
127050
127184
127347
127759
127860
127880
127993
128052
128068
128145
128345
128375
128504
128616
128653
128679
128805
128827
128914
129063
129139
129242
129307
129716
129734
129773
129810
129929
130026
130110
130208
130216
130217
130300
130369
130494
130597
130606
130610
130852
130945
131192
131204
131249
131400
131400
131467
131492
131512
131596
131628
131698
131942
132250
132401
132431
132535
132563
132672
132901
132928
132940
133054
133178
133179
133272
133727
133756
133825
134131
134155
134186
134361
134450
134460
134500
134628
134653
134766
134799
134862
134864
134892
134971
135308
135325
135471
135479
135514
135535
135772
135904
135931
136097
136152
136214
136256
136280
136462
136496
136516
136533
136562
136632
136655
136686
136699
136804
136925
137040
137151
137182
137196
137273
137404
137510
137822
137947
138016
138140
138188
138207
138270
138508
138664
138746
138836
138894
139172
139334
139404
139413
139584
139637
139944
139950
140040
140118
140176
140366
140407
140682
140811
140936
140969
140985
141046
141466
141644
142107
142174
142188
142370
142484
142682
142708
142727
142742
142786
142929
143017
143058
143087
143134
143134
143192
143193
143516
143537
143826
143975
144028
144140
144555
144600
144661
144678
144909
144938
145206
145309
145338
145338
145489
145594
145682
145707
145787
145953
145994
146020
146145
146228
146243
146363
146447
146711
146935
146965
146997
147114
147200
147231
147310
147470
147475
147558
147634
147649
147717
147745
148004
148014
148014
148043
148120
148257
148369
148439
148515
148588
148780
148925
148964
149025
149106
149287
149296
149410
149471
149670
149844
149869
149952
149975
150233
150273
150388
150415
150423
150450
150470
150548
150672
150834
150883
151019
151346
151383
151455
151617
151704
151795
151937
151949
152201
152334
152413
152457
152517
152546
152645
152825
152875
152948
153002
153012
153051
153079
153141
153299
153321
153678
153824
153911
153986
153988
154130
154145
154174
154233
154346
154525
154567
154593
154701
154774
154832
154902
155028
155056
155103
155132
155225
155295
155380
155473
155573
155632
155693
155745
155824
155830
155890
155991
155995
156196
156303
156524
156711
156733
156805
156931
157018
157098
157332
157500
157594
157759
157929
157930
158109
158117
158177
158230
158271
158445
158530
158766
159039
159045
159134
159191
159336
159348
159484
159553
159749
159858
159878
159918
159950
160266
160305
160312
160315
160321
160325
160427
160459
160636
160924
161015
161021
161098
161292
161452
161535
161635
161724
161811
162100
162145
162160
162184
162261
162439
162493
162494
162566
162603
162657
162780
162800
163001
163285
163378
163527
163534
163542
163837
163966
164216
164315
164341
164388
164426
164440
164482
164721
164772
164834
164851
165038
165127
165135
165147
165204
165257
165413
165447
165476
165511
165553
165585
165702
165908
166000
166131
166219
166251
166263
166347
166364
166546
166602
166646
166694
166767
166811
166864
167055
167073
167562
167738
167790
167841
167973
168021
168169
168173
168282
168737
168940
169014
169096
169181
169264
169278
169357
169397
169603
169612
169674
169675
169731
169756
169929
169999
170062
170084
170159
170233
170264
170551
170607
170729
170751
170918
170936
171034
171034
171091
171119
171131
171203
171281
171364
171688
171802
171903
171936
172392
172463
172896
172976
173049
173246
173472
173527
173579
173733
173906
174018
174140
174207
174302
174343
174401
174428
174432
174488
174533
174618
174621
174661
174692
174838
175017
175085
175283
175310
175461
175537
175663
175724
175771
175803
176041
176068
176161
176222
176380
176525
176568
176603
176750
177084
177158
177168
177291
177377
177378
177411
177477
177626
177745
177822
177966
177973
178101
178124
178195
178198
178199
178314
178495
178724
178813
178842
178947
179084
179214
179250
179341
179465
179636
179720
179780
179845
180155
180328
180358
180415
180518
180566
180604
180627
180807
180957
180996
181055
181143
181289
181305
181449
181516
181535
181544
181619
181701
181838
182051
182270
182275
182562
182585
182675
182838
182995
183036
183340
183402
183516
183551
183607
183680
183693
183698
183739
183793
183898
184178
184423
184435
184659
184751
184826
184912
184999
185229
185230
185299
185336
185368
185446
185469
185487
185584
185638
185651
185698
185729
185746
185765
185790
185790
185806
185913
185921
185928
186105
186131
186461
186469
186540
186642
186699
186811
186880
187093
187188
187210
187237
187303
187337
187529
187787
187913
187979
188020
188043
188374
188414
188549
188615
188685
188704
188825
189045
189050
189208
189255
189330
189337
189393
189957
190002
190014
190301
190514
190740
190780
190798
190936
190999
191100
191309
191358
191463
191543
191562
191591
191645
191709
191715
191835
191948
191988
191996
192086
192233
192273
192291
192302
192683
192722
192728
192776
192870
192883
193032
193236
193283
193363
193383
193530
193533
193539
193610
193851
193888
193983
194087
194264
194280
194629
194755
194811
194918
194971
194987
195190
195215
195232
195287
195296
195454
195589
195901
196000
196049
196138
196195
196204
196481
196680
196740
196909
196931
196961
197000
197069
197191
197235
197347
197355
197388
197460
197757
197836
197889
197999
198112
198292
198294
198631
198635
198837
199033
199184
199417
199633
199654
199796
200015
200078
200092
200111
200169
200204
200283
200406
200444
200530
200601
200614
200861
200899
201018
201095
201283
201365
201408
201428
201541
201650
201677
202102
202104
202222
202475
202507
202569
202894
202940
203138
203455
203531
203537
203599
203810
203847
204007
204220
204271
204464
204470
204771
204888
205184
205426
205846
205911
205989
206064
206268
206297
206417
206494
206622
206631
206700
206898
206906
206980
207131
207366
207485
207614
207699
207822
207846
207906
207947
207952
208089
208142
208274
208303
208347
208573
208677
208932
208983
209038
209060
209256
209298
209322
209516
209859
210059
210063
210199
210208
210330
210776
211070
211163
211214
211321
211349
211484
211497
211562
211648
211722
211779
211931
212047
212222
212278
212279
212308
212482
212566
212681
212777
212849
212970
213057
213267
213403
213413
213451
213519
213973
213993
214003
214184
214565
214834
214984
215082
215248
215411
215502
215547
215661
215664
215718
215733
216113
216138
216161
216392
216458
216649
217028
217121
217181
217261
217264
217578
217647
217807
218292
218519
218619
218720
218915
219039
219056
219296
219335
219709
219724
219757
219784
219925
220018
220201
220276
220419
220542
220567
220605
221038
221175
221349
221402
221475
221569
221693
221775
221835
221989
222090
222138
222288
222349
222464
222852
222987
223168
223379
223451
223490
223601
223735
223745
223806
223837
223863
223958
224262
224497
224550
224553
224658
224819
224841
224922
224941
225001
225022
225189
225389
225407
225487
225533
225625
225791
225883
225953
225984
226075
226095
226324
226330
226385
226453
226533
226623
226645
226959
226991
227094
227423
227541
227580
227783
227907
227955
228072
228118
228192
228260
228294
228656
228815
228898
228995
229065
229074
229392
229425
229530
229715
229796
229897
229919
229931
230018
230139
230183
230249
230267
230323
230407
230548
230797
230824
230829
230850
231064
231153
231377
231443
231486
231535
231721
232140
232251
232425
232450
232691
232747
232893
233187
233640
233885
233894
233953
234042
234157
234158
234329
234432
234556
234603
234605
234607
234658
234691
234775
234931
235023
235046
235079
235203
235445
235511
235524
235740
235852
235928
236100
236111
236284
236652
236709
236748
236812
236814
237152
237202
237241
237402
237554
237603
237612
237721
237796
237935
237998
238286
238391
238493
238695
238775
238803
238806
238939
238965
238969
239007
239099
239099
239131
239210
239213
239222
239299
239306
239389
239445
239476
239565
239595
239869
239960
239969
240109
240134
240189
240494
240688
240958
241072
241203
241219
241245
241301
241399
242029
242108
242128
242219
242349
242547
242548
242555
242593
242599
243084
243186
243214
243252
243267
243284
243392
243524
243531
243583
243587
243762
243995
244167
244241
244324
244326
244406
244533
244677
244729
244906
245091
245266
245337
245492
245532
245538
245670
245742
245832
245887
246395
246448
246461
246467
246737
246844
246872
246941
246998
247113
247243
247296
247585
247646
247750
247856
247882
247905
248188
248223
248303
248333
248345
248511
248546
248601
248800
248939
248942
248952
248952
249017
249092
249582
249592
249628
249639
249651
249856
249977
250160
250296
250460
250477
250525
250578
250714
250733
250751
250789
250986
251038
251099
251240
251398
251399
251456
251607
251633
251686
251782
251803
251846
251860
251999
252006
252030
252047
252112
252158
252209
252229
252258
252265
252288
252409
252501
252577
252611
252635
252657
252692
252783
253133
253366
253391
253489
253726
253737
253768
253932
253975
253984
254192
254379
254644
255000
255051
255157
255237
255584
255657
255677
255678
255711
255716
255827
256011
256019
256090
256205
256228
256252
256336
256344
256430
256474
256652
256866
256924
256945
257142
257262
257279
257347
257459
257510
257515
257634
257818
257970
258085
258440
258586
258620
258748
258756
258847
258918
258924
259087
259097
259236
259269
259290
259350
259410
259412
259545
259698
259785
260066
260066
260067
260104
260652
260763
260774
260845
260878
260958
261149
261296
261340
261440
261473
261520
261735
261866
261874
261919
262073
262113
262351
262379
262512
262546
262683
262833
263022
263038
263044
263118
263425
263632
263739
263781
263788
263865
263943
263978
264092
264120
264305
264375
264690
264829
265043
265111
265316
265343
265521
265632
265742
265812
265855
265937
266069
266093
266336
266378
266411
266705
266950
266987
267050
267192
267301
267313
267503
267783
267803
268076
268153
268259
268557
268563
268638
268654
268998
269049
269132
269141
269344
269348
269446
269453
269480
269510
269558
269688
269803
270057
270057
270191
270265
270316
270473
270514
270535
270727
270750
270779
270842
270877
270990
271175
271313
271433
271516
271619
271776
271873
271885
272118
272216
272247
272256
272349
272414
272484
272540
272593
272682
272749
272870
273008
273028
273180
273190
273220
273505
273581
273617
273625
273672
273827
273854
273864
273946
274305
274320
274349
274394
274442
274613
274634
274712
274910
274990
275019
275129
275232
275236
275292
275406
275448
275498
275651
275698
275739
275755
275789
275812
275844
275860
275914
275925
275927
276038
276115
276130
276355
276474
276646
276657
276753
276936
276983
277004
277166
277367
277408
277470
277558
277814
277830
277986
278009
278032
278383
278537
278793
278918
279041
279107
279234
279238
279311
279364
279372
279419
279491
279568
280055
280059
280074
280130
280244
280299
280359
280428
280474
280545
280672
280693
280857
280905
281380
281387
281406
281548
281611
281776
281789
281891
282005
282099
282334
282649
282826
283366
283571
283584
283601
283653
283860
283885
283895
283932
284217
284318
284324
284327
284348
284530
284658
284852
284887
284898
285091
285128
285405
285495
285589
285817
285899
286060
286068
286084
286100
286127
286133
286234
286357
286403
286467
286547
286630
286688
286792
287030
287083
287229
287307
287415
287619
287635
287687
287695
287898
288003
288233
288630
288645
288704
288722
288772
288872
289077
289177
289202
289329
289464
289813
289828
289836
289896
290098
290211
290238
290479
290552
290780
291211
291389
291546
291634
291642
291700
291719
291791
291813
291906
292057
292133
292297
292321
292424
292576
292638
292682
292805
292946
293272
293414
293507
293564
293571
293670
293678
293710
293723
293829
293992
294075
294095
294211
294349
294420
294628
294772
294795
295051
295187
295453
295551
295602
295763
295954
296112
296486
296517
296552
296562
296570
296592
296599
296704
296766
296812
296875
297041
297240
297247
297312
297323
297522
297611
297617
297666
297667
297749
297811
297830
297924
298013
298022
298538
298547
298604
298703
298714
298770
298991
299095
299281
299310
299326
299445
299487
299544
299687
299715
300004
300194
300387
300435
300643
300824
300868
300871
300917
300938
300981
301143
301164
301179
301258
301294
301477
301484
301596
301873
301948
301962
301980
302079
302118
302265
302269
302283
302331
302483
302552
302618
302713
302859
302862
302950
303128
303173
303324
303344
303577
303601
303644
303684
303725
303739
303752
303807
303823
303849
303895
303896
303896
303950
304078
304108
304313
304322
304356
304417
305132
305662
305688
305704
305754
305897
306109
306211
306292
306348
306453
306494
306499
306572
306931
307036
307043
307076
307270
307324
307359
307592
307592
307732
307905
308295
308306
308582
308627
308697
308857
308883
309153
309314
309319
309608
309611
309678
309735
309835
309851
310004
310034
310240
310396
310819
310868
310924
311097
311106
311140
311182
311217
311414
311724
311764
311826
311879
311892
311946
311974
312098
312113
312178
312178
312467
312494
312572
312725
312833
312923
313059
313089
313227
313300
313331
313390
313516
313558
313565
313746
314328
314461
314478
314744
315105
315337
315362
315418
315600
315711
315746
315894
315917
316142
316345
316382
316386
316460
316540
316558
316561
316567
316725
316836
316960
317184
317443
317601
318079
318156
318254
318283
318333
318377
318468
318667
318793
318810
318817
318854
318925
318962
319033
319037
319200
319276
319473
319541
319662
319682
319699
319779
319838
320339
320610
320759
320909
321009
321043
321135
321140
321188
321227
321487
321509
321671
321675
321707
321867
321884
322030
322247
322350
322360
322396
322414
322424
322454
322468
322662
322674
322732
322834
322861
322874
322938
323245
323251
323481
323505
323738
323909
323912
324030
324111
324187
324990
325029
325102
325151
325302
325509
325520
325560
325634
325775
325809
325821
326259
326342
326396
326399
326660
326674
326772
326774
326834
326902
326907
327022
327139
327156
327194
327254
327258
327523
327675
327686
327928
327972
328056
328073
328120
328168
328220
328230
328245
328308
328331
328450
328556
328567
328668
328727
328730
328902
328958
329007
329089
329193
329215
329456
329480
329574
329578
329725
329831
329843
329889
329904
329948
330052
330160
330236
330323
330493
330605
330713
330795
330920
331005
331065
331188
331249
331366
331525
331600
331763
331873
331878
331881
332063
332271
332275
332333
332495
332511
332554
332576
332643
332730
332922
332927
332943
333217
333225
333251
333302
333316
333344
333360
333388
333774
333885
333930
334075
334249
334379
334406
334456
334496
334501
334588
334640
334754
334976
335030
335076
335100
335261
335326
335351
335523
335569
335739
335750
335773
335780
335965
335976
336192
336383
336467
336485
336495
336503
336612
336636
336872
336954
336984
337215
337357
337420
337455
337988
338042
338105
338128
338185
338204
338300
338356
338448
338492
338497
338666
338729
338762
338802
338830
338870
339046
339084
339116
339132
339164
339227
339287
339394
339473
339493
339522
339739
339749
339865
340498
340569
340799
340952
341315
341592
341622
341708
341883
341940
341971
342000
342403
342496
342607
342815
342869
342884
342967
343083
343124
343145
343270
343397
343432
343495
343497
343530
343599
343673
343698
343833
344099
344219
344574
344677
344721
344835
345113
345159
345389
345451
345518
345586
345689
345814
345993
346061
346108
346316
347277
347363
347409
347532
347574
347586
347659
347670
347775
347906
348087
348136
348151
348162
348432
348472
348495
348605
348855
348982
349035
349053
349186
349250
349292
349574
350040
350051
350052
350170
350180
350234
350254
350441
350461
350576
350581
350833
350864
350973
351021
351319
351396
351574
351592
351639
351849
351913
351954
352063
352171
352281
352505
352636
352717
352764
352780
352849
353198
353292
353345
353355
353523
353532
353565
353588
353602
353700
353752
353804
353912
353987
354046
354107
354112
354126
354281
354283
354358
354395
354508
354529
354595
354925
354962
355024
355199
355284
355348
355441
355575
355654
355713
355735
355785
355788
355938
356004
356022
356053
356098
356292
356511
356589
356795
356971
357002
357061
357327
357457
357600
357624
357676
357731
357786
357818
358035
358124
358297
358353
358619
358791
358866
359134
359385
359435
359442
359459
359584
360003
360100
360147
360214
360284
360338
360370
360386
360789
361072
361257
361314
361389
361550
361711
361732
361737
361755
361839
362173
362246
362496
362584
362644
362816
362828
362920
363088
363118
363192
363220
363424
363687
363872
363891
363917
364061
364124
364158
364220
364281
364371
364471
364533
364596
364642
364692
364785
364833
364874
365063
365091
365189
365203
365399
365509
365533
365537
365725
365770
365910
365970
366081
366395
366434
366473
366517
366626
366903
366991
367085
367432
367458
367485
367725
367757
367846
367897
368029
368096
368211
368233
368284
368446
368513
368622
368627
368830
368909
368924
369043
369415
369593
369610
369612
369823
369870
369921
369960
370055
370076
370147
370241
370286
370422
370669
370757
370832
370867
370982
371169
371191
371744
371826
371843
371872
371887
372066
372184
372389
372472
372749
372825
372971
373179
373267
373525
373622
373637
373663
373791
374127
374283
374325
374422
374528
374615
374775
374778
374814
374849
374946
375067
375070
375112
375228
375640
375674
375787
375800
375880
375940
375969
375988
376009
376035
376069
376184
376467
376576
376937
376973
377137
377188
377260
377426
377671
377720
377731
377838
378029
378043
378120
378152
378157
378175
378366
378383
378426
378430
378434
378536
378625
378740
378872
379028
379126
379429
379466
379557
379559
379769
379818
379819
379881
380100
380108
380164
380165
380167
380189
380222
380244
380266
380470
380539
380601
380755
380760
380827
381039
381161
381265
381283
381300
381371
381439
381611
381756
381812
382016
382059
382114
382168
382230
382440
382622
382680
382685
382701
382875
382984
383177
383318
383335
383387
383461
383540
383625
383766
383912
383917
384067
384139
384151
384191
384403
384443
384532
384557
384581
384668
384713
384768
384900
385024
385070
385640
386052
386074
386112
386241
386331
386504
386688
387146
387623
387672
387767
387783
387857
387872
387933
387939
388066
388390
388414
388688
388719
388851
388878
388909
389002
389141
389191
389236
389281
389295
389319
389334
389376
389414
389492
389532
389772
389805
389888
389989
390013
390046
390074
390147
390243
390257
390431
390444
390546
390691
390716
390804
390819
390829
390919
391122
391192
391352
391476
391525
391820
391882
392333
392348
392461
392489
393142
393167
393242
393369
393385
393825
393851
393912
394069
394121
394162
394242
394371
394560
394818
394835
394862
395089
395122
395155
395225
395227
395233
395307
395317
395410
395412
395598
395628
395793
395798
395816
395826
395867
395869
395902
395919
395922
395927
395982
396075
396225
396228
396229
396264
396281
396357
396478
396581
396743
397038
397223
397266
397333
397437
397517
397623
397630
397651
397659
397813
397906
397913
397948
398222
398256
398293
398794
398960
399046
399151
399260
399308
399355
399491
399510
399710
399738
399846
399887
400119
400252
400376
400524
400722
400724
400956
400963
401063
401069
401094
401159
401227
401377
401399
401409
401571
401594
401768
401782
401788
401832
401943
401948
401981
402034
402233
402248
402263
402332
402378
402389
402512
402937
403212
403438
403444
403475
403589
403597
403620
403664
403872
403878
404038
404060
404065
404099
404142
404146
404225
404240
404383
404496
404932
404974
405017
405126
405177
405324
405538
405669
405731
405787
405847
405872
406081
406106
406219
406473
406483
406605
406611
406754
406844
407032
407190
407233
407333
407413
407696
407943
408014
408026
408230
408269
408365
408424
408466
408551
408562
408739
408801
409052
409171
409191
409209
409257
409261
409321
409336
409597
409687
409745
409778
409808
409961
409979
410174
410177
410178
410188
410252
410303
410356
410481
410562
410605
410643
410692
411011
411165
411400
411429
411453
411463
411464
411544
411545
411598
411598
411731
411935
411955
412103
412116
412178
412220
412247
412299
412318
412387
412487
412541
413017
413182
413192
413270
413274
413376
413534
413578
413710
413714
413877
414482
414523
414860
414904
414938
415186
415193
415385
415472
415624
415629
415636
415758
416176
416409
416587
416816
416925
416938
417347
417382
417619
417632
417671
417698
417896
418074
418329
418417
418606
418618
418744
418828
418943
418967
419045
419050
419104
419129
419350
419382
419395
419399
419429
419484
419742
419747
419752
419920
420014
420067
420184
420221
420394
420455
420625
421096
421102
421104
421146
421380
421581
421713
422017
422125
422133
422367
422416
422484
422551
422628
422632
422757
422769
422997
423005
423073
423195
423372
423388
423499
423712
423780
423892
423927
423971
424372
424786
424792
425004
425010
425050
425399
425670
425673
425690
425862
425889
426018
426155
426178
426214
426271
426297
426344
426373
426708
426921
426940
426987
427084
427089
427095
427126
427409
427452
427515
427786
427858
428021
428123
428210
428222
428230
428284
428348
428366
428581
428656
428838
429048
429109
429122
429142
429217
429365
429469
429519
429756
429756
429790
429812
429814
429843
429907
429993
430017
430269
430349
430468
430504
430551
430596
430634
430695
430719
430774
430778
430782
430873
430954
431129
431271
431275
431307
431355
431422
431534
431777
431939
432025
432038
432228
432251
432318
432417
432543
432741
432915
433040
433109
433543
433700
433701
433840
433989
434126
434252
434349
434463
434511
434577
434650
434742
435098
435195
435282
435284
435293
435617
435638
435688
435712
435786
435853
435894
435979
435981
435989
436103
436261
436382
436498
436536
436561
436607
436614
436620
436725
436754
436777
436863
436890
436905
437020
437078
437155
437209
437517
437582
437592
437645
437686
437725
437869
437876
437887
437958
438006
438016
438327
438395
438517
438594
438628
439128
439217
439272
439378
439555
439615
439675
439704
439820
439897
439943
440062
440208
440484
440916
441327
441424
441701
441710
441839
441914
442352
442389
442400
442418
442479
442539
442599
442644
442669
442688
442700
442957
443058
443174
443209
443316
443382
443469
443592
443674
443685
443748
443776
443892
443897
443917
443957
444034
444062
444208
444454
444518
444541
444618
444744
444793
444802
444852
445246
445373
445490
445513
445569
445697
445723
446020
446097
446155
446547
446549
446561
447375
447663
447839
447843
448106
448229
448533
448541
448559
448737
448922
449001
449062
449097
449262
449345
449384
449397
449499
449548
449627
449715
449749
449873
450185
450284
450373
450384
450674
450712
450924
450945
451071
451318
451335
451408
451479
451518
451885
451928
452221
452340
452512
452601
452969
453041
453050
453189
453309
453331
453475
453542
453557
453591
453613
453687
453737
454080
454150
454322
454491
454592
454796
455245
455247
455354
455723
456051
456083
456092
456136
456349
456472
456633
456655
456678
456844
457030
457114
457135
457155
457223
457354
457385
457464
457589
457713
457718
457788
457821
457857
458052
458099
458480
458541
458635
458709
458721
459008
459175
459227
459330
459409
459433
459720
459831
460027
460132
460156
460306
460382
460398
460495
460699
460792
460811
460863
461041
461062
461261
461318
461373
461458
461581
461719
462113
462181
462426
462469
462807
462887
463129
463344
463549
463726
463790
463798
463820
463886
463988
464118
464164
464168
464260
464278
464318
464340
464381
464434
464521
464789
464850
464974
465286
465297
465376
465424
465512
465623
465740
465820
465830
465973
466012
466065
466345
466370
466615
466622
466761
466807
466900
467153
467354
467392
467467
467564
467738
467943
467980
468069
468085
468203
468415
468588
468754
468859
468870
468953
469039
469316
469401
469444
469526
469670
469959
470001
470051
470159
470387
470646
470706
471033
471381
471390
471621
471708
471971
471979
472010
472035
472037
472219
472268
472482
472491
472515
472539
472581
472601
472659
472685
473035
473130
473195
473342
473408
473465
473576
473599
473653
473655
473769
473790
473840
473894
474030
474047
474116
474143
474177
474183
474379
474612
474812
474853
474897
474902
474976
475179
475209
475414
475662
475725
475785
475879
475933
476348
476405
476525
476562
476583
476604
476802
476817
476832
476853
476918
476933
476957
477119
477246
477247
477376
477399
477502
477532
477759
477974
478106
478136
478143
478235
478243
478346
478626
479063
479221
479466
479544
479606
479635
479819
479831
479834
479885
479943
480001
480184
480290
480392
480463
480718
480900
480929
481133
481143
481162
481260
481384
481393
481435
481587
481587
481602
481715
481739
481853
481912
481945
482329
482453
482864
482903
482963
483134
483134
483134
483175
483267
483461
483496
483613
483878
483938
484060
484082
484162
484192
484224
484240
484248
484300
484336
484426
484604
484609
485027
485070
485136
485151
485179
485202
485247
485505
485526
485724
485922
485944
486206
486255
486600
486687
486753
486782
486818
486875
486885
487040
487119
487138
487195
487299
487407
487488
487777
487809
487880
487991
488501
488632
488649
488718
488942
489144
489200
489287
489313
489339
489387
489402
489468
489527
489655
489682
489990
490322
490541
490955
490983
490994
490996
491199
491245
491315
491392
491439
491530
491578
491780
491795
491826
491874
491936
491963
492216
492386
492436
492446
492506
492593
492740
492846
492907
493228
493231
493279
493500
493506
493662
493701
493795
493811
493818
494022
494031
494032
494068
494141
494159
494190
494223
494256
494257
494578
494606
494650
494726
494765
494800
494830
494888
494936
495048
495214
495225
495333
495504
495591
495751
495794
496125
496217
496314
496344
496446
496534
496692
496704
496754
496837
497036
497038
497352
497389
497423
497425
497672
497720
497739
497920
498015
498067
498284
498535
498560
498681
498795
498918
498923
498925
499149
499179
499179
499232
499614
499614
499647
499691
499775
499865
499928
500389
500412
500504
500522
500527
500546
500884
500970
501095
501181
501302
501485
501528
501533
501664
501761
501792
501818
501935
502095
502196
502223
502370
502383
502456
502517
502517
502580
502642
502684
502716
502721
502815
502857
502871
502935
503016
503038
503204
503310
503318
503487
503842
503884
503965
504085
504129
504167
504293
504339
504414
504548
504686
504734
504786
504957
505055
505260
505371
505427
505566
505653
505711
505829
506106
506111
506237
506511
506642
506957
507008
507016
507166
507501
507581
507756
507946
508022
508026
508040
508044
508099
508145
508152
508161
508165
508180
508294
508371
508389
508390
508504
508567
508619
508628
508687
508717
508740
508864
508881
509017
509164
509185
509201
509238
509334
509490
509584
509780
509889
510012
510013
510086
510489
510521
510689
510691
510924
510964
511118
511134
511207
511263
511483
511520
511656
511764
512031
512151
512158
512580
512674
512677
512830
513124
513215
513346
513372
513460
513505
513526
513739
513842
513942
514369
514438
514485
514664
514679
514751
514840
514924
514931
515149
515178
515181
515186
515251
515329
515415
515432
515563
515925
516040
516163
516165
516245
516536
516743
516778
516784
516834
516903
516905
516909
516956
517116
517157
517184
517210
517586
517703
517723
517923
518107
518154
518225
518290
518372
518495
518636
518703
518722
518736
518750
518804
519179
519318
519347
519442
519518
519658
519673
519707
519943
520214
520235
520368
520573
520613
520691
520875
520889
520965
521015
521015
521132
521376
521388
521745
521880
522215
522376
522515
522638
522944
523078
523352
523617
523892
523998
524150
524304
524451
524614
524680
524837
524907
524969
524969
525053
525409
525523
525591
525732
525751
525799
525929
526110
526113
526167
526351
526351
526375
526387
526541
526568
526692
526741
526809
526813
526831
526938
527016
527261
527283
527297
527627
527684
527724
527839
527914
527988
528135
528307
528334
528341
528394
528395
528546
528709
528754
528757
528766
528921
529057
529071
529160
529391
529457
529510
529531
529640
529816
529947
529955
530040
530268
530376
530477
530511
530527
530626
530691
530723
530943
530982
531079
531080
531082
531089
531188
531284
531409
531464
531558
531602
531602
531643
531710
531740
531773
531869
531935
531970
532004
532382
532424
532450
532779
532786
532924
533152
533220
533225
533268
533291
533444
533447
533514
533573
533578
533582
533614
533772
533792
533822
533840
533855
533958
534040
534081
534133
534166
534189
534237
534247
534324
534336
534707
534749
534776
534854
534879
534984
535132
535153
535265
535377
535429
535439
535789
536094
536191
536271
536592
536668
536721
536799
536904
537602
537817
537863
538077
538121
538139
538207
538228
538295
538318
538360
538382
538415
538594
538763
538790
538882
539087
539237
539354
539485
539675
539686
539721
539823
539833
539981
539983
540010
540017
540159
540561
540604
540622
540633
540699
540782
540847
541022
541075
541082
541089
541173
541327
541416
541530
541606
541720
541727
541863
541910
542200
542202
542369
542458
542527
542547
542566
542691
542723
542771
542800
542874
542989
543061
543131
543224
543238
543586
543611
543880
543903
543935
543985
544055
544066
544074
544088
544165
544234
544314
544477
544813
544915
544924
545076
545149
545180
545225
545582
545849
545903
545959
546002
546051
546081
546176
546242
546270
546320
546404
546553
546600
546682
546876
546890
546938
547110
547151
547153
547233
547609
547622
547903
548169
548439
548476
548490
548490
548576
548589
548643
548902
549086
549107
549158
549258
549385
549437
549440
549555
549577
549605
549613
549642
549667
549685
549702
549767
549844
550102
550110
550130
550138
550259
550364
550394
550399
550415
550426
550456
550576
550588
550640
550726
550737
550861
550976
550990
550996
550999
551141
551175
551256
551295
551318
551363
551398
551546
551553
551608
551663
551726
551781
551810
551863
551932
552047
552124
552334
552395
552550
552562
552936
553256
553371
553378
553379
553547
553571
553625
553653
553781
554057
554059
554105
554159
554232
554286
554315
554834
554841
555090
555102
555306
555376
555438
555469
555594
555630
555735
555765
555790
556102
556110
556224
556232
556511
556544
556572
557030
557030
557133
557196
557263
557367
557512
557565
557596
557609
557712
557794
557795
557799
557832
557856
557859
557886
557918
557919
558064
558473
558539
558757
558812
558941
559075
559079
559161
559231
559333
559483
559510
559536
559538
559649
559925
559972
560082
560255
560299
561146
561247
561331
561425
561426
561426
561439
561547
561647
561693
561769
561855
561874
561919
561956
562011
562223
562273
562329
562366
562393
562462
562764
562944
562963
563042
563052
563098
563129
563470
563695
563769
563786
563969
564001
564042
564117
564150
564156
564450
564515
564589
564618
564674
564909
565021
565103
565357
565386
565413
565514
565576
565585
565622
565856
566089
566100
566228
566268
566347
566540
566715
566868
566914
566927
566930
566996
566999
567113
567172
567196
567297
567334
567447
567454
567486
567587
567699
567792
567943
568026
568083
568099
568128
568193
568243
568243
568261
568279
568292
568555
568560
568622
568699
568792
568840
568982
569327
569339
569444
569508
569567
569805
569840
570054
570071
570320
570394
570501
570533
570533
570732
570831
570866
570887
570913
571333
571353
571493
571510
571522
571536
571749
571783
571819
571836
571899
571908
572021
572063
572498
572557
572561
572574
572615
572623
572719
572746
572816
572853
572948
572969
573063
573091
573422
573478
573567
573886
573989
574117
574167
574366
574473
574521
574624
574655
574707
574741
574918
575192
575333
575336
575384
575524
575814
575843
576002
576441
576750
576765
576998
577017
577115
577261
577285
577297
577454
577550
577886
578198
578247
578247
578287
578297
578307
578398
578555
579062
579064
579090
579526
579558
579650
579860
579992
580168
580207
580251
580252
580262
580344
580435
580484
580556
580558
580660
580707
580807
580840
581012
581338
581807
582026
582074
582158
582170
582206
582396
582405
582566
582578
582672
583153
583182
583239
583401
583457
583468
583532
583722
583794
584033
584052
584091
584189
584258
584263
584420
584621
584814
584858
584873
584989
584998
585081
585292
585309
585430
585452
585705
585778
585813
585873
585898
585954
586044
586048
586155
586265
586329
586344
586644
586749
587103
587139
587237
587265
587417
587457
587787
587920
588388
588427
588482
588550
588710
588779
588780
588905
589057
589090
589150
589290
589291
589292
589343
589374
589531
589582
589800
589951
590026
590112
590124
590148
590201
590347
590376
590578
590775
590968
591013
591044
591281
591302
591338
591351
591379
591462
591715
592005
592183
592397
592398
592754
593196
593222
593238
593263
593350
593405
593531
593537
593621
593672
593791
593841
593859
593870
593893
594083
594187
594431
594584
594623
594649
594656
594740
594800
594825
594842
594901
595018
595031
595325
595333
595335
595356
595452
595546
595770
595792
595900
596145
596235
596279
596358
596459
596531
596665
597064
597065
597069
597135
597172
597299
597439
597683
597863
597905
598045
598221
598235
598316
598379
598460
598558
598750
598814
598879
598898
598936
599322
599479
599580
599849
599875
600083
600151
600163
600200
600207
600212
600451
600742
600915
600943
601076
601122
601189
601224
601284
601423
601438
601534
601549
601676
601706
601844
601984
602184
602300
602420
602522
602702
603064
603209
603210
603268
603273
603308
603343
603354
603392
603414
603458
603564
603610
604047
604260
604421
604513
604571
604573
604607
604802
604839
604884
605239
605272
605294
605443
605457
605692
606005
606052
606058
606070
606195
606597
606605
606714
606759
607108
607123
607126
607201
607270
607360
607471
607493
607607
607610
607690
607695
607697
608150
608226
608378
608483
608499
608510
608578
608618
608757
608902
608922
608973
608976
609065
609294
609395
609520
609765
609827
610090
610201
610304
610352
610399
610544
610549
610603
610796
610820
610871
610978
611038
611176
611396
612054
612065
612075
612196
612265
612372
612383
612602
612657
612851
612962
613047
613220
613344
613428
613446
613449
613567
613574
613888
614043
614076
614264
614577
614597
614782
614809
614924
614965
614989
615298
615325
615367
615428
615594
615790
615858
615991
616289
616431
616483
616695
616809
616812
617091
617232
617311
617348
617711
617725
617844
618212
618226
618247
618303
618442
618468
618471
618738
618779
618789
618811
618814
618817
619047
619128
619272
619805
619827
619849
619852
619864
620042
620079
620128
620151
620175
620425
620492
620511
620561
620602
620625
620714
620831
621052
621087
621117
621318
621369
621370
621397
621543
621577
621671
621741
621747
621840
621967
621975
621985
622111
622195
622226
622333
622565
622600
622831
622897
622970
623007
623127
623249
623483
623647
623675
623680
623732
623754
623921
624006
624174
624419
624469
624551
624576
624753
624909
624993
625057
625098
625101
625156
625186
625312
625427
625485
625561
625568
625734
625803
625818
625910
625924
625970
626336
626364
626378
626478
626696
626736
626806
627071
627105
627231
627442
627561
627717
627806
628109
628150
628293
628455
628559
628627
629082
629276
629334
629364
629843
629905
629915
630208
630226
630237
630387
630424
630824
630839
630917
630962
630984
630987
630995
631042
631205
631221
631261
631287
631562
631589
631668
631690
631756
631843
631879
631890
631917
632006
632008
632020
632091
632337
632431
632480
632520
632857
632887
632919
632921
632990
633132
633403
633416
633478
633519
633572
633913
633963
634119
634203
634215
634263
634272
634330
634452
634519
634525
634531
634679
634773
634893
634937
634951
634990
635043
635050
635158
635186
635237
635245
635289
635322
635335
635552
635716
635776
635837
635880
635948
635999
636094
636114
636299
636596
636624
636736
636760
636971
637035
637142
637200
637210
637213
637289
637380
637457
637702
637822
637844
638055
638306
638307
638353
638390
638563
638592
638600
638676
638770
638842
638941
639089
639157
639220
639285
639389
639454
639618
639945
640052
640134
640380
640427
640483
640574
640681
640681
640696
640723
640742
640799
640880
641018
641171
641345
641441
641686
641693
641703
641718
641774
641808
641914
641943
642011
642036
642073
642166
642256
642267
642587
642781
642906
643001
643068
643100
643162
643313
643344
643503
643576
643675
643785
643866
643875
643898
643913
644325
644355
644387
644415
644438
644494
644520
644634
644738
644991
644992
645121
645152
645206
645324
645331
645536
645596
645613
645710
645787
646085
646126
646349
646587
646699
646797
646881
646921
647101
647338
647347
647421
647437
647450
647810
647895
647940
648384
648526
648557
648596
648741
649026
649049
649202
649411
649568
649576
649640
649723
649776
649860
649904
650018
650238
650284
650324
650647
650751
650762
650867
650939
651029
651245
651482
651504
651706
651731
651787
651826
651883
651891
651928
652332
652334
652426
652517
652541
652611
653045
653049
653161
653169
653183
653344
653347
653648
653815
653854
653902
653915
654044
654137
654163
654176
654228
654320
654433
654460
654460
654534
654560
654673
654684
654844
654867
654891
654912
654946
654966
655031
655060
655205
655289
655343
655445
655530
655740
655975
656035
656134
656176
656221
656228
656246
656484
656523
656614
656864
656949
657128
657506
657574
657655
657659
657666
657712
657754
657772
657789
658011
658028
658028
658434
658471
658501
658598
658602
658678
658715
658750
658779
658929
658948
658964
659031
659473
659573
659744
659782
659875
659932
659967
660097
660107
660195
660433
660513
660596
660644
660818
660848
660854
661010
661024
661195
661330
661399
661534
661542
661834
662037
662429
662462
662541
662698
662734
662750
662966
663210
663262
663422
663461
663467
663486
663639
663673
663854
663931
664080
664415
664474
664586
664593
664608
664611
664641
664662
664772
664812
665015
665056
665238
665323
665345
665492
665688
665738
665750
665980
665980
666089
666098
666366
666389
666414
666424
666447
666583
666783
666822
666823
666851
667068
667131
667174
667286
667655
667669
667677
667680
667778
667813
667816
668209
668284
668421
668560
668696
668701
668726
668861
668875
669205
669381
669664
669726
669805
669806
670080
670239
670261
670264
670327
670632
670738
670768
670877
670917
671221
671448
672115
672209
672233
672250
672261
672476
672521
672551
672820
672823
672939
672993
673066
673119
673343
673563
673640
673695
673798
673803
674008
674023
674074
674337
674419
674441
674492
674542
674845
674972
675058
675086
675120
675129
675143
675364
675443
675466
675531
675592
675643
675665
675942
676074
676108
676110
676142
676250
676276
676337
676497
676518
676607
676745
676778
676844
677050
677111
677146
677229
677455
677543
677684
677792
677950
677999
678043
678170
678178
678185
678270
678455
678704
678765
678904
678938
679053
679262
679557
679819
679870
679977
680009
680109
680136
680369
680498
680522
680561
680636
680654
680733
680755
680895
680999
681031
681093
681159
681320
681384
681386
681436
681485
681582
681593
681608
681734
682090
682301
682362
682477
682525
682709
682804
682826
683156
683249
683254
683312
683323
683379
683384
683474
683516
683524
683646
683837
683841
683988
684147
684387
684435
684534
684638
684652
684808
684915
685144
685280
685360
685432
685558
685733
685744
685892
686105
686427
686566
686765
686799
686858
686994
687177
687201
687366
687538
687676
687772
687792
687859
687969
688114
688202
688399
688418
688616
688628
688695
688703
688832
689287
689367
689484
689498
689851
689975
690291
690291
690339
690349
690556
690570
690650
690852
691077
691252
691349
691397
691446
691619
691733
691758
691925
691927
692043
692127
692254
692484
692510
692837
692979
693032
693074
693198
693250
693293
693331
693488
693505
693732
693862
693876
693899
693909
693984
694150
694241
694384
694629
694641
694685
694814
694814
694886
695011
695039
695072
695177
695179
695183
695321
695386
695541
695543
695582
695585
695611
695729
695781
695800
695805
695814
695883
695885
696030
696049
696089
696117
696143
696293
696497
696544
696596
696682
696851
696867
696980
697055
697068
697083
697185
697328
697347
697381
697513
697646
697824
697964
698175
698397
698398
698423
698815
698892
699097
699131
699169
699436
699442
699682
699702
699829
699877
699914
699919
700356
700469
700690
700691
700697
700827
700855
700952
701008
701045
701061
701068
701138
701228
701287
701309
701409
701504
701560
701595
701719
701754
701831
701914
702024
702038
702072
702166
702266
702486
702587
702731
702752
702807
703082
703255
703274
703292
703314
703424
703463
703642
703670
703679
703715
703822
703867
703977
703996
704140
704196
704438
704498
704511
704532
704594
704602
704652
704670
704903
704960
704981
705064
705071
705340
705353
705519
705550
705718
705808
706045
706112
706185
706195
706395
706455
706477
706693
706730
706752
706863
707108
707110
707595
707661
707666
707722
707832
707883
707962
708060
708123
708136
708167
708237
708274
708287
708351
708352
708451
708622
708745
708834
709096
709243
709429
709503
709604
709654
709661
709704
709725
709869
709949
710019
710035
710057
710082
710173
710208
710253
710254
710457
710507
710559
710641
710814
710914
711037
711105
711312
711621
711863
711915
711973
712000
712002
712245
712316
712540
712580
712640
712663
712675
712799
712856
712901
712924
712981
712997
713138
713139
713313
713365
713488
713700
713912
713947
714038
714038
714057
714124
714226
714328
714343
714394
714432
714469
714540
714559
714579
714662
714806
714839
714846
714966
714990
715141
715247
715319
715544
715605
715796
715837
715879
715964
715999
716005
716282
716453
716526
716823
717051
717212
717218
717253
717279
717371
717579
717663
717791
717808
718411
718817
718867
718921
719024
719063
719156
719320
719321
719460
719516
719684
719748
719778
719888
719894
719916
719925
719966
719969
720251
720319
720355
720385
720475
720606
720625
720726
720768
720842
721108
721251
721373
721409
721539
721543
721563
721584
721692
721774
721874
721961
722127
722404
722625
722642
722692
722784
722882
722984
723040
723287
723508
723610
723713
723718
723742
723830
723841
723925
723939
723954
723965
724014
724058
724248
724307
724343
724347
724481
724496
725038
725203
725295
725497
725721
725854
725919
726024
726264
726395
726407
726446
726558
726603
726624
726628
726707
726758
726800
727005
727007
727016
727024
727125
727168
727258
727268
727318
727359
727493
727522
727744
727968
728212
728338
728378
728399
728464
728484
728505
728506
728551
728561
728907
729020
729093
729216
729294
729345
729363
729492
729507
729574
729695
729758
729867
730190
730259
730263
730354
730364
730774
730776
730795
730991
731035
731060
731070
731128
731138
731144
731158
731391
731476
731481
731514
731598
731613
731763
731778
731963
732035
732185
732240
732271
732381
732657
732877
732944
733123
733214
733241
733243
733294
733383
733643
733777
733990
734323
734391
734559
734580
734720
734786
734788
734998
735029
735089
735127
735170
735210
735247
735410
735697
735772
735799
735803
735892
735898
736090
736180
736198
736379
736401
736440
736580
736601
736789
736812
736825
736827
736877
736967
737255
737274
737314
737460
737594
737702
737878
737964
738072
738125
738266
738384
738580
738871
738885
738922
738969
738983
739024
739071
739197
739316
739324
739494
739570
739726
739728
739758
739792
739824
739854
739863
739932
740184
740256
740342
740470
740634
740929
741019
741060
741154
741168
741304
741593
741612
741842
741848
741997
742015
742031
742081
742276
742393
742464
742635
742921
742936
742953
742992
743007
743065
743208
743270
743281
743412
743518
743537
743579
743589
743701
743795
744086
744178
744203
744312
744320
744341
744535
744597
744692
744905
745215
745251
745367
745414
745537
745552
745664
745677
745732
745733
745846
745953
745972
746047
746070
746127
746151
746215
746243
746244
746250
746496
746607
746770
746812
746901
746960
746991
747094
747336
747380
747461
747467
747521
747972
747999
748239
748382
748509
748540
748619
748624
748684
748748
748807
748819
748860
748983
749027
749073
749090
749148
749606
749791
750463
750586
750672
750968
751079
751252
751319
751536
751553
751704
751767
751871
752045
752157
752178
752235
752280
752408
752892
752901
752910
752928
753002
753011
753094
753187
753204
753258
753303
753512
753657
753720
753950
754049
754214
754286
754323
754326
754350
754364
754589
754781
754795
754847
754854
754865
754895
754901
754956
754972
755023
755047
755519
755658
755781
755825
755952
755958
756132
756275
756301
756302
756666
756715
756803
756910
756934
757161
757177
757271
757331
757357
757855
757872
757920
758181
758194
758359
758464
758614
758662
758677
758706
758806
758852
758903
759281
759319
759340
759393
759439
759973
759977
760131
760278
760375
760414
760608
760755
760924
760983
761037
761040
761055
761106
761368
761377
761426
761471
761736
761880
762078
762200
762214
762603
762771
762782
762846
762981
763079
763252
763291
763296
763308
763311
763394
763491
763502
763583
763709
763758
763773
763780
763910
763934
764032
764032
764081
764097
764292
764505
764567
764755
764766
764841
765054
765142
765315
765328
765368
765379
765383
765475
765614
765761
765787
765803
765859
765868
765881
766007
766035
766300
766318
766376
766400
766406
766414
766606
766663
766679
766739
766783
766844
766870
767117
767337
767353
767395
767567
767931
768179
768183
768323
768354
768592
768665
768784
768822
768900
768917
769066
769177
769387
769551
769554
769657
769713
769734
769909
770088
770259
770295
770441
770547
770624
770842
771039
771060
771148
771313
771389
771518
771571
771571
771691
771772
771907
771967
771981
772218
772230
772341
772433
772504
772653
772677
772720
772831
773130
773308
773427
773428
773432
773495
773626
773760
773827
773829
774101
774257
774264
774481
774684
774721
774772
775241
775269
775446
775479
775566
775602
775606
775638
775738
775743
775807
775962
775993
776130
776394
776404
776527
776617
776664
776691
776698
776727
776754
776888
776993
777023
777040
777048
777172
777279
777516
777942
778024
778235
778362
778530
778599
778615
778634
778789
779067
779106
779415
779533
779690
779731
779813
779989
780221
780614
780828
780915
780987
781018
781043
781112
781114
781211
781213
781230
781443
781447
781504
781668
781675
781732
781846
782083
782182
782223
782430
782529
782602
782642
782646
782667
782870
783390
783567
783574
783589
783667
783689
783759
783846
783913
783932
784058
784103
784200
784248
784300
784317
784533
784657
784853
785138
785177
785210
785210
785284
785340
785373
785519
785560
785644
785678
785703
785741
785760
785871
785915
785919
786058
786111
786145
786218
786249
786294
786335
786360
786384
786671
786781
786790
786811
787420
787422
787456
787527
787857
787922
788027
788075
788078
788157
788291
788298
788579
788784
788982
789064
789087
789126
789138
789274
789322
789498
789836
790218
790231
790309
790362
790394
790552
790994
791071
791204
791208
791238
791296
791323
791420
791520
791564
791616
791705
791827
791848
791850
791890
791983
792238
792268
792363
792373
792404
792493
792687
792870
792979
793050
793165
793268
793383
793517
793532
793556
793743
793826
793872
793974
793976
793986
794071
794096
794234
794386
794515
794662
794752
794921
794936
795036
795199
795346
795542
795577
795850
796013
796021
796040
796207
796410
796424
796490
796712
796752
796764
797204
797250
797281
797421
797460
797602
797608
797647
798179
798277
798278
798293
798382
798599
798665
798703
798793
798820
799037
799124
799175
799432
799623
799699
799858
799997
800390
800408
800497
800527
800614
800656
800792
800813
800895
801180
801276
801451
801514
801862
802016
802099
802139
802436
802466
802476
802598
802833
802834
803108
803143
803172
803244
803249
803318
803332
803554
803632
803634
803718
803897
803920
804162
804248
804291
804351
804361
804396
804624
804652
804763
804810
804847
804879
805021
805051
805188
805253
805335
805465
805652
805694
805874
805971
806032
806035
806460
806573
806741
806928
807036
807139
807227
807333
807351
807552
807588
807627
807676
807820
808178
808217
808418
808669
808765
808801
808811
809138
809151
809499
809705
809711
809756
809794
810011
810052
810059
810092
810098
810101
810178
810228
810262
810277
810469
810606
810612
810731
810799
810838
810968
811078
811127
811185
811353
811418
811514
811796
812048
812058
812137
812153
812230
812517
812674
812787
812910
812922
813002
813025
813223
813254
813259
813440
813682
813713
813714
813783
813844
813909
814150
814156
814205
814291
814437
814448
814499
814525
814540
814685
814746
814830
814840
814911
814954
815056
815071
815103
815441
815443
815669
815762
815781
816158
816204
816424
816518
816546
816549
816562
816908
817000
817003
817022
817499
817537
817581
817583
817646
817684
817858
817878
817898
818091
818122
818190
818203
818216
818283
818482
818560
818565
818973
819323
819462
819670
819753
819767
820143
820169
820208
820211
820443
820633
820672
820678
820823
820907
821221
821327
821399
821513
821640
821654
821716
821791
821964
822011
822132
822285
822348
822352
822463
822539
822644
822680
822809
822837
823123
823131
823209
823489
823571
823757
823778
823954
823961
824167
824199
824236
824301
824364
824461
824484
824517
824531
824780
824801
824883
824978
825055
825205
825258
825340
825718
825861
825882
825908
826021
826199
826237
826283
826364
826372
826378
826404
826493
826515
826643
826806
826818
826871
826896
826898
826898
826910
826920
826944
826970
827056
827111
827209
827225
827236
827355
827525
827578
827615
827656
827705
827726
828022
828082
828556
828585
828650
828670
828758
829335
829787
829851
830038
830426
830615
830778
831350
831529
831537
831580
831661
831949
831985
832202
832309
832389
832417
832418
832488
832497
832569
832615
832662
832728
832799
832875
832951
833118
833126
833167
833350
833564
834075
834187
834359
834376
834381
834394
834584
834615
834643
834845
835011
835041
835048
835267
835631
835649
835816
835823
835852
835902
836034
836156
836158
836360
836550
836568
836570
836646
836838
836909
837345
837839
837927
838115
838187
838268
838346
838466
838474
838592
838705
838709
838829
838898
838955
838956
838973
839158
839239
839502
839530
839615
839653
839654
839779
840040
840094
840134
840211
840337
840395
840462
840788
840813
840856
841101
841284
841305
841402
841456
841496
842087
842249
842497
842665
842670
842744
842765
842795
843009
843064
843204
843400
843478
843538
843547
843579
843613
843732
843768
843769
843770
843797
843837
843927
844043
844093
844390
844443
844648
844713
844793
844916
844961
845030
845234
845274
845418
845444
845524
845532
845687
845755
845775
845828
845847
845940
846016
846045
846059
846288
846332
846418
846425
846443
846540
846541
846779
847020
847196
847308
847345
847415
847626
847930
848090
848320
848388
848409
848606
848759
848784
848790
848826
848921
848994
849081
849120
849282
849397
849500
849753
849786
850024
850038
850466
850534
850607
850648
851111
851178
851182
851503
851549
851606
851649
851995
851997
852161
852246
852291
852403
852587
852618
852725
852759
852805
852814
852890
852998
853068
853251
853254
853374
853519
853647
853709
854094
854141
854296
854298
854474
854482
854531
854630
854892
854909
854975
855187
855321
855733
855780
855862
855899
855923
856162
856325
856632
856640
856818
856905
857130
857372
857617
857689
857695
857993
858120
858124
858224
858237
858258
858259
858593
858659
858806
858816
859015
859050
859097
859106
859288
859442
859676
859833
859880
860283
860560
860567
860596
860608
860764
861003
861424
861496
861554
861710
861821
861847
862160
862166
862187
862216
862270
862276
862279
862301
862353
862452
862540
862540
862550
862553
862630
862710
862752
862790
862864
863043
863085
863111
863117
863180
863237
863423
863507
863546
863652
863707
863718
864070
864194
864223
864278
864320
864343
864577
864799
864857
865239
865297
865387
865490
865583
865600
865636
865709
866017
866218
866295
866411
866631
866787
866961
867025
867301
867310
867314
867463
867493
867548
867584
867594
867666
867724
867792
867823
867850
867951
868199
868259
868377
868409
868461
868602
868909
868985
869123
869289
869351
869417
869421
869516
869527
869694
869722
870294
870376
870378
870523
870727
870776
870994
871173
871177
871444
871623
871648
871678
871706
871714
871736
871798
871926
872201
872204
872342
872346
872389
872524
872653
872770
872911
873355
873388
873461
873827
873849
873861
873984
874014
874091
874205
874244
874255
874277
874371
874430
874471
874612
874731
875206
875246
875495
875671
875710
875736
875838
876211
876226
876341
876376
876386
876417
876418
876458
876459
876540
876706
876949
877080
877125
877182
877375
877795
877808
877882
878001
878052
878086
878463
878556
878571
878855
878868
878920
879046
879273
879321
879652
879701
879764
879804
879825
879924
880053
880060
880238
880249
880320
880565
880626
880677
880803
880861
880928
881149
881154
881221
881414
881473
881637
881741
881824
882031
882064
882147
882148
882272
882370
882408
882541
882601
882782
882824
882893
882952
882958
882959
883009
883240
883309
883447
883490
883657
883972
884231
884424
884438
884567
884652
884677
884689
884745
884797
884818
884837
884872
884899
884939
885097
885131
885153
885366
885371
885511
885540
885638
885661
886042
886112
886199
886573
886679
886949
887125
887219
887286
887470
887548
887555
887588
887641
887688
887693
887721
887723
887986
888071
888129
888134
888148
888181
888262
888310
888405
888413
888422
888424
888454
888606
888721
888967
889058
889069
889089
889121
889221
889329
889367
889533
889535
889709
889752
889777
889802
889834
890017
890045
890081
890091
890152
890185
890485
890590
890613
890652
890688
890703
890747
890849
890902
891019
891094
891098
891150
891181
891333
891421
891454
892090
892098
892154
892209
892300
892393
892547
892722
892779
892800
893055
893179
893228
893323
893366
893481
893512
893538
893560
893798
894014
894081
894087
894164
894466
894578
894650
894709
894816
895168
895262
895268
895285
895366
895385
895470
895556
895822
896050
896095
896255
896409
896567
896663
896746
896795
896897
897129
897271
897275
897300
897402
897438
897559
897703
897706
897858
897891
898248
898261
898301
898306
898488
898525
898718
898846
899027
899278
899280
899283
899321
899337
899509
899546
899788
899789
900032
900073
900074
900219
900361
900441
900448
900658
901037
901102
901158
901207
901252
901274
901357
901442
901455
901499
901518
901539
901614
901642
901782
901791
901859
901868
901930
902142
902158
902407
902472
902484
902486
902530
902708
902784
903209
903406
903546
903623
903716
903719
903724
903773
903982
904035
904138
904370
904389
904590
904631
904632
904949
905003
905040
905417
905472
905540
905587
905774
905777
905784
905799
905829
905988
906107
906212
906263
906454
906640
906693
906748
906896
906991
907087
907130
907376
907583
907657
907732
907832
907904
907957
908037
908091
908093
908155
908255
908547
908981
908998
909190
909281
909378
909567
909814
909969
910028
910056
910096
910098
910135
910135
910198
910356
910392
910501
910538
910563
910646
911021
911096
911124
911181
911263
911353
911414
911572
911723
911752
912001
912014
912048
912049
912100
912112
912215
912301
912346
912605
912623
912720
912989
913006
913115
913116
913154
913191
913611
913768
914014
914018
914045
914107
914182
914191
914225
914327
914497
914702
914832
914996
915035
915603
915645
915771
915778
915785
915882
915905
915908
916078
916186
916200
916278
916478
916513
916534
916635
916807
916888
916944
917074
917082
917099
917138
917207
917321
917387
917403
917404
917439
917510
917565
917625
917661
917721
918112
918149
918152
918235
918258
918438
918510
918602
918611
918725
918839
919077
919331
919455
919521
919564
919627
919798
919837
919878
919899
919972
920105
920194
920384
920610
920732
920760
920853
921098
921413
921500
921526
921526
921577
921745
921763
921825
921913
922018
922039
922136
922146
922271
922276
922281
922281
922439
922668
922670
922793
922862
923010
923147
923331
923371
923417
923497
923699
923760
923777
923986
924177
924213
924216
924251
924265
924317
924346
924346
924470
924481
924498
924515
924546
924623
924625
924721
924867
924927
925159
925388
925497
925515
925921
925937
925951
926004
926041
926048
926053
926170
926204
926217
926222
926268
926440
926476
926503
926531
926593
926601
926652
927133
927257
927329
927345
927471
927613
927618
927665
927847
927906
927908
928070
928297
928500
928731
928781
928858
929083
929110
929222
929306
929350
929532
929570
929574
929575
929697
929812
929951
930153
930181
930246
930549
930751
930771
931023
931051
931065
931070
931083
931151
931152
931239
931339
931523
931586
931707
931837
931844
932076
932136
932216
932275
932452
932496
932530
932547
932583
932624
932670
932683
932697
932830
933022
933460
933476
933624
933627
933724
933863
933974
934262
934446
934496
934508
934647
934766
934783
934837
935015
935043
935108
935224
935322
935430
935507
935583
935596
935597
935926
935938
935991
936068
936070
936100
936125
936380
936384
936728
936822
936829
936866
936910
936972
937161
937208
937217
937259
937267
937286
937338
937389
937398
937639
937847
937864
937893
938019
938037
938086
938234
938267
938419
938438
938469
938528
938538
938725
938736
939096
939266
939545
939735
939791
939853
939998
940039
940164
940188
940221
940236
940266
940273
940357
940385
940599
940606
940618
940633
940645
940781
940823
940884
940982
940986
941045
941067
941189
941268
941378
941484
941790
941837
942026
942033
942033
942236
942251
942402
942692
942774
942779
942866
943041
943060
943096
943108
943152
943225
943441
943477
943679
943716
943826
943854
943881
943882
943925
943949
944034
944034
944367
944377
944412
944432
944511
944528
944598
944669
944919
945115
945248
945306
945510
945689
945777
945837
945877
946036
946134
946148
946188
946235
946320
946328
946333
946410
946422
946466
946513
946654
946829
946832
946849
946859
947088
947186
947250
947253
947601
947736
947738
947797
947841
947900
948173
948198
948284
948433
948522
948568
948708
948717
948831
948969
949135
949195
949346
949382
949390
949658
949670
949798
949864
949892
949950
949959
949968
950058
950060
950290
950378
950391
950417
950467
950472
950490
950746
950845
950860
950860
951058
951286
951312
951339
951384
951602
951630
951641
951667
951933
951974
952018
952030
952122
952250
952296
952328
952371
952376
952407
952454
952512
952669
952771
952871
952926
952965
953032
953293
953443
953730
953769
953772
953836
954002
954048
954330
954362
954452
954474
954475
954535
954595
954687
954762
954934
955006
955075
955166
955194
955230
955249
955368
955419
955554
955652
955797
955815
955842
955998
956311
956421
956428
956454
956511
956582
956738
956783
956896
957343
957373
957579
957606
957682
957693
957772
958044
958224
958315
958508
958517
958575
958605
958841
958861
958940
958945
958951
959102
959255
959269
959595
959672
959793
959805
959898
959937
960010
960069
960127
960337
960374
960428
960447
960709
960867
960967
961016
961105
961286
961704
961716
961799
962059
962061
962154
962455
962466
962627
962646
962691
962743
962961
962972
963176
963254
963407
963459
963511
963663
963685
963839
964067
964132
964509
964542
964685
964744
964762
965098
965112
965301
965359
965574
965578
965667
965689
965724
965822
965830
965990
966164
966219
966280
966324
966366
966621
966873
966888
966955
966963
966968
966991
967007
967179
967285
967387
967407
967442
967548
967671
967676
967853
967907
967916
967963
968027
968030
968054
968149
968164
968284
968626
968681
968738
968885
968941
968984
969026
969137
969199
969340
969649
969659
969878
970015
970022
970125
970167
970917
971038
971086
971186
971303
971318
971553
971703
971719
971872
972003
972016
972081
972112
972286
972358
972453
972484
972634
972770
972892
973013
973020
973802
973848
974061
974126
974212
974261
974284
974293
974506
974574
974892
975005
975092
975342
975669
975678
975725
975752
975786
975833
975971
975994
976043
976102
976236
976370
976456
976616
976686
976729
976765
976899
977318
977442
977455
977568
977792
977846
977902
977969
978010
978107
978266
978291
978314
978328
978329
978379
978415
978496
978507
978555
978804
978992
979038
979050
979118
979175
979202
979316
979359
979919
980000
980257
980269
980287
980448
980524
980606
980607
980908
980992
981057
981116
981169
981198
981257
981438
981460
981565
981647
982035
982221
982418
982586
982652
982711
982887
982892
982971
983019
983086
983313
983323
983382
983398
983454
983460
983597
983608
983639
983716
983869
983949
984037
984061
984125
984218
984224
984451
984546
984686
984692
984694
984709
984783
984863
984971
985040
985209
985419
985432
985571
985661
985768
985816
985923
985997
985998
986337
986414
986509
986561
986673
986796
986837
986970
987227
987316
987375
987404
987424
987513
987620
987718
987819
987848
987863
987893
988129
988161
988168
988302
988310
988685
988835
988842
988876
988907
988933
988945
989157
989160
989169
989240
989241
989267
989391
989887
989907
989915
989960
989991
990034
990054
990178
990442
990577
990627
990663
990702
990749
990905
991038
991142
991252
991302
991348
991353
991391
991408
991471
991499
991504
991543
991825
991841
992123
992222
992253
992361
992382
992543
992553
992637
992764
992895
992910
993330
993357
993361
993372
993386
993407
993491
993751
993798
993826
993919
994045
994381
994389
994450
994542
994589
994633
994641
994653
994678
994721
995042
995161
995596
995666
995720
995780
995812
995865
995915
995929
996106
996212
996452
996660
996700
996791
996852
997046
997062
997102
997110
997115
997129
997151
997259
997348
997438
997568
997623
997675
997732
997775
997924
997948
997957
997996
998070
998109
998182
998256
998280
998379
998394
998940
999245
999566
999608
999698
999714
999741
999972
