1000
3925
4427
5433
7496
7684
8196
10476
11127
12236
13129
13205
14374
14864
16415
18906
19767
22439
23895
25001
26201
26785
26946
27382
28296
29761
29795
30411
30898
31301
31608
32838
33795
34100
34627
36505
37008
37424
39121
39521
39887
40469
40765
41269
42100
44352
44615
45832
46537
47571
48660
48931
50116
52529
53336
53739
54339
56212
57800
59980
60761
61632
61676
63444
63685
63762
64419
64721
65311
66979
69922
72866
73540
75204
75684
76953
77131
77327
77428
78186
80137
80233
81007
82129
83551
83747
84066
84768
85089
88777
88904
90823
91277
94027
94227
94618
95144
95595
96040
96415
96419
96774
96829
97843
98365
99502
103227
104608
104751
105508
106566
107440
107698
107947
109993
111471
114246
114468
115165
116527
116922
117198
117242
117618
118527
118726
119683
124135
126534
127988
133048
133277
133488
134964
135528
136776
137391
137925
138469
139966
143560
144778
145074
146463
147041
147925
147980
148428
149666
150655
152530
153297
154473
155411
155801
156666
156755
157268
157285
158179
158309
161853
163032
164172
164257
164383
167008
167766
168721
168884
170634
170774
170948
171599
171932
173960
174757
175209
176982
177173
178039
178515
180449
181685
181909
183184
184600
184709
185251
187246
189412
189905
191572
192073
193929
194033
195572
196090
196332
196739
197297
197448
201361
201648
201651
201900
202228
202650
204165
204441
204984
205357
206025
209629
210188
211762
212391
213226
213732
215022
215151
215683
217206
217689
221889
222262
223903
224211
224282
228078
229836
231554
232498
233408
233816
235084
236374
236391
236619
238550
241483
242455
242645
244167
244424
245193
245656
245948
248259
248387
248458
248543
250401
250853
253505
254189
255255
255559
256975
258936
259405
259526
260177
260196
260537
260547
260661
260865
261185
262416
262880
263554
264009
266953
268348
270492
271359
272300
272496
272996
273488
274723
274935
275108
276977
277465
279146
280828
282015
282051
282625
283229
288964
290238
290857
291217
293878
294794
295353
295933
300194
300752
301262
302227
303267
304062
304736
304950
307691
309620
309757
310443
310547
311686
311860
313607
315580
318355
319594
320037
321108
321494
322227
323667
325008
325992
326737
327025
329034
329597
330538
331357
331909
332450
333451
333662
335175
335700
336082
336778
339448
339605
339745
340203
341074
342063
342871
344548
344690
345197
346555
347176
349652
349884
350339
352168
353481
354675
354961
354980
355535
357572
358415
358670
361747
362311
363131
363532
363771
364148
364611
366658
367706
367758
367788
368932
369577
369964
371101
371614
373299
373710
375925
376353
376551
376941
378351
380415
381366
381374
383295
383455
384323
384854
385001
386336
386745
388769
389911
390011
391891
392256
392434
393103
394133
394405
397240
397435
397507
397595
398510
398516
401533
403442
404938
406971
407452
408424
408699
408862
411796
413906
415165
415725
418251
419938
420491
422759
423027
425093
426813
427329
427772
427916
428113
428437
429570
430931
431027
432122
434927
435102
435120
438845
438905
439503
440531
443405
443507
443684
443983
444823
444880
445887
446513
446620
446911
449801
452112
452267
452418
452546
452964
455321
456434
456643
457556
458011
460439
460589
461247
461254
463486
464111
465160
466185
466647
468423
468524
469467
472686
473667
473740
473839
474991
475198
475997
476362
476529
480058
481309
481861
481880
481936
482328
482506
484891
485224
485315
485896
488758
488831
490148
490848
493299
493423
493606
495907
496420
496730
498527
499030
499360
499437
499945
501040
501328
502347
503966
504902
505796
507337
508114
508581
509487
509797
510262
511906
512041
513315
513620
513958
514856
515526
515870
518778
519210
519825
522169
522787
522877
523608
525564
526534
526644
527066
528369
530650
534456
534947
535448
535545
535548
535787
536147
538152
539198
539519
541264
541323
541896
545267
546226
547928
548050
548309
549173
551013
551108
551540
552956
556274
556342
556641
557252
558475
559907
560648
561070
561123
562492
564148
564154
564494
566604
566658
570311
574919
575148
575423
577604
579135
579912
581068
583595
586631
586680
586894
587790
593015
593225
593250
596143
596254
597039
598309
598566
599282
599324
600089
601535
603390
605201
605988
606948
607162
608363
608398
610592
610625
611452
612219
613162
613530
613594
613816
613989
615266
616941
617972
619791
622667
623358
624155
625009
626828
626946
627470
628823
629277
629825
629944
631068
631570
632165
633097
638028
638404
638599
641488
641760
642235
642877
644636
645648
647515
647569
647993
649566
650299
653707
654908
655380
655691
655834
656506
657014
657664
658773
658880
660492
660899
664732
668233
668424
670319
673957
673973
674367
674403
675004
675772
675964
676330
680272
680598
681178
683131
683549
684116
684396
687198
687580
688629
689950
690809
691215
691549
691575
692617
693124
693918
695272
696289
697867
699285
700843
700991
702664
702804
704928
706389
707022
707364
708229
708340
710545
710771
712500
713929
714447
714711
716312
717725
717849
719100
719697
719725
721090
723278
723485
723742
725891
726251
728491
729330
729515
730247
730860
732166
733158
733579
734388
735400
735465
738440
738685
739394
739400
742261
743273
743582
744416
746894
747147
747219
747538
747708
750959
751003
752331
754138
754896
755909
756040
757293
759007
759611
760094
760882
761847
762741
762784
763206
763489
763545
765751
766431
766951
768290
768754
768760
771795
772182
774712
774814
774856
774888
775621
776027
777123
778655
779189
779523
780876
782366
783471
789910
790168
790587
790927
791630
791849
792528
792766
793428
794601
794921
795164
795466
795608
797583
797698
798179
798419
799260
799466
799579
799666
800097
801136
802786
803716
804237
806676
807113
808344
810415
810744
811593
813619
813845
814559
814788
814872
816438
817574
819508
820403
820565
821489
821917
823341
826442
829830
831123
832149
832397
833074
834593
835098
835460
837882
838726
840922
841726
843060
843855
844531
845303
847176
847267
847345
848281
848824
849566
849828
850834
851433
851708
851884
852319
852820
853226
853754
854154
855299
856138
856521
857983
864119
865854
867501
867731
867760
867797
869215
875687
876891
877763
878412
880567
880750
880958
882593
882789
883415
883426
886879
886913
888836
888873
890076
890631
890966
892435
893184
893761
897007
897196
897345
897559
898092
898698
899895
904269
905580
906113
906342
907064
907181
908279
912538
917000
917826
917949
919371
920400
921964
922142
923726
923950
926360
928598
928997
930042
930898
932427
932722
934253
936742
936965
938211
938895
939572
940317
942492
942647
943058
943247
943993
944179
945756
947459
948135
949276
956111
956689
958984
959084
960529
960947
961488
961997
962589
963122
963841
967109
970601
970939
971092
971402
972425
972682
972897
974205
974536
974555
974979
976721
979817
982965
983539
983851
984207
985036
985388
986415
987008
987910
988274
988643
989426
990194
991146
991610
993257
993567
994894
997085
998369
