1000
999660
999499
999069
998205
997924
997590
997464
995965
992987
991075
989402
988400
988122
987930
987591
986514
984686
984521
984500
984012
983511
983091
982756
982609
981709
981219
980406
979788
978612
978137
975904
975193
975139
971201
970754
970728
969954
969779
969062
968677
968658
968599
968399
967793
967765
967604
963441
962742
958322
956128
955934
955812
954854
953185
952373
951710
951159
951099
951010
949731
948982
946703
946672
945962
945837
945005
944687
942238
940426
939436
939425
938795
935314
934728
933303
932254
931693
929730
929554
929493
927470
927203
926103
925274
925133
924050
923447
923343
922373
922283
920508
919237
918847
917654
917089
916085
915811
915073
912388
910537
910277
908922
908442
907648
906082
906060
902748
902595
902275
902087
899857
899052
898819
898760
897800
897720
897316
896364
893601
893538
892202
891750
891595
890700
889507
886524
885526
883845
883522
882188
879658
879394
879355
878577
877752
877514
872368
871735
869461
868914
868278
867970
867872
867860
866986
866736
864939
864843
864772
864542
861962
861432
860948
860194
859774
859001
858455
857522
856905
856110
855845
854590
854569
852766
852594
851152
850004
849933
848576
847690
846728
846606
845768
845366
843850
843204
843031
842798
840614
840389
838332
836688
834677
833681
829596
827812
827804
827051
826214
823879
823429
820866
819023
818910
817855
814213
813863
813038
811905
810424
810421
810349
810208
808871
806857
806272
804667
802519
802221
802178
801961
801532
798918
796464
796295
794662
793794
793667
793662
793514
790329
789981
789529
789304
789224
786988
786854
785916
785634
785320
784110
782091
781612
781576
781515
779757
779128
779084
778653
777598
775722
773520
773503
772976
772054
770296
767399
766777
763270
763193
762472
762089
761238
761165
760898
758759
756753
756621
755073
749665
749503
749089
748633
747576
746996
745721
745345
744004
743048
742434
742303
740694
740667
739365
738678
738479
736382
736276
734754
732199
730412
726112
725040
724618
723695
722918
722799
722755
722522
721071
720880
720280
717295
716475
715602
715142
713734
713163
712400
711595
711013
709019
706844
706826
705781
703557
701501
700404
699716
699148
699088
698547
695902
695273
694235
692843
691405
691098
690287
689896
688299
688246
687800
687395
686768
686454
686013
683535
683213
682567
680830
680255
679404
679042
679035
677190
676713
676317
675167
675029
674609
673909
671177
667533
666817
665447
664710
663439
663044
662742
660444
659514
657272
656430
655788
655659
654691
654602
652525
651349
649197
648248
647971
647299
647081
646845
645744
644629
644588
644264
643362
643015
642879
642600
642377
640966
640943
637878
635973
635804
634308
634001
632639
631019
629114
627508
626810
625753
624452
622982
622277
621316
621198
620363
618754
616294
616245
615701
615429
615149
610645
607216
605284
605249
604605
603887
603576
603122
602711
602582
602535
602348
601313
598114
595923
595464
594568
593642
592979
592260
591411
587905
587888
586769
586418
586188
584106
580161
578935
576874
574427
572237
568498
567177
566055
565030
564748
564302
564044
561471
561392
560902
559358
559015
558504
558343
557842
556468
555725
555567
554670
553928
549306
549077
547772
546033
544052
542400
542250
542052
541813
541203
541176
541039
540963
539927
538956
536289
533869
532258
531736
529924
529296
528957
527954
527417
527211
526872
525831
525309
525283
524629
523636
521999
521550
521416
521100
520772
520135
519062
518308
517249
517180
515052
513079
512003
511367
511206
510044
508664
508174
507496
506927
501549
501179
499027
497859
496606
494572
493025
492236
491694
491336
490664
489514
486772
483551
482905
482777
482185
480085
479246
478917
477997
477947
477014
473135
470669
469962
467316
466737
466721
465591
464989
464953
464844
463757
462973
462409
462141
461479
461227
460999
455215
452240
452215
450971
450764
449830
449511
448084
446463
445332
445016
443096
441807
440000
439877
439550
438165
437919
435874
435645
434458
433499
431842
431066
430715
430167
427851
427447
426738
426496
425318
425069
424690
423380
422231
421405
420491
419629
418475
418081
416780
415943
415457
415410
414719
411237
410861
409271
408753
407029
406102
405764
404918
403900
403734
402522
399072
398960
397876
396514
395238
393287
391277
389919
389262
387682
387380
386233
385455
384599
384192
382978
382851
381981
381660
380914
379013
377986
377715
376984
375588
375423
374014
373719
373326
368717
368570
367939
367606
366779
366612
366117
364295
363949
363017
362113
361410
361115
361020
360246
359615
359580
359251
358786
358064
357408
357397
357155
355936
354965
354454
353232
352278
350608
348617
348225
347303
347038
346406
345054
344680
343407
340158
337425
336537
335887
334013
332627
330879
327621
325589
324936
323802
321483
319827
317593
317362
316859
315583
315258
312112
311873
311556
310383
309781
309328
309152
308174
307529
306602
306390
306344
306162
305926
305563
303763
303099
302426
299039
294507
294199
293718
292522
290191
290011
289987
288132
287345
286578
282953
282393
281974
281498
281283
281268
279184
277994
276860
276803
275901
275521
275058
272261
271971
271698
271327
270581
270450
269167
266078
265973
265577
265293
264839
262183
261740
261254
261109
260485
260251
259611
257105
256046
252194
251889
250883
248996
246536
246383
245309
244576
243835
242810
242593
242257
241710
241699
241650
241503
240602
240384
240233
240120
239207
238312
236760
235559
235352
234581
233314
231834
230688
230261
229976
227446
226814
225955
224134
222440
222200
220884
219344
218513
217244
216653
215112
214110
213357
212084
211877
211583
210331
209443
208644
207180
206355
205703
205391
205033
204470
204010
203965
203892
203365
203210
202820
201788
200899
200676
199197
198653
197546
197409
197050
196744
196397
192985
192697
192230
190563
189505
189106
185135
183938
183857
182968
182419
182363
180849
179359
179228
179100
174963
173919
173471
172941
169938
168425
167761
167564
167076
166801
163454
162240
161300
159826
157927
157192
156557
156477
154066
152644
151908
151853
151336
150539
146382
146090
145029
144622
144118
143607
143557
141890
140407
139645
138992
137492
137417
134499
133374
133012
131282
129267
128259
127414
126605
126545
123705
123210
123107
121378
121105
119690
118663
118273
118230
116454
116426
115367
114458
114113
113709
112540
112013
107798
107499
104889
104626
104619
103356
102279
102172
102084
99349
98782
98660
94530
92450
91647
89243
88765
88364
85476
83957
82670
82523
78282
75731
75581
74516
73630
73575
72874
72171
72098
71761
71358
71155
70612
70169
70122
69749
68707
67890
67719
66008
65803
65554
63734
63581
61761
61429
61099
59630
59416
55773
54887
54768
52249
50432
49532
47881
47706
47566
46962
45477
44676
43970
42728
40399
39649
39594
39147
33133
29930
28668
27401
27177
26639
26527
24868
24643
23711
23286
23012
21182
20886
20650
20215
19887
19570
19375
19140
17670
17419
17294
15551
14997
13146
11518
7121
7086
6245
5289
4732
1748
