10000
999947
999891
999744
999606
999344
999340
999333
999184
999114
999095
999083
999004
998981
998979
998925
998894
998780
998769
998510
998478
998301
998256
998207
998149
998004
997850
997765
997740
997735
997584
997416
997229
997194
996933
996890
996805
996737
996644
996528
996360
996282
996139
996100
996001
996001
995968
995921
995746
995679
995647
995505
995130
995126
995049
995042
994898
994863
994862
994819
994768
994715
994606
994321
994243
994238
994009
994007
993995
993953
993870
993838
993797
993781
993742
993437
993416
993238
992907
992836
992463
992365
992231
992110
991979
991868
991843
991724
991680
991616
991342
991137
990996
990991
990957
990908
990874
990851
990761
990604
990535
990434
990423
990343
990238
989969
989653
989444
989398
989359
989338
989277
989241
989181
989167
989145
989121
989120
989105
989057
989017
988990
988916
988665
988614
988567
988281
988073
988044
987949
987936
987889
987875
987820
987802
987687
987686
987573
987504
987257
987251
987197
987164
986728
986196
986127
986101
986030
985712
985591
985551
985470
985348
985084
985035
984972
984533
984418
984415
984323
984292
984209
984088
983994
983919
983858
983761
983714
983681
983619
983420
983401
983374
983367
983295
983245
983128
983080
983017
982994
982779
982709
982603
982498
982417
982317
982285
982174
982141
982096
982074
981927
981888
981888
981744
981708
981676
981344
981319
981197
980964
980865
980582
980485
980370
980117
980035
979943
979778
979736
979715
979342
979337
979272
979220
979128
979097
978897
978741
978721
978617
978580
978539
978500
978488
978335
978334
978083
978020
977959
977919
977903
977836
977566
977505
977437
977294
977262
977008
976838
976708
976596
976436
976380
976075
975961
975908
975883
975774
975715
975525
975520
975497
975342
975281
975232
975232
975224
975144
975109
975100
975080
975037
974980
974882
974780
974700
974697
974523
973791
973771
973761
973506
973410
973353
973321
973138
973105
973080
972675
972556
972501
972304
972278
972272
972101
972086
971957
971756
971583
971521
971495
971488
971311
971257
971225
971176
971129
970636
970471
970427
970383
970337
970336
970294
970293
970101
970065
969540
969523
969499
969046
968877
968813
968739
968646
968595
968483
968270
968137
967915
967913
967907
967856
967855
967813
967735
967698
967683
967575
967473
967403
967356
967298
967180
967147
966666
966443
966361
966280
966254
966241
966013
965938
965932
965861
965849
965812
965720
965717
965604
965562
965476
965447
964644
964635
964584
964561
964545
964403
964401
964339
964305
964182
964105
963907
963866
963781
963761
963646
963598
963559
963486
963403
963378
963222
963148
963148
963037
962985
962949
962833
962616
962375
962345
962321
962213
962045
962016
961879
961740
961595
961355
961352
961312
961308
961135
960994
960527
960514
960485
960010
959850
959808
959459
959356
959337
959330
959173
959034
959005
958938
958850
958781
958724
958691
958239
958128
958082
957792
957787
957654
957567
957539
957341
957241
957038
956895
956789
956555
956473
956458
956445
956389
956366
956364
956340
956128
956091
956063
955887
955829
955745
955694
955420
955311
955111
954994
954758
954673
954566
954461
954438
954368
954318
954270
954214
954212
953980
953939
953801
953770
953511
953372
953359
953327
953311
953263
953045
952931
952929
952895
952734
952721
952195
952036
951997
951982
951919
951565
951378
951338
950881
950787
950741
950673
950638
950473
950415
950304
950150
950090
950083
950017
950014
949743
949724
949365
949315
949255
949211
949145
949106
949091
949047
948897
948626
948536
948509
948323
948298
948240
948115
948053
948046
948041
947972
947752
947696
947610
947255
947229
947030
946939
946693
946598
946597
946536
946454
946176
946091
945904
945831
945721
945705
945669
945587
945562
945232
945028
944949
944925
944870
944865
944541
944349
944343
943939
943804
943797
943465
943333
943312
943224
943189
943171
943070
942798
942486
942479
942460
942431
942284
941955
941834
941717
941712
941648
941613
941458
941456
941434
941360
941281
941180
941168
941022
940946
940883
940801
940772
940748
940734
940657
940622
940609
940563
940562
940535
940440
940392
940003
939953
939794
939685
939627
939427
939166
939122
939061
938995
938893
938639
938594
938560
938529
938447
938272
938120
938009
937333
937225
936907
936870
936753
936643
936534
936486
936239
936017
935992
935718
935637
935603
935549
935401
935058
934838
934836
934732
934703
934700
934560
934211
934135
934020
933913
933806
933326
933229
933052
933041
933006
932961
932841
932646
932426
932390
932230
932005
931915
931855
931827
931721
931629
931392
931361
931334
931241
931216
931142
931080
930964
930955
930924
930721
930556
930529
930478
930459
930354
930266
930085
930068
929922
929812
929811
929591
929366
929364
929228
929027
928939
928832
928816
928785
928731
928694
928664
928614
928612
928467
928426
928183
928113
928055
928014
927959
927890
927825
927777
927774
927755
927656
927566
927555
927415
927329
927286
927189
927188
927150
927135
926973
926946
926758
926745
926726
926524
926104
925889
925559
925555
925531
925365
925362
925305
925245
925210
925176
925108
925084
925032
925003
924992
924827
924795
924767
924755
924622
924511
924445
924419
924400
924219
924217
924005
923827
923700
923642
923577
923518
923448
923426
923426
923368
923298
923105
923103
923010
922919
922721
922547
922504
922432
922373
922117
921994
921965
921710
921655
921511
921307
921195
921001
920947
920929
920861
920622
920604
920576
920471
920329
920138
920079
920026
919994
919966
919604
919565
919554
919536
919505
919422
919408
919405
919341
919330
919269
919196
919008
918985
918821
918784
918763
918731
918731
918622
918425
918098
918076
918066
918029
917944
917891
917848
917780
917749
917716
917628
917292
917203
917029
916985
916947
916936
916823
916626
916532
916479
916478
916382
916344
916290
916159
915856
915734
915665
915617
915595
915529
915488
915482
915450
915412
915394
915251
915227
915152
915149
915067
915015
914986
914945
914924
914876
914876
914864
914861
914505
914449
914281
914278
914167
913949
913906
913668
913662
913653
913427
913243
913179
913167
912739
912605
912565
912502
912500
912207
912186
912074
911977
911929
911849
911660
911300
911288
911284
911101
911095
911088
910888
910685
910620
910610
910483
910466
910439
910402
910384
910292
910277
910145
910133
910080
910078
910051
909884
909871
909783
909751
909708
909406
909161
909006
908951
908934
908870
908797
908778
908728
908712
908698
908566
908557
908323
908195
908038
907693
907653
907425
907214
907119
907070
907029
907026
906878
906742
906636
906332
906301
906246
905985
905960
905717
905659
905605
905525
905524
905502
905493
905453
905379
905251
905237
905219
905026
905003
904873
904835
904821
904721
904551
904447
904442
904359
904343
904327
904299
904221
904209
903959
903883
903466
903363
903269
903155
903046
902953
902901
902892
902793
902759
902423
902410
902086
902074
901952
901928
901924
901895
901878
901872
901786
901662
901530
901445
901340
901333
901264
900794
900684
900488
900268
900012
899855
899717
899629
899429
899350
899204
899064
899025
898884
898777
898678
898648
898560
898302
898174
897912
897836
897744
897662
897653
897645
897584
897574
897570
897485
897483
897312
897090
897075
897037
896998
896924
896893
896739
896726
896628
896618
896515
896359
896179
896166
896143
895963
895764
895733
895522
895381
895303
895149
895008
894867
894837
894815
894726
894716
894660
894204
894181
894171
893922
893801
893794
893723
893655
893654
893427
893323
893083
893029
892913
892562
892450
892433
892236
892047
891894
891807
891636
891563
891532
891339
891002
890648
890623
890139
890033
889999
889631
889456
889423
889298
889125
888894
888821
888803
888607
888541
888449
888448
888382
888180
888096
888011
887990
887736
887698
887641
887558
887550
887544
887529
887167
887142
886955
886879
886845
886685
886564
886457
886334
886079
885993
885956
885726
885687
885533
885493
885177
885121
885117
885079
884846
884728
884714
884702
884690
884481
884297
884276
884196
884185
883719
883716
883711
883548
883530
883416
883399
883357
883255
883113
882956
882914
882846
882755
882725
882635
882611
882465
882187
882185
882176
882142
882033
882026
881611
881568
881299
880740
880423
880271
880230
880215
880035
880010
879962
879783
879698
879462
879419
879410
879201
879053
878955
878940
878564
878468
878436
878327
878255
878221
878166
878133
878033
878007
877864
877714
877713
877683
877610
877385
877356
877354
877283
877161
876790
876435
876347
876193
876090
876010
876008
875788
875654
875640
875634
875536
875457
875323
875315
875313
875260
874938
874922
874903
874815
874745
874725
874645
874399
874294
874201
874112
874000
873998
873998
873860
873760
873654
873623
873509
873494
873479
873274
873221
873171
873153
873131
873127
872979
872957
872756
872599
872591
872255
872231
872166
872159
872015
871925
871774
871665
871648
871616
871587
871586
871556
871536
871399
871381
871338
871240
871075
870756
870715
870606
870539
870242
870005
869968
869945
869913
869871
869749
869611
869488
869053
868988
868980
868938
868883
868850
868789
868751
868320
868242
868240
868083
867942
867850
867831
867797
867717
867560
867498
867419
867355
867302
867241
867193
867168
867138
866963
866909
866887
866866
866736
866537
866352
866254
866182
866084
866076
865877
865650
865554
865428
865344
865303
865127
865040
864949
864801
864677
864509
864428
864349
864330
864245
864222
864166
864091
863980
863958
863951
863743
863644
863347
863242
863217
863131
863006
862698
862698
862690
862687
862666
862392
862389
862356
862259
862194
861809
861771
861769
861695
861672
861653
861641
861554
861409
861365
861005
860870
860816
860724
860715
860617
860410
860311
860252
860120
860083
859927
859884
859790
859761
859717
859586
859288
859139
859043
859006
858966
858786
858621
858596
858357
858255
858072
857984
857974
857915
857696
857684
857621
857611
857605
857325
857209
857205
856794
856678
856606
856405
856313
856202
856197
856196
856138
856131
856129
856085
856059
855618
855574
855557
855556
855518
855484
855355
855233
854938
854810
854762
854739
854685
854632
854371
854280
854216
854121
854009
853936
853861
853779
853757
853720
853715
853603
853582
853551
853429
853238
853142
853112
852986
852976
852901
852814
852694
852614
852605
852381
852357
852209
852173
852116
852069
851996
851961
851812
851794
851751
851747
851703
851672
851645
851629
851466
850819
850745
850195
850162
850141
850139
850097
850042
849728
849664
849610
849590
849515
849459
849390
849269
849222
849185
849081
849077
849075
849019
848959
848856
848833
848777
848768
848707
848676
848650
848629
848486
848340
848296
848192
847894
847815
847754
847682
847666
847584
847236
847083
846935
846674
846594
846569
846433
846362
846239
846175
846152
846131
846125
845775
845664
845657
845624
845526
845521
845341
845218
845171
845170
845162
845094
844980
844868
844866
844691
844636
844531
844397
844392
844283
844201
844177
844120
843962
843961
843931
843893
843856
843810
843682
843643
843531
843450
843424
843327
843185
842971
842967
842959
842867
842586
842579
842560
842539
842460
842318
842234
842067
841785
841686
841661
841562
841136
841120
840937
840932
840891
840683
840663
840657
840400
840263
840097
840085
839959
839930
839445
839358
839242
839164
839105
839060
839004
838969
838949
838853
838783
838735
838675
838525
838405
838325
838293
838291
838272
838216
838020
837989
837952
837927
837912
837781
837482
837330
836993
836971
836931
836915
836625
836598
836456
836429
836374
836311
836238
835843
835563
835525
835520
835413
835301
835187
835162
835112
835110
834900
834820
834733
834484
834482
834468
834401
834352
834251
834167
834029
833993
833981
833911
833884
833819
833739
833718
833691
833658
833529
833511
833158
833067
832713
832637
832635
832594
832426
832400
832255
832220
832174
832170
832101
832002
831918
831409
831280
831267
831002
830995
830950
830854
830829
830639
830566
830481
830429
830397
830341
830239
830234
830202
829981
829922
829883
829782
829779
829486
829469
829350
829100
828931
828806
828722
828710
827906
827552
827354
827192
827159
827110
827030
827024
826883
826864
826851
826777
826444
826365
826210
826203
826105
826065
825938
825754
825732
825716
825636
825628
825407
825371
825353
825303
825268
825204
825138
825091
824970
824964
824904
824732
824606
824559
824296
824289
824149
824119
824032
823947
823845
823742
823458
823449
823401
823391
823297
823274
823260
823157
823146
823130
823010
822936
822867
822865
822818
822613
822588
822245
822142
822107
822046
821915
821855
821806
821509
821357
821234
821171
821091
820660
820498
820322
820298
820124
820111
819992
819984
819572
819544
819473
819459
819371
819193
819186
819176
819155
819139
818874
818842
818805
818722
818720
818714
818690
818628
818552
818482
818390
818285
818099
818043
817960
817842
817801
817751
817728
817664
817554
817418
817396
817284
817192
817174
817112
816947
816902
816848
816736
816638
816605
816539
816462
816456
816283
816210
816183
816033
815791
815731
815725
815671
815481
815464
815394
815350
815346
815142
815075
815024
814790
814727
814701
814612
814522
814451
814345
814054
814016
813980
813978
813976
813916
813905
813833
813820
813584
813279
813081
813068
812935
812867
812676
812658
812581
812544
812364
812353
812278
812214
811995
811961
811922
811873
811769
811706
811647
811518
811490
811243
811026
811006
810947
810919
810875
810683
810629
810600
810554
810360
810284
809907
809821
809658
809657
809619
809534
809519
809486
809460
809345
809340
809286
809078
808959
808952
808871
808815
808771
808673
808597
808502
808480
808323
808249
808056
808006
807751
807370
807306
807147
807005
806883
806819
806816
806802
806681
806593
806583
806489
806363
806346
806263
806202
806172
806147
806116
806078
806000
805944
805921
805562
805494
805425
805420
805217
805102
804836
804804
804722
804555
804534
804402
804292
803727
803538
803299
803295
803258
803037
803002
802768
802734
802329
802181
802167
801816
801678
801527
801234
801158
801093
801032
800947
800575
800490
800261
800091
800027
799908
799688
799666
799538
799160
799047
799042
798884
798851
798755
798563
798419
798357
798136
797937
797896
797852
797712
797691
797626
797612
797605
797548
797488
797462
797433
797409
797364
797265
797239
797114
797064
796600
796404
796281
795968
795913
795504
795441
795352
795335
795263
795241
795057
794922
794731
794647
794627
794548
794540
794538
794459
794260
794203
794125
794009
793625
793473
793361
793245
793234
793234
792994
792931
792685
792543
792403
792375
792316
792060
791973
791905
791371
791190
791037
791022
791014
791012
790995
790723
790677
790520
790492
790483
790454
790316
790315
790067
789835
789775
789694
789679
789671
789656
789654
789641
789421
789365
789331
789284
789204
789173
789000
788897
788870
788746
788351
788322
788304
788304
788234
788057
787980
787977
787959
787852
787847
787798
787766
787525
787503
787335
787207
787132
787096
786969
786956
786749
786734
786531
786468
786299
785788
785749
785735
785666
785568
785551
785482
785344
785000
784986
784758
784757
784744
784603
784590
784585
784480
784390
784371
784333
784316
784313
784246
784170
784093
783960
783934
783928
783896
783711
783678
783549
783456
783342
783323
783316
783244
783097
783082
782897
782870
782469
782376
782265
782206
782131
782116
782069
782054
781813
781788
781775
781548
781430
781130
781059
780959
780946
780934
780884
780815
780793
780683
780667
780496
780394
780391
780324
780106
780105
780033
779988
779984
779920
779819
779816
779813
779534
779410
779291
779133
779033
778992
778859
778852
778798
778241
778000
777961
777957
777908
777907
777785
777636
777467
777230
776946
776691
776570
776523
776446
776414
776377
776356
776351
776259
776204
775969
775739
775530
775520
775422
775266
775171
775053
774918
774820
774643
774624
774570
774468
774400
774387
774361
774180
774175
773913
773721
773506
773487
773403
773335
773246
773098
772894
772866
772736
772701
772676
772559
772552
772435
772405
772277
772260
772072
772032
772003
771933
771914
771905
771877
771502
771465
771415
771364
771325
771014
770996
770957
770739
770708
770457
770444
770368
770349
770298
770131
770092
770082
770051
769892
769826
769535
769335
769241
769154
769152
769044
768910
768724
768645
768238
767807
767720
767714
767243
767187
766988
766848
766727
766670
766493
766281
766223
766125
765828
765826
765677
765640
765591
765535
765487
765487
765465
764945
764774
764749
764671
764642
764264
764192
764122
764068
763958
763923
763885
763813
763633
763569
763514
763163
763024
762969
762674
762538
762517
762512
762439
762418
762330
762229
761996
761957
761822
761750
761340
761216
761139
761137
761037
760999
760907
760878
760871
760640
760619
760607
760428
760392
760103
760056
760044
759946
759652
759602
759550
759393
759281
759187
759167
759050
758997
758975
758912
758717
758628
758567
758536
758485
758379
758246
758157
758094
757989
757980
757923
757898
757870
757843
757722
757543
757534
757334
757275
757234
757216
757176
757154
757003
756980
756954
756937
756578
756566
756481
756480
756380
756333
756050
756024
755963
755925
755910
755708
755656
755551
755461
755458
755244
755171
755053
755048
754997
754768
754766
754556
754494
754195
754146
754064
754052
754031
753837
753581
753482
753482
753435
753195
753143
752927
752721
752600
752525
752486
752200
752161
752057
752024
752017
751984
751832
751789
751700
751465
751401
751230
751179
750923
750872
750826
750783
750537
750447
750409
750303
750100
749888
749796
749680
749563
749500
749421
749396
748866
748435
748330
748217
748146
748026
747920
747758
747552
747541
747515
747478
747304
747116
747092
746957
746900
746842
746783
746690
746625
746618
746200
746147
745614
745527
745187
745150
745093
744996
744894
744889
744870
744828
744800
744749
744591
744406
744323
744210
744200
744178
744167
744114
744111
744109
743887
743863
743786
743535
743491
743467
743262
743194
743182
743125
743001
742971
742961
742854
742791
742758
742709
742650
742001
741930
741909
741904
741839
741797
741399
740658
740608
740577
740553
740488
740482
740454
740402
740392
740269
740215
740150
740086
739881
739789
739576
739536
739182
739099
738942
738825
738672
738629
738603
738600
738534
738397
738369
738345
738201
738139
738095
738085
737929
737566
737549
737500
737480
737437
737418
737394
737148
737071
737051
736963
736858
736653
736610
736515
736412
736408
736167
736041
735999
735830
735569
735551
735532
735521
735493
735462
735413
735400
735393
735368
735234
735185
735144
734895
734766
734680
734654
734379
734366
733960
733765
733745
733652
733578
733538
733500
733328
733290
733212
733075
732817
732775
732713
732677
732379
732338
732322
732313
732026
731975
731852
731835
731801
731673
731509
731448
731430
731410
731406
731149
731013
730915
730798
730748
730709
730533
730522
730522
730481
730208
730100
730045
729712
729684
729615
729536
729510
729492
729408
729139
729109
729106
729066
728976
728805
728695
728691
728591
728559
728399
728255
728131
728069
727951
727939
727843
727814
727730
727583
727372
727370
727145
727132
726903
726901
726707
726692
726591
726544
726533
726465
726106
726021
725925
725644
725464
725283
725225
724934
724865
724681
724488
724441
724440
724294
723754
723740
723597
723567
723549
723465
723407
723391
723365
723326
723282
723251
723207
723009
722941
722603
722588
722488
722432
722412
722302
722232
721625
721532
721124
720842
720834
720711
720291
720254
720196
720158
720139
720124
719933
719910
719853
719799
719682
719676
719525
719025
719004
718986
718945
718924
718792
718635
718629
718518
718516
718486
718461
718116
717869
717782
717570
717480
717363
717328
717315
717267
717236
717118
716477
716461
716322
716308
716269
716257
716158
716058
716001
715988
715839
715820
715784
715730
715701
715608
715492
715425
715333
715295
715287
715204
715193
715040
714925
714873
714587
714231
713932
713851
713820
713358
713329
713229
713147
713084
713024
712794
712481
712469
712453
712311
712186
712182
712149
712112
712072
712057
712003
711835
711749
711730
711503
711352
711352
711197
711176
711064
710835
710801
710687
710686
710663
710657
710415
710300
710238
710186
710058
710036
710025
709738
709637
709583
709404
709368
709331
709308
709234
709185
709171
709113
709024
708881
708818
708741
708689
708439
708288
708234
707881
707869
707802
707782
707733
707683
707596
707587
707574
707529
707394
707213
707171
706912
706438
706388
706385
706338
706316
706315
706098
705984
705977
705926
705894
705828
705823
705694
705682
705523
705479
705218
705116
704922
704914
704499
704463
704456
704427
704277
704108
704073
704033
704015
703890
703442
703346
703267
703104
702974
702931
702782
702764
702626
702386
702296
702169
702099
701887
701709
701693
701682
701573
701518
701271
701129
701120
701102
700992
700990
700884
700773
700631
700611
700553
700413
700407
700308
700166
700004
699975
699934
699698
699673
699512
699253
698984
698742
698717
698368
698315
698136
697986
697810
697707
697653
697488
697430
697294
697228
697224
696912
696776
696732
696627
696608
696607
696564
696366
696275
696267
696205
696150
695788
695468
695438
695347
695282
695216
695178
694923
694920
694842
694598
694433
694412
694308
694268
694234
694108
694055
694035
693972
693955
693694
693585
693515
693434
693301
693172
693077
693004
692687
692581
692551
692396
692197
692166
692058
692028
691860
691843
691721
691559
691420
691409
691245
691094
691059
690993
690977
690912
690772
690693
690393
690355
690339
690227
690175
690160
689935
689789
689586
689401
689362
689332
689298
689248
689214
688876
688609
688549
688526
688508
688453
688227
688046
687770
687769
687665
687636
687612
687594
687546
687517
687514
687457
687315
687311
687286
687134
687128
687117
686953
686901
686854
686735
686694
686658
686658
686577
686376
686372
686067
686056
686010
685900
685862
685761
685713
685619
685535
685513
685347
685207
685116
685068
684869
684855
684618
684502
684492
684490
684135
683999
683969
683966
683958
683777
683747
683589
683577
683441
683439
683433
683196
683127
683062
682961
682804
682604
682452
682177
682072
682007
681948
681844
681629
681504
681330
681227
681197
680886
680736
680639
680408
680401
680367
680258
680203
680135
680120
679749
679691
679685
679622
679518
679476
679374
679360
679355
679335
679305
679204
678946
678791
678657
678629
678348
678104
677848
677806
677639
677578
677541
677473
677307
677184
677108
676906
676903
676875
676840
676710
676649
676559
676557
676532
676359
676334
676321
676242
676114
676111
675992
675928
675924
675824
675735
675481
675466
675340
675336
675315
675228
675223
675046
674993
674898
674562
674444
674385
674304
674283
674150
674097
673932
673731
673626
673601
673391
673206
673149
673056
673006
672902
672781
672730
672488
672461
672449
672410
671756
671725
671522
671429
671408
671339
671250
671175
671008
670767
670625
670563
670446
670424
669779
669666
669593
669548
669249
669216
669159
669075
668924
668922
668562
668375
667789
667767
667620
667521
667456
667276
667274
667266
667230
667144
667033
666865
666680
666662
666636
666586
666403
666349
666321
666277
666208
666064
666039
665945
665847
665697
665385
665202
665093
665072
664713
664694
664641
664538
664383
664195
664079
663925
663922
663767
663710
663707
663479
663451
663340
663276
663230
663139
663101
662926
662602
662437
662241
662165
661941
661925
661819
661642
661625
661544
661544
661316
661275
661235
661219
661182
661036
660682
660446
660419
660331
660288
660196
659971
659887
659855
659626
659487
659456
659426
659425
659417
659296
659271
659226
659147
658916
658909
658883
658732
658589
658280
658268
658162
658126
658110
658095
658077
658058
658045
658007
657834
657761
657735
657704
657528
657460
657305
657261
657203
657198
656971
656705
656656
656600
656517
656514
656439
656341
656310
656294
656185
656174
656115
656102
656084
656073
655908
655859
655707
655504
655035
654961
654879
654537
654383
654119
654061
653939
653892
653702
653575
653463
653422
653336
653284
653136
652903
652842
652706
652644
652642
652515
652410
652382
652334
652290
651939
651575
651251
651204
651100
651048
651021
651020
651017
651006
650923
650919
650808
650748
650540
650481
650434
650398
650227
650097
649970
649796
649441
649425
649409
649367
649339
649338
649288
649221
649189
648769
648624
648470
648394
648222
647991
647796
647782
647758
647432
647144
646973
646908
646872
646853
646778
646746
646693
646325
646295
646140
646120
646081
646036
646016
645986
645959
645885
645728
645697
645567
645496
645487
645230
645220
645216
645178
644734
644490
644421
644107
643959
643882
643810
643682
643682
643571
643539
643530
643522
643413
643280
643205
643058
643037
643032
642948
642744
642709
642410
642406
642339
642319
642317
642217
642123
642069
642032
641930
641917
641866
641767
641710
641656
641590
641410
641386
641164
641029
640980
640953
640856
640767
640727
640572
640439
640292
640132
640033
639890
639849
639636
639629
639452
639425
639407
639371
639366
639217
639157
639135
639130
639125
639101
638977
638887
638847
638816
638786
638744
638684
638645
638473
638422
638290
638282
638223
638182
638039
637951
637899
637850
637826
637470
637395
637344
637293
637266
637188
637128
637057
636795
636711
636675
636560
636556
636454
636436
636244
636223
636218
636157
636050
635978
635621
635615
635510
635439
635425
635268
635177
634904
634696
634657
634320
634243
634225
634143
633962
633945
633872
633815
633787
633734
633324
633287
633174
633058
632966
632880
632870
632822
632812
632744
632689
632653
632645
631925
631909
631824
631713
631686
631531
631520
631515
631324
631215
631147
631122
631065
630962
630959
630923
630832
630581
630513
630440
630273
630258
630158
630026
629983
629904
629732
629697
629494
629452
629257
629206
628929
628928
628795
628695
628679
628595
628546
628533
628516
628500
628390
628273
628158
628106
627925
627887
627887
627882
627764
627537
627421
627381
627346
627327
627137
627126
627038
626752
626649
626607
626548
626416
626381
626080
626076
626067
625804
625736
625491
625413
625273
625209
625209
625121
624789
624364
624255
624172
624150
624126
624090
624024
623788
623762
623685
623661
623589
623441
623320
623319
623135
623096
622969
622927
622902
622869
622652
622324
622162
622147
622071
621957
621789
621785
621735
621734
621721
621666
621334
621311
621294
621293
621163
621152
621131
621099
620946
620876
620835
620680
620637
620578
620493
620449
620339
620154
620110
620009
620007
619921
619525
619496
619446
619431
619424
619383
619242
619223
619171
619005
618843
618750
618615
618437
618322
618255
618248
618183
618053
618019
617937
617886
617861
617721
617662
617615
617491
617255
616885
616646
616646
616553
616436
616293
616248
616172
616137
616121
615895
615591
615526
615437
615364
615255
615080
614813
614770
614743
614708
614612
614612
614559
614518
614456
614435
614153
614149
614074
614022
613788
613748
613578
613523
613452
613303
613243
613226
613169
612979
612846
612837
612718
612644
612598
612578
612557
612483
612415
612311
612184
612147
612024
612003
611729
611709
611540
611434
611402
611338
610983
610920
610774
610721
610718
610706
610608
610461
610408
610225
610195
610154
610138
609776
609714
609565
609558
609400
609364
609159
609140
609116
609116
608998
608829
608611
608412
608385
608372
608342
608065
607825
607767
607683
607647
607508
607446
607273
607204
607132
607050
607042
606765
606690
606638
606421
606379
606348
606310
606119
606043
605978
605640
605621
605576
605560
605408
605204
604807
604804
604744
604604
604555
604496
604297
604216
604200
603962
603871
603842
603701
603697
603687
603669
603616
603614
603580
603432
603229
603201
603053
602990
602787
602454
602298
602094
602014
601872
601799
601739
601581
601496
601473
601365
601361
601352
601196
601008
600953
600947
600621
600609
600451
600428
600380
600269
600066
599593
599584
599351
599337
599327
599151
599143
599068
598991
598980
598385
598270
598112
598086
598060
597842
597738
597628
597625
597607
597479
597443
597312
597284
597259
597254
597233
597226
597101
596949
596717
596636
596604
596571
596411
596259
596244
596231
595979
595661
595287
595159
595088
595012
594862
594785
594706
594494
594471
594390
594360
594131
594101
593774
593632
593567
593213
593093
592924
592577
592570
592315
592140
592119
592002
591963
591885
591882
591867
591458
591424
591292
591215
591152
590983
590964
590934
590850
590789
590773
590632
590454
590419
590269
590114
589818
589730
589662
589647
589602
589598
589372
589254
589220
589138
588966
588731
588431
588363
588291
588215
587812
587602
587557
587539
587465
587252
587066
587016
587015
586857
586788
586755
586718
586629
586544
586540
586540
586372
586348
586318
586294
586251
585989
585982
585954
585941
585846
585808
585762
585710
585657
585626
585582
585539
585514
585505
585467
585443
585413
585337
585189
585112
585088
584929
584785
584655
584576
584565
584390
584350
584180
584099
583993
583939
583933
583880
583679
583672
583494
582841
582839
582694
582631
582619
582570
582475
582376
582292
582142
582007
581989
581917
581816
581519
581459
581449
581374
581312
581238
581229
581177
581106
580880
580780
580772
580769
580730
580460
580295
580240
579960
579866
579347
579336
578918
578594
578586
578281
578276
577517
577226
577173
577139
577128
577111
577090
577002
576967
576935
576616
576442
576432
576417
576407
576122
576108
576090
576003
575911
575879
575857
575770
575639
575506
575495
575455
575365
575311
575202
575027
574866
574732
574671
574581
574575
574471
574293
574127
573871
573870
573662
573661
573570
573552
573545
573540
573423
573239
573194
573139
572998
572738
572736
572590
572578
572506
572385
572300
572271
572205
572145
572049
571956
571869
571845
571728
571681
571582
571301
571183
570988
570888
570270
570207
569598
569571
569503
569447
569249
569243
569215
569175
568927
568901
568774
568547
568511
568486
568463
568241
568229
568094
568063
567942
567862
567797
567656
567564
567516
567447
567388
566917
566760
566493
566016
566009
565929
565926
565694
565586
565534
565435
565370
565344
565306
565268
565173
565071
565053
565004
564981
564850
564833
564780
564481
564441
564439
564422
564413
564406
564241
564060
563918
563741
563707
563225
563158
563113
563077
562975
562864
562742
562509
562480
562368
562211
562156
562122
562030
561795
561624
561615
561453
561437
561397
561385
561199
561101
560999
560865
560837
560793
560710
560584
560487
560421
560175
560135
559945
559942
559856
559771
559683
559626
559591
559464
559432
559403
559372
559362
559246
559224
558948
558883
558874
558773
558678
558630
558283
558269
558181
558163
558152
558083
558070
557867
557859
557723
557696
557689
557340
557232
557186
557185
557107
557001
556658
556598
556592
556469
556432
556369
556358
556344
556303
556193
556116
556101
555779
555769
555568
555506
555478
555439
555437
555386
555354
555242
555110
554927
554910
554620
554582
554520
554488
554365
554342
554337
554327
554136
554123
554038
554023
554013
554004
553973
553825
553739
553729
553724
553534
553354
553325
553172
553098
552899
552850
552842
552640
552601
552342
552259
552238
552217
552181
552175
552121
552101
551889
551733
551706
551607
551533
551500
551214
551086
550925
550812
550806
550589
550577
550516
550477
550469
550305
550293
550149
549934
549857
549779
549767
549595
549576
549545
549231
549188
549116
549115
549096
549082
549072
549041
548796
548665
548642
548480
548441
548423
548317
548293
548024
547939
547837
547788
547695
547673
547664
547515
547477
547419
547220
547218
547063
547034
546955
546716
546655
546358
546219
546204
546171
546154
546070
545972
545816
545764
545734
545668
545642
545633
545622
545491
545428
545414
545397
545389
545336
545245
545152
544529
544278
544175
544167
544165
544116
544056
543889
543682
543645
543582
543522
543360
543282
543221
543202
543157
543077
542935
542869
542814
542512
542447
542310
542282
542266
542245
542231
541798
541779
541756
541746
541557
541539
541511
541214
541171
541166
540802
540598
540559
540392
540207
540204
540125
539918
539783
539751
539530
539521
539490
539231
539170
539147
538860
538832
538782
538738
538644
538397
538122
537941
537933
537931
537887
537825
537817
537718
537624
537546
537476
537463
537333
537257
536829
536804
536717
536709
536600
536575
536485
536464
536371
536196
536154
536049
535710
535651
535602
535308
534929
534889
534802
534756
534736
534597
534374
534311
534266
534094
533929
533814
533757
533756
533682
533622
533585
533556
533474
533344
533315
533270
533218
533179
533156
533063
532849
532665
532605
532382
532288
532096
532077
532056
531918
531559
531521
531496
531422
531360
531328
531260
531142
530913
530892
530822
530691
530578
530509
530470
530317
530298
530237
530214
530206
530103
530048
529824
529800
529562
529509
529445
529427
529333
529324
529183
529181
529175
529171
528954
528797
528652
528472
528430
528325
528220
528178
528097
528027
527975
527713
527704
527635
527530
527511
527468
527293
527146
527031
526926
526750
526637
526398
526040
525990
525986
525932
525870
525726
525709
525620
525256
525252
525229
525207
525179
525017
524992
524912
524905
524849
524590
524503
524399
524346
524342
524259
524241
524227
524216
524106
524042
523953
523793
523693
523652
523456
523279
523238
523115
523098
523095
522860
522823
522740
522676
522565
522499
522496
522463
522410
522365
522356
522335
522062
521996
521875
521794
521505
521262
521238
521217
521088
521021
520755
520751
520717
520561
520375
520336
520280
520250
520186
520167
520154
519965
519827
519660
519558
519486
519177
518958
518835
518730
518707
518702
518458
518416
518363
518284
518175
518044
517926
517850
517807
517788
517420
517312
517245
517204
517064
516733
516384
516316
516310
516208
516130
515989
515893
515849
515749
515725
515716
515531
515323
515302
515183
515078
514858
514831
514640
514602
514581
514566
514419
514415
514360
514195
514174
514094
514042
513986
513927
513830
513731
513674
513655
513614
513558
513522
513260
513228
513180
513138
512885
512867
512838
512750
512713
512581
512439
512364
512361
512356
512126
512003
511850
511659
511606
511558
511380
511355
511328
511304
511215
511196
511006
510567
510420
510414
510230
510219
509982
509844
509751
509665
509624
509398
509361
509174
509170
509155
509144
509125
509071
508917
508811
508690
508621
508586
508583
508521
508444
508419
508319
508187
508028
507961
507742
507670
507669
507552
507477
507436
507365
507344
507311
507267
507034
506745
506736
506705
506633
506354
506332
506311
506202
505975
505869
505690
505648
505613
505379
505158
505102
505076
505019
504871
504841
504770
504708
504618
504416
504221
504056
504045
504026
503937
503911
503900
503864
503842
503803
503730
503692
503668
503589
503354
503353
503279
502952
502937
502862
502722
502711
502656
502526
502339
502238
501950
501877
501829
501803
501766
501572
501564
501494
501454
501411
501388
501184
500881
500794
500752
500657
500642
500537
500495
500181
500174
500087
500033
500024
499809
499757
499611
499537
499508
499394
499050
498987
498824
498743
498705
498646
498559
498557
498498
498309
498283
498038
497942
497926
497667
497382
497249
496911
496869
496862
496834
496760
496749
496634
496527
496116
496062
496038
496035
495950
495762
495654
495596
495549
495445
495434
495431
495390
495335
495232
495180
495122
495106
494987
494736
494726
494676
494601
494474
494474
494353
494283
494184
494007
493832
493766
493644
493583
493556
493499
493268
493202
493122
493112
492828
492671
492473
492450
492250
492237
492171
492086
492003
491954
491912
491871
491766
491726
491670
491339
491277
491225
490990
490858
490694
490636
490631
490489
490466
490292
490275
490259
490238
489809
489803
489777
489719
489523
489481
489144
489060
488841
488839
488766
488697
488628
488592
488583
488524
488479
488447
488280
488231
488020
487906
487766
487611
487261
487185
487054
486935
486835
486808
486759
486568
486528
486312
485965
485853
485717
485655
485301
485281
485278
484989
484984
484951
484943
484911
484882
484653
484596
484511
484486
484438
484348
484187
484180
484107
484057
483896
483832
483722
483695
483679
483465
483429
483360
483335
482891
482856
482842
482687
482386
482338
482216
481851
481822
481737
481707
481645
481623
481558
481499
481396
481377
481287
481233
481139
481131
480983
480932
480884
480876
480836
480651
480605
480446
480340
480260
480195
480000
479972
479949
479878
479848
479752
479540
479486
479391
479271
479233
479087
479028
479016
478938
478803
478621
478614
478570
478355
478300
478168
478166
477956
477572
477513
477417
477315
477253
477224
477076
477006
476962
476922
476888
476819
476761
476719
476639
476475
476466
476330
476067
475958
475737
475458
475375
475374
475245
475048
474990
474961
474889
474889
474809
474804
474705
474647
474444
474371
474170
474151
474122
474122
473992
473956
473822
473679
473472
473431
473230
473037
473031
473001
472905
472401
472313
472278
472277
472238
472169
472112
472042
471930
471910
471802
471795
471722
471471
471460
471437
471263
471200
471194
471173
471160
471068
471010
470853
470841
470766
470720
470628
470565
470539
470275
470247
469989
469896
469778
469771
469609
469601
469507
469345
469101
469012
469010
468981
468749
468747
468740
468617
468415
468244
468205
467994
467970
467902
467845
467796
467684
467533
467152
466937
466634
466582
466572
466555
466534
466507
466173
466152
466072
466043
465957
465872
465777
465763
465705
465394
465269
465229
465040
464949
464834
464822
464795
464663
464539
464534
464349
464340
464332
464054
463832
463749
463719
463699
463660
463573
463556
463553
463383
463179
463123
463070
463022
462908
462840
462754
462452
462392
462377
462359
462239
462214
462147
462050
461988
461889
461776
461576
461508
461419
461170
461017
460825
460698
460683
460626
460622
460564
460486
460427
460281
460267
460263
460214
459838
459834
459815
459803
459695
459505
459470
459455
459362
459120
459031
458938
458836
458484
458300
457989
457983
457946
457895
457789
457638
457633
457505
457489
457408
457336
457207
457028
456856
456817
456799
456706
456503
456464
456432
456034
455850
455744
455681
455645
455278
454977
454929
454899
454847
454835
454694
454678
454628
454377
454281
454168
454100
454046
454029
453762
453676
453349
453288
453132
452909
452873
452866
452820
452460
452447
452274
452241
452220
452113
451986
451935
451705
451530
451497
451426
451406
451379
451377
451347
451333
451284
451230
451208
451068
450995
450894
450614
450537
450422
450364
449952
449951
449585
449402
449140
449010
448996
448889
448808
448792
448746
448349
448321
448259
448220
448154
448151
447872
447686
447621
447438
447328
447113
447065
446890
446839
446806
446681
446635
446620
446594
446554
446199
446180
445864
445816
445815
445752
445738
445559
445515
445278
445255
445119
445040
444416
444157
444106
444022
443814
443761
443662
443590
443477
443438
443401
443162
443064
442706
442634
442542
442315
442276
442143
442130
442073
442000
441908
441901
441625
441466
441462
441452
441348
441305
441269
441021
441003
440903
440731
440668
440559
440372
440342
440298
440014
439654
439270
439264
439197
439051
438894
438831
438665
438625
438579
438555
438539
438473
438441
438306
438239
438144
438112
438080
437936
437845
437823
437764
437665
437648
437160
436803
436772
436267
436025
435870
435834
435804
435586
435526
435525
435377
435137
435115
435002
434846
434781
434594
434428
434334
434261
434194
434189
434099
434089
434071
434048
434036
434030
433964
433947
433859
433852
433809
433623
433552
433468
433312
433298
433233
433019
432936
432836
432765
432735
432672
432623
432613
432591
432581
432554
432213
432197
432172
432055
431765
431573
431542
431374
431363
431094
430873
430850
430685
430492
430407
430316
430262
430184
430099
429980
429898
429793
429745
429663
429590
429583
429505
429207
429151
428984
428791
428363
428282
428257
428101
428100
428028
427789
427756
427718
427611
427592
427577
427504
427477
427415
427371
427360
427329
427325
427209
427177
427073
426991
426984
426954
426894
426528
426407
426268
426179
426010
425789
425770
425760
425613
425611
425565
425501
425366
425256
425208
424854
424841
424612
424600
424591
424551
424538
424477
424355
424230
424226
424183
424135
424100
424003
423795
423665
423450
423423
423153
423035
422986
422942
422916
422792
422789
422741
422635
422620
422518
422307
421955
421825
421736
421549
421494
421463
421422
421383
421270
421243
421176
421147
421096
421010
420998
420949
420942
420940
420876
420825
420790
420615
420549
420464
420371
420370
420257
420176
420034
419903
419831
419703
419685
419677
419643
419464
419305
419148
418961
418822
418805
418660
418562
418524
418506
418432
418426
418222
417982
417891
417800
417792
417681
417636
417551
417551
417453
417323
417322
417185
416987
416934
416835
416800
416578
416508
416464
416449
416130
416125
416108
416026
416020
415841
415840
415810
415572
415462
415239
414993
414879
414839
414780
414431
414401
414281
414261
414231
414188
414133
414049
413983
413963
413862
413804
413756
413247
413236
413027
412999
412989
412577
412550
412524
412485
412039
412004
411997
411935
411898
411762
411750
411645
411568
411537
411486
411140
411043
410957
410826
410715
410558
410504
410419
410082
409857
409766
409624
409607
409485
409349
409129
409124
408946
408806
408714
408572
408571
408526
408296
408181
408146
408113
407976
407845
407802
407755
407644
407522
407388
407292
406842
406772
406726
406611
406569
406515
406493
406402
406377
406357
406354
406124
406073
405972
405944
405921
405868
405772
405648
405630
405428
405364
405351
405325
405282
405071
404643
404496
404474
404376
404336
404325
404297
404295
404262
403973
403894
403822
403809
403658
403564
403444
403337
403331
403201
403175
403137
403122
402985
402691
402620
402607
402396
402203
402179
402141
401942
401869
401829
401813
401762
401716
401683
401678
401436
401390
401328
401278
401233
401201
401178
401103
401075
401068
401002
400739
400447
400376
400345
400119
400004
399858
399608
399542
399533
399426
399401
399391
399343
399256
399168
399072
398582
398459
398358
398259
398258
398242
398201
398183
398046
398038
397901
397817
397800
397702
397587
397489
397415
397414
397318
396978
396902
396881
396730
396720
396597
396516
396449
396433
396430
396406
396328
396290
396149
396131
396074
395956
395947
395878
395801
395685
395628
395620
395548
395196
395184
394819
394733
394667
394515
394134
394000
393876
393798
393794
393774
393571
393556
393492
393419
393403
393391
393314
393313
393254
393191
393127
393094
392969
392541
392462
392360
392339
392222
392206
392202
392114
391822
391800
391757
391754
391742
391283
391271
391166
391158
390875
390829
390813
390672
390600
390570
390403
390082
390060
390007
389973
389887
389802
389555
389415
389228
389212
389037
389023
388979
388823
388560
388509
388412
388086
388041
388002
387966
387900
387863
387772
387772
387665
387304
387218
387176
386833
386786
386761
386716
386548
386462
386416
386397
386395
386352
386148
386143
386134
386068
386067
385971
385599
385575
385562
385549
385392
385244
385015
384934
384912
384698
384655
384438
384358
384148
384102
384034
383950
383932
383894
383421
383034
382987
382939
382881
382845
382821
382755
382752
382613
382438
382420
382394
382024
381949
381837
381517
381484
381464
381261
381075
381045
381008
380806
380675
380587
380536
380489
380461
380460
380348
380285
380246
380124
380116
380052
380009
379999
379958
379814
379642
379611
379478
379277
379197
379125
379049
378932
378931
378784
378651
378626
378594
378573
378538
378465
378330
378306
378204
378183
378170
378027
377839
377813
377641
377516
377364
377344
377276
377103
377034
376880
376866
376863
376796
376719
376648
376516
376501
376438
376333
376324
376007
375955
375928
375905
375847
375791
375577
375393
375256
375217
375121
374941
374780
374691
374577
374428
374188
374132
373944
373861
373805
373766
373751
373453
373380
373377
373095
373006
372930
372888
372478
372474
372311
372013
371891
371523
371439
371416
371372
371307
371151
371010
370869
370820
370739
370716
370334
370290
370282
370282
369538
369519
369445
369308
369162
369134
369071
369064
369044
369042
369036
369031
369027
368942
368852
368756
368740
368617
368474
368465
368411
368285
368224
368037
367985
367961
367753
367565
367260
367198
367165
367147
367128
367113
367028
366937
366649
366545
366524
366428
366275
366094
366039
365651
365551
365486
365451
365368
365268
364885
364768
364691
364678
364654
364612
364474
364461
363997
363963
363935
363785
363629
363566
363454
363245
363212
362992
362853
362559
362489
362488
362386
362284
362214
362142
362026
361875
361769
361725
361443
361057
360738
360714
360712
360627
360346
360288
360231
360140
359987
359968
359922
359862
359841
359653
359590
359561
359235
359204
359116
359070
359046
359036
358914
358807
358805
358768
358767
358758
358740
358720
358696
358422
358253
358213
357914
357845
357758
357757
357620
357587
357476
357400
357338
357260
357253
356963
356960
356958
356784
356783
356580
356520
356498
356356
356279
356259
356100
356092
356001
355929
355853
355740
355703
355688
355687
355632
355632
355417
355350
355315
355304
355273
355206
355194
355192
355158
355051
354907
354622
354532
354391
354375
354334
353789
353705
353533
353508
353447
353322
353309
353181
353155
352979
352889
352852
352812
352812
352714
352674
352587
352512
352490
352486
352473
352356
352308
352229
352149
352062
351876
351868
351852
351787
351091
350756
350737
350610
350438
350349
350308
350199
350163
350098
349891
349802
349770
349746
349491
349402
349357
349178
349165
349155
348954
348832
348755
348599
348528
348380
348320
348245
348068
348062
347866
347784
347747
347674
347485
347404
347334
347157
347074
347061
347016
346710
346661
346589
346543
346525
346425
346369
346243
346213
346168
346135
345870
345826
345813
345758
345695
345513
345383
345370
345264
345144
345050
344912
344766
344655
344633
344513
344472
344468
344459
344409
344006
344000
343804
343796
343785
343660
343525
343436
343357
343341
343306
343286
343204
343195
343178
342954
342948
342719
342423
342395
342371
342364
342251
342142
342077
342075
342037
341824
341645
341575
341514
341443
341382
341346
341251
341246
341222
341202
341064
341014
340859
340710
340688
340640
340488
340461
340451
340361
340229
339978
339903
339631
339568
339491
339469
339463
339441
339312
339288
339208
339085
338486
338130
338030
337682
337607
337535
337498
337474
337469
337393
337332
337106
337020
337002
336712
336703
336580
336509
336490
336376
336296
336214
336153
336015
335806
335803
335787
335784
335711
335685
335665
335663
335479
335471
335385
335381
335379
335319
335248
335222
335047
334930
334686
334550
334474
334436
334415
334364
334350
334300
334223
334136
333955
333953
333936
333905
333873
333776
333754
333663
333646
333615
333500
333464
333345
333340
333021
333017
332898
332844
332758
332707
332664
332633
332622
332514
332419
332033
332000
331887
331024
330894
330828
330796
330602
330553
330545
330534
330385
330210
330082
330023
330007
329961
329836
329522
329363
329329
329315
329279
329216
329187
329159
328920
328861
328800
328761
328478
328321
328192
327920
327797
327658
327649
327636
327548
327531
327299
327260
327127
327042
326847
326799
326728
326606
326534
326529
326382
326211
326184
326051
325994
325953
325939
325921
325891
325852
325754
325737
325587
325521
325441
325410
325230
325195
325145
325098
324936
324884
324877
324841
324814
324782
324755
324751
324737
324579
324548
324483
324138
324125
324025
323858
323810
323692
323637
323630
323583
323444
323103
323103
323031
323008
322978
322812
322613
322534
322527
322479
322453
322318
322305
322079
322044
321457
321385
321346
321321
321198
321014
321006
320906
320872
320824
320554
320475
320448
320275
320260
320241
320032
320025
319990
319854
319823
319672
319609
319516
319443
319341
319281
319225
318968
318795
318786
318696
318677
318660
318588
318424
318409
318335
318138
318062
317980
317804
317785
317687
317662
317597
317575
317566
317233
317200
317192
317171
317041
317010
316831
316808
316779
316461
316418
316123
316114
316077
316059
316055
316040
315889
315821
315750
315697
315411
315070
314698
314499
314471
314405
314400
314377
314357
313995
313914
313812
313786
313732
313689
313600
313531
313491
313476
313424
313406
313342
313225
313207
313137
313087
313026
312920
312776
312774
312696
312572
312289
312210
312186
312021
312002
311986
311886
311824
311636
311472
311335
311265
311222
311128
310747
310675
310610
310608
310564
310146
310045
309942
309935
309912
309842
309823
309751
309676
309603
309566
309380
309323
309313
309125
308973
308801
308740
308737
308636
308299
307904
307898
307893
307878
307787
307439
307335
307330
307078
307072
307045
306934
306914
306489
306353
306210
306161
306137
306119
306076
306068
306058
306038
306020
305742
305720
305684
305476
305454
305320
305274
305215
305071
304923
304857
304619
304430
304274
304182
304059
304034
303859
303857
303736
303641
303637
303618
303614
303572
303504
303489
303480
303419
303289
303276
303260
302863
302742
302663
302648
302603
302556
302483
302446
302382
302352
302328
302187
302183
302109
301951
301768
301722
301685
301496
301397
301336
301274
301149
300964
300889
300836
300729
300565
300444
300411
300397
299862
299757
299730
299706
299650
299646
299532
299502
299387
299338
299302
299247
299076
298940
298862
298859
298760
298538
298310
298169
298012
297918
297647
297647
297631
297388
297296
297163
297138
297125
297047
297043
297011
296970
296936
296927
296862
296786
296597
296576
296365
296355
296337
296318
296131
295893
295842
295603
295601
295430
295350
295327
295322
295193
295181
295036
294963
294839
294709
294469
294455
294423
294347
294345
294278
294225
293967
293938
293914
293871
293654
293591
293586
293425
293391
293209
292959
292935
292848
292764
292238
292066
291868
291868
291816
291504
291348
291178
291149
290956
290936
290834
290737
290737
290726
290671
290623
290353
290328
290323
290238
290124
290121
289913
289881
289861
289818
289473
289443
289384
289017
288929
288850
288770
288237
288141
288014
287927
287714
287633
287619
287615
287593
287424
287297
287246
287228
287201
287194
287175
287104
287056
287011
286837
286570
286531
286324
286206
285902
285786
285481
285460
285196
285063
285001
285001
284915
284859
284763
284618
284519
284487
284421
284306
284235
284035
284000
283943
283725
283705
283694
283657
283619
283504
283500
283493
283388
283134
283022
282930
282901
282728
282575
282464
282458
282317
282302
282271
282189
282170
282032
281617
281571
281515
281465
281222
281205
281068
280905
280780
280551
280423
280248
280241
280057
279944
279912
279533
278964
278908
278872
278734
278622
278533
278275
278192
278101
278064
277988
277913
277902
277685
277651
277515
277510
277403
277302
277285
277276
277116
277041
276993
276982
276729
276645
276628
276628
276539
276486
276310
276299
276241
276226
276109
276043
276041
275907
275866
275820
275705
275673
275565
275285
275215
275145
275122
274842
274722
274649
274631
274523
274504
274492
274429
274399
274236
273844
273731
273724
273652
273635
273601
273449
273381
273369
273285
273145
273105
273045
273033
272800
272792
272693
272667
272513
272293
272279
272239
271630
271515
271443
271382
271223
271209
271204
271046
270823
270734
270583
270562
270435
269842
269693
269606
269542
269431
269386
269327
269189
269027
269021
268913
268843
268778
268758
268639
268628
268591
268584
268559
268514
268408
268321
268265
268220
267895
267860
267816
267741
267712
267674
267648
267441
267424
267371
267341
267270
267210
267019
266939
266763
266708
266657
266537
266391
266358
266315
266120
266058
266012
265799
265654
265588
265567
265295
265289
265070
265012
264927
264752
264746
264706
264474
264238
263847
263740
263739
263736
263729
263698
263647
263636
263626
263593
263492
263431
263203
263153
263089
262875
262795
262552
262400
262355
262240
262229
262114
261952
261871
261858
261805
261595
261591
261588
261543
261519
261412
261302
261288
261239
261031
260978
260916
260692
260385
260239
260166
260067
259924
259685
259674
259643
259349
259334
259245
259207
259017
259014
258987
258977
258807
258692
258634
258477
258262
258254
258215
258187
258162
257878
257710
257619
257332
257277
257271
257258
257191
257155
257088
256992
256983
256964
256874
256763
256689
256679
256675
256617
256496
256296
256253
256161
256111
256110
256002
255979
255912
255891
255854
255789
255593
255186
255079
255070
254757
254671
254613
254513
254456
254309
254272
254222
253877
253717
253568
253291
253259
253178
253162
252822
252715
252705
252599
252486
252369
252224
252217
252086
252067
252030
251970
251903
251886
251769
251740
251560
251437
251432
251139
251134
251129
251051
250799
250741
250495
250469
250456
250345
250313
250043
249712
249668
249639
249623
249512
249487
249484
249419
249262
249214
249165
249134
248961
248952
248788
248779
248525
248430
248426
248311
248276
248197
248119
248058
247978
247949
247929
247802
247596
247429
247389
247355
247345
247325
247294
247289
247235
247170
247136
247132
246973
246915
246764
246699
246581
246492
246489
246316
246265
246140
246014
245808
245766
245722
245649
245424
245385
245371
245277
244874
244851
244816
244773
244770
244697
244660
244653
244535
244448
244398
244328
244285
244216
244201
244168
244167
243858
243828
243793
243767
243655
243575
243381
243283
243257
243202
243135
243050
243043
243033
242947
242886
242700
242629
242539
242286
242204
242183
242013
241917
241831
241795
241779
241745
241424
241318
241270
241254
241168
241152
241088
241083
241029
240488
240398
240359
240334
240167
240063
239826
239811
239719
239555
239522
239514
239383
239379
239334
239244
239164
239105
239049
239022
239007
238972
238780
238570
238517
238394
238378
238366
238250
238237
238237
238139
238085
238079
237988
237971
237970
237922
237898
237716
237319
237272
237229
236975
236917
236884
236590
236565
236551
236538
236532
236494
236473
236412
236017
235996
235860
235856
235811
235573
235447
235390
235267
235203
235065
235054
235048
235038
234927
234734
234577
234407
234351
234191
233707
233491
233469
233392
233355
233339
233328
233047
232951
232889
232772
232645
232522
232373
232150
232071
231816
231763
231517
231508
231491
231482
231132
231064
230951
230942
230704
230677
230594
230540
230517
230343
230188
230017
230000
229921
229826
229754
229749
229573
229489
229478
229455
229309
228861
228852
228830
228727
228671
228635
228579
228515
228127
228063
228034
228026
227899
227609
227578
227487
227479
227457
227237
227202
227177
227096
226881
226797
226771
226728
226567
226397
226110
226030
226017
225986
225837
225604
225586
225527
225421
225412
225376
225224
225153
225122
225038
224960
224791
224525
224365
224317
224280
224203
224187
224021
224012
223913
223909
223772
223768
223746
223683
223622
223379
223087
223085
223040
222971
222540
222357
222274
222254
222239
222152
221923
221704
221698
221685
221576
221528
221510
221372
221170
221110
221028
220779
220673
220661
220569
220262
220227
220212
220196
220177
219930
219928
219776
219403
219105
218816
218780
218491
218358
218266
218114
218088
218070
218031
217994
217937
217896
217640
217607
217402
217278
216958
216885
216866
216854
216827
216793
216786
216656
216522
216416
216358
216022
215968
215871
215713
215429
215372
215365
215249
215247
215240
215000
214934
214779
214764
214674
214670
214526
214475
214208
214157
213797
213694
213606
213557
213279
213255
213229
213093
213042
213006
212774
212771
212710
212666
212239
212111
212111
211989
211818
211789
211765
211654
211174
211141
211091
210988
210942
210911
210881
210716
210670
210522
210412
210341
210123
210063
209922
209884
209875
209836
209707
209646
209568
209442
209270
209225
209141
208960
208826
208807
208737
208728
208537
208422
208403
208372
208344
208340
208138
208005
207778
207659
207655
207513
207364
207306
207296
207264
207261
207183
207138
207111
207087
207060
207013
206931
206919
206620
206557
206547
206539
206210
206111
206014
205938
205928
205582
205555
205256
205215
205172
205145
205131
205129
205076
204959
204935
204840
204390
204267
203862
203810
203758
203681
203615
203527
203437
203257
203174
203036
202959
202934
202919
202695
202623
202567
202519
202516
202473
202462
202250
202108
201992
201895
201873
201835
201818
201778
201664
201660
201466
201417
201390
201382
201185
201144
201130
201102
201065
201032
201024
200990
200958
200897
200866
200862
200854
200823
200761
200740
200641
200513
200468
200434
200412
200236
200004
199992
199938
199929
199738
199657
199602
199569
199476
199457
199282
199265
199163
199041
199026
198946
198817
198795
198518
198469
198434
198352
197600
197475
197262
197081
196915
196770
196719
196660
196585
196494
196230
196200
195987
195665
195501
195371
195319
195052
194897
194860
194832
194736
194628
194600
194543
194517
194487
194443
194266
194237
194187
194118
194045
194044
193971
193791
193753
193748
193662
193501
193443
193366
193173
193036
192990
192746
192706
192638
192624
192586
192539
192491
192458
192393
192306
192301
192286
192246
192091
192083
192024
191972
191847
191737
191723
191616
191568
191363
191225
191158
190960
190960
190813
190719
190579
190462
190398
190308
189902
189891
189717
189456
189346
189014
188982
188778
188771
188573
188561
188524
188503
188449
188370
188316
188206
188135
188123
188087
187791
187528
187150
187112
186983
186922
186774
186759
186564
186437
186390
186307
186288
186187
186055
186008
185795
185781
185665
185585
185574
185426
185382
185365
185310
185215
185208
185165
185138
185018
184968
184944
184932
184834
184828
184795
184791
184744
184635
184311
184300
184287
184262
184245
184230
184193
184170
183709
183582
183543
183521
183492
183422
183416
183309
183309
183301
183193
183174
183155
183093
183047
182798
182771
182731
182456
182185
182142
182005
181976
181929
181927
181881
181746
181614
181584
181556
181482
181461
181375
181348
181316
180921
180874
180866
180741
180643
180561
180467
180366
180243
180017
179931
179845
179662
179632
179382
179281
179124
179080
178979
178872
178819
178809
178540
178422
178325
178172
178009
177827
177645
177561
177465
177281
177264
177218
176919
176777
176746
176734
176710
176451
176413
176413
176197
176149
175990
175763
175736
175732
175612
175473
175358
175329
175301
175293
175265
175069
174985
174984
174927
174891
174615
174556
174481
174440
174427
174415
174380
174286
174270
174145
174062
174046
173894
173886
173796
173787
173757
173715
173621
173619
173564
173525
173460
173319
173264
173132
173125
173111
173041
173012
172912
172876
172842
172749
172740
172656
172593
172475
172178
172133
172010
171728
171611
171540
171455
171322
171310
171297
171226
171003
170988
170827
170575
170482
170460
170394
170199
170130
170074
169944
169873
169738
169709
169629
169508
169489
169412
169289
169252
169234
169208
169170
169091
169087
169087
169084
168981
168789
168686
168466
168430
168317
168272
168035
168027
167902
167662
167640
167636
167623
167430
167423
167089
167081
167039
166996
166884
166875
166781
166751
166690
166521
166499
166336
166332
166286
166261
165976
165929
165905
165837
165787
165739
165613
165339
165018
164933
164806
164540
164441
164365
164362
164214
164114
164094
164012
163803
163663
163575
163564
163490
163490
163484
163164
163048
163022
162958
162679
162675
162610
162547
162392
162292
161847
161626
161620
161618
161494
161467
161457
161446
161262
161141
161061
160889
160835
160526
160416
160336
160271
160257
160121
160040
159897
159832
159780
159757
159592
159552
159168
159148
159115
159075
159071
158981
158906
158828
158695
158655
158546
158455
158322
158259
158073
157769
157757
157736
157700
157689
157432
157246
157241
157174
157155
157095
156908
156787
156742
156731
156724
156610
156569
156555
156473
156417
156368
156275
155831
155756
155717
155358
155323
155258
155159
155032
154981
154754
154643
154608
154357
154243
154106
154096
154073
154045
154035
153645
153553
153430
153362
153333
153305
153222
153184
152973
152926
152573
152530
152465
152152
152141
151925
151922
151776
151702
151351
151314
150728
150726
150634
150585
150403
150354
150200
150155
150086
149913
149683
149646
149437
149387
149324
149321
149308
149131
149125
149098
149083
149053
148970
148968
148874
148728
148411
148193
148180
148079
148040
147623
147452
147425
147323
147319
147278
147126
146912
146787
146772
146765
146533
146426
146328
146312
146051
145992
145851
145635
145632
145601
145503
145497
145335
145246
145244
145212
145095
144982
144866
144294
144221
144110
144008
143841
143800
143761
143687
143609
143385
143227
143031
143029
142949
142922
142648
142519
142353
142294
142251
142130
142044
141942
141854
141833
141827
141463
141437
141319
141261
141197
140934
140796
140687
140554
140379
140344
140292
140280
140095
140018
139914
139670
139614
139491
139282
139276
139073
139046
139033
138970
138927
138809
138690
138628
138451
138258
138255
138248
138183
138172
138156
138133
138036
137912
137888
137682
137567
137476
137457
137451
137403
137374
137374
137274
137136
137106
137098
136982
136762
136546
136450
135882
135675
135440
135415
135373
135192
135101
135044
135011
134930
134901
134810
134347
134332
134226
134089
134078
134007
133844
133532
132998
132854
132836
132825
132749
132697
132556
132436
132420
132301
132167
132127
132039
131971
131792
131772
131706
131696
131530
131518
131324
131214
131189
131033
131002
130928
130764
130553
130498
130437
130287
130200
130189
129934
129854
129832
129820
129815
129792
129767
129547
129389
129384
129280
129243
129174
129171
129144
128868
128758
128756
128594
128518
128467
128442
128237
128213
128184
128047
128043
127910
127888
127852
127792
127725
127663
127580
127548
127361
127303
127273
127268
127060
126882
126851
126758
126559
126519
126441
126340
126306
126243
126017
126010
125995
125983
125928
125712
125701
125564
125509
125508
125412
125186
125165
125035
125012
124995
124986
124941
124843
124830
124706
124626
124511
124496
124487
124482
124469
124448
124265
124230
124226
124063
123996
123784
123765
123651
123414
123395
123288
123220
123142
123069
123065
123065
122966
122955
122907
122793
122698
122644
122499
122332
122307
122268
122077
122076
122056
122043
122008
121990
121946
121922
121860
121809
121788
121775
121661
121610
121520
121136
120949
120924
120914
120895
120840
120835
120797
120755
120604
120485
120368
120336
120153
119917
119857
119691
119677
119601
119289
119221
119104
118956
118942
118903
118732
118721
118621
118494
118403
118223
118190
118182
118056
118056
118028
117982
117854
117786
117774
117556
117404
117398
117259
117145
117138
117127
116998
116549
116535
116532
116524
116477
116264
116262
116211
116005
115920
115810
115806
115351
115256
115205
115147
114863
114836
114711
114692
114598
114596
114559
114486
114408
114400
114157
114009
113910
113549
113274
113214
113100
112988
112949
112692
112677
112677
112635
112294
112237
112178
112169
112085
112035
111834
111827
111730
111724
111619
111561
111533
111357
111351
111328
111299
111124
111017
110957
110949
110738
110687
110637
110473
110269
110162
110093
109741
109687
109635
109619
109536
109313
109166
109079
109072
108727
108523
108505
108418
108382
108120
108007
107923
107910
107887
107783
107641
107590
107498
107390
107302
107263
107229
107170
107060
107036
106546
106411
106268
106217
105664
105620
105594
105498
105487
105398
105197
105174
104960
104835
104818
104795
104622
104550
104539
104476
104455
104306
104258
104063
104048
104042
103968
103616
103515
103351
103334
103271
103213
103060
102900
102807
102780
102713
102538
102514
102506
102492
102140
101887
101874
101843
101841
101778
101711
101517
101474
101343
101336
101172
100889
100662
100638
100622
100553
100514
100439
100366
100360
100152
99892
99891
99855
99685
99505
99482
99459
99320
99187
99162
99049
99040
98932
98882
98866
98834
98828
98645
98629
98580
98506
98319
98290
98082
98028
98023
97691
97688
97643
97365
97297
97123
96858
96815
96596
96512
96435
96225
96130
96043
95834
95599
95265
95241
95213
95161
95097
94500
94492
94488
94338
94224
94163
94122
94019
94010
93887
93841
93831
93789
93685
93613
93549
93496
93459
93383
93335
93312
93271
93140
93067
93058
93017
92996
92936
92644
92401
92383
92357
92341
92327
92230
92094
91973
91891
91741
91717
91660
91520
91500
91489
91482
91446
91397
91319
91141
91118
90872
90868
90865
90589
90567
90330
90181
90176
90130
90018
89825
89483
89279
89094
88889
88730
88664
88630
88586
88473
88369
88284
88057
88031
87792
87492
87424
87412
87300
87285
87260
87117
86903
86686
86498
86472
86312
86086
85998
85953
85897
85769
85734
85604
85520
85471
85450
85357
85280
85058
85049
84957
84717
84663
84456
84418
84157
84104
84101
83934
83853
83802
83717
83635
83371
83045
82863
82691
82183
82045
82032
81949
81872
81598
81520
81486
81477
81424
81351
81098
81047
81017
80743
80561
80549
80516
80355
80275
79871
79722
79697
79632
79492
79332
79225
79139
79129
79071
78763
78675
78580
78572
78445
78371
78262
78160
78141
78125
78086
77987
77987
77955
77938
77931
77848
77715
77647
77335
77333
77160
76912
76851
76735
76623
76518
76447
76324
76114
76078
76041
76033
76020
75983
75891
75609
75566
75337
75304
75302
75197
75092
74954
74859
74830
74798
74756
74680
74562
74470
74339
74253
74179
74096
74086
74075
73977
73764
73744
73722
73719
73640
73608
73155
73083
72974
72913
72789
72434
72287
72179
71940
71618
71588
71253
71126
70962
70888
70730
70659
70644
70639
70475
70367
70341
70299
70111
70027
70007
69961
69941
69791
69680
69636
69600
69535
69473
69325
69325
69056
69035
69011
68918
68823
67918
67534
67364
67364
67341
67286
67211
67163
66721
66441
66432
66400
66353
66270
65970
65940
65914
65828
65825
65795
65689
65659
65577
65504
65438
65416
65299
65102
65084
64968
64876
64788
64694
64688
64678
64594
64313
64276
64168
64070
63977
63918
63864
63758
63414
63331
63280
63160
63107
63101
62938
62750
62737
62611
62571
62414
62394
62379
62200
62109
62018
61811
61574
61350
61113
61100
61042
60717
60694
60602
60535
60456
60307
60156
60018
59893
59874
59845
59796
59770
59765
59718
59688
59590
59461
59418
59177
59081
59071
59053
59031
58996
58971
58963
58887
58655
58378
58320
58148
57923
57671
57273
57157
57001
56954
56913
56911
56906
56900
56802
56779
56679
56631
56625
56602
56570
56286
56283
56075
56037
55936
55685
55480
55405
55362
55292
55210
55159
55152
55112
55038
54489
54415
54319
54148
53895
53844
53659
53494
53261
53198
53092
52984
52975
52923
52741
52728
52710
52678
52624
52600
52596
52484
52027
51911
51769
51763
51524
51375
51213
51137
51112
51078
50967
50962
50835
50818
50771
50740
50726
50678
50465
50370
50310
50229
49853
49798
49771
49714
49668
49656
49595
49563
49491
49464
49417
49116
48969
48831
48749
48735
48594
48337
48052
48025
47998
47899
47858
47714
47592
47453
47113
46919
46875
46870
46688
46666
46573
46532
46527
46105
46066
45930
45395
45391
45078
45050
44908
44892
44872
44714
44707
44676
44579
44564
44562
44483
44145
44144
44033
43913
43834
43643
43568
43410
43382
43366
43333
43321
43235
42583
42562
42348
42343
42325
42288
42159
42011
41891
41779
41772
41753
41739
41465
41356
41321
41111
40962
40687
40657
40497
40465
40298
40099
40061
39887
39734
39701
39633
39542
39400
39389
39299
39194
39185
39064
38919
38876
38654
38574
38554
38464
38443
38258
38139
38124
37973
37907
37461
37364
37356
37338
37311
37305
37188
37145
37084
37013
36914
36776
36676
36657
36642
36623
36408
36329
36215
36168
35793
35781
35456
35392
35353
35301
35297
35187
35157
34992
34934
34792
34762
34655
34620
34612
34596
34226
34094
34060
34054
33471
33361
33358
33183
33054
33026
32641
32307
32295
32267
32247
32189
31976
31930
31906
31799
31714
31663
31655
31488
31420
31393
30949
30893
30877
30829
30725
30548
30533
30495
30289
30135
30091
30023
29879
29783
29709
29686
29542
29177
29071
29014
28938
28884
28862
28509
28470
28314
28293
28163
27896
27713
27548
27391
27244
27069
26976
26910
26889
26700
26619
26122
26111
26034
25647
25487
25332
25229
25053
24828
24761
24628
24497
24489
24362
24226
24195
23981
23951
23802
23647
23484
23479
23409
23257
23257
23215
23165
22899
22874
22803
22761
22743
22626
22502
22502
22284
22175
22158
22117
22051
21953
21919
21878
21873
21845
21827
21809
21789
21738
21717
21695
21599
21512
21428
21421
21343
21193
20617
20463
20447
20416
20193
20094
20015
19918
19896
19859
19818
19632
19617
19526
19469
19126
18965
18921
18834
18825
18746
18548
18462
18214
18197
18071
18018
17935
17593
17502
17267
17131
17120
16948
16927
16876
16863
16779
16626
16543
16461
16076
16021
15933
15805
15800
15676
15673
15656
15538
15491
15481
15453
15391
15355
15291
14907
14800
14749
14711
14560
14530
14514
14491
14392
14285
14262
14004
13840
13776
13717
13583
13524
13294
12808
12775
12751
12740
12623
12466
12427
12421
12382
12375
12113
12029
11884
11800
11679
11630
11585
11425
11399
11224
11099
10911
10874
10734
10666
10419
10326
10246
10087
9857
9757
9663
9647
9532
9409
9292
9158
8997
8890
8838
8708
7916
7914
7887
7744
7500
7461
7422
7417
7331
7253
7156
7072
7071
6900
6512
6510
6142
6132
6123
5990
5900
5827
5739
5576
5387
5153
5040
4807
4800
4746
4689
4662
4645
4064
3975
3917
3894
3824
3551
3357
3191
2952
2925
2914
2723
2706
2697
2564
2382
2266
1954
1518
1403
1345
932
914
659
577
479
449
394
384
351
233
