100
999407
983419
982593
977133
977066
952704
935305
935180
900025
896495
894198
893573
886129
880640
869431
866069
855757
846646
834305
833657
820484
785691
781176
742837
728649
709039
704463
698607
686579
685706
681881
668347
653259
639248
619665
614851
597756
592932
566851
564789
563048
552186
527681
520285
498935
490844
481812
473342
470907
468003
465151
463796
453578
453091
448415
447545
440315
420402
418274
404724
389754
372581
362849
361988
360123
357148
349819
344431
339959
331802
331180
294861
286543
281139
263368
242204
234328
218707
214190
196527
196180
190391
183966
169011
168270
128909
120937
120701
114909
98428
92405
78172
72548
65246
62289
61075
58638
36826
22154
4029
