10000
57
62
150
239
290
341
489
558
801
951
971
1068
1076
1110
1252
1265
1302
1435
1488
1505
1648
1717
1717
1760
1859
1898
2028
2039
2045
2096
2122
2144
2225
2326
2752
2782
2814
3015
3073
3305
3311
3467
3745
3753
3760
3877
3925
3943
3964
4022
4212
4295
4426
4637
4715
4730
4895
5341
5362
5448
5536
6010
6382
6573
6870
7201
7291
7806
7823
7851
7863
8053
8087
8320
8373
8385
8471
8478
8552
8593
8640
8640
8672
8676
8846
8937
9110
9135
9252
9331
9403
9512
9570
9605
9759
9863
9956
10022
10057
10121
10329
10436
10468
10634
10677
10803
10897
10902
10940
10987
11043
11079
11084
11106
11246
11282
11287
11301
11331
11436
11445
11679
11870
12193
12317
12339
12543
12559
12582
12685
12789
12826
13049
13188
13279
13345
13362
13379
13391
13392
13535
13635
13952
14054
14276
14332
14379
14389
14397
14467
14574
14670
14694
14742
14822
14842
14928
14958
14961
14963
14965
15216
15394
15413
15503
15506
15518
15571
15582
15602
15671
15715
15754
15907
16038
16131
16256
16284
16318
16405
16608
16614
16719
16747
16770
16794
16862
16906
16922
16963
17198
17379
17398
17555
17577
17648
17739
17991
18066
18143
18182
18483
18538
18600
18748
18901
18911
18924
19186
19414
19464
19638
19857
19969
19994
20198
20210
20484
20850
20995
21087
21371
21472
21479
21521
21568
21631
21788
21874
21934
21943
22074
22076
22087
22210
22324
22440
22452
22453
22453
22496
22580
22785
22862
22888
23275
23628
23640
23802
23867
24069
24399
24720
24808
24863
24970
25109
25227
25300
25346
25449
25574
25655
25655
25688
25787
25914
25918
25929
26046
26057
26164
26423
26481
26497
26616
26859
26931
26944
27233
27233
27271
27313
27323
27329
27449
27525
27694
27926
28053
28187
28276
28341
28343
28469
28648
28723
28970
28988
28990
29078
29102
29147
29450
29472
29838
30321
30619
30780
30800
30816
30935
31050
31116
31233
31503
31542
31577
31637
31780
31859
31881
32097
32245
32389
32462
32513
32578
32593
32654
32750
32883
32952
32958
33007
33053
33166
33425
33642
33708
34084
34116
34202
34542
34549
34566
34617
34632
34714
34726
34791
34844
34850
34873
34972
35105
35158
35181
35363
35562
35603
35887
35897
35915
35928
35968
35973
35981
35991
36147
36342
36444
36508
36590
36724
36808
36878
37121
37390
37392
37469
37557
37651
37960
38068
38095
38165
38250
38278
38386
38742
38859
38873
38924
38965
39101
39229
39245
39277
39327
39473
39591
39784
39785
39873
40238
40253
40389
40552
40590
40698
40775
41047
41080
41343
41573
41582
41722
41754
41764
41878
41938
42020
42021
42115
42136
42172
42178
42216
42328
42370
42370
42427
42594
42599
42717
42831
42853
43206
43302
43350
43542
43545
43578
43588
43723
43830
43992
44027
44671
44777
44922
44939
44960
44993
45097
45132
45134
45264
45331
45353
45470
45650
45905
45905
46051
46123
46209
46450
46582
46637
46828
47017
47280
47492
47726
47821
47898
47927
48056
48196
48249
48274
48301
48405
48426
48509
48513
48709
48774
48799
48849
49048
49176
49410
49528
49542
49593
49603
49697
49747
49972
50005
50127
50156
50194
50368
50398
50643
50811
51088
51160
51201
51423
51668
51699
51811
51829
51883
51894
52026
52305
52318
52403
52598
52615
52644
52753
52844
52874
52940
52995
53037
53351
53451
53542
53745
53886
53942
54184
54248
54520
54816
55047
55225
55252
55327
55388
55591
55820
55914
55919
56004
56133
56266
56451
56565
56597
56792
56835
56840
56874
56937
56967
56971
57007
57250
57357
57408
57539
57662
57672
57696
57804
57907
58149
58150
58182
58260
58368
58417
58843
58975
59086
59101
59157
59258
59363
59371
59372
59451
59516
59573
59592
59670
60035
60211
60272
60529
60753
60852
60852
60852
60949
61036
61232
61661
61773
61933
61936
61968
62003
62016
62029
62276
62367
62525
62701
62702
62715
62743
62909
62918
62954
62955
62983
62990
63137
63233
63349
63404
63438
63452
63464
63616
63638
63643
63750
63958
64005
64105
64130
64328
64373
64627
64660
64793
65370
65392
65448
65583
65613
65759
65809
65931
66061
66149
66209
66259
66293
66307
66328
66363
66386
66414
66427
66437
66602
66709
66724
67042
67050
67084
67158
67174
67319
67457
67945
68105
68153
68198
68474
68508
68535
68629
68873
68927
68931
68993
69069
69118
69278
69514
69739
69894
69978
70004
70116
70181
70208
70241
70375
70462
70576
70740
70745
70765
70784
70940
70992
71087
71106
71352
71416
71507
71823
72181
72212
72294
72412
72434
72443
72452
72459
72536
72655
72721
72723
72750
72793
72902
72947
72967
73058
73121
73158
73194
73281
73352
73605
73708
73714
73754
73759
74124
74300
74547
74549
74644
74686
74792
74819
74925
75121
75150
75196
75372
75428
75451
75540
75546
75918
75964
75986
76017
76019
76020
76047
76303
76310
76372
76680
76760
76823
76930
77036
77048
77163
77498
77524
77874
77946
78064
78266
78268
78378
78408
78493
78509
78629
78684
78693
78924
79098
79149
79269
79384
79409
79447
79513
79617
79687
79803
80085
80125
80247
80248
80320
80408
80777
80877
81059
81086
81117
81391
81422
81466
81564
81662
82024
82075
82090
82228
82359
82402
82713
82883
82884
82970
82977
83154
83282
83306
83563
83675
83823
84022
84158
84252
84326
84361
84378
84498
84644
84687
84761
84781
84895
84990
85010
85071
85317
85415
85520
85560
85692
85719
85806
85856
85925
86204
86238
86351
86373
86397
86621
86772
86909
86980
87089
87102
87106
87106
87131
87260
87355
87412
87466
87725
87894
87917
88024
88074
88077
88132
88169
88171
88195
88501
88514
88540
88612
88644
88806
88852
88943
89172
89256
89510
89594
89654
89835
89875
90097
90106
90125
90132
90171
90250
90335
90395
90513
90769
90776
90790
90877
90883
90886
90949
91154
91220
91428
91488
91589
91591
91709
91866
92202
92502
92517
92677
92708
92746
92961
93155
93236
93238
93271
93407
93486
93519
93533
93637
93703
93757
93957
94064
94122
94128
94140
94173
94338
94342
94393
94395
94631
94664
94715
94977
95182
95182
95560
95600
95712
95836
95883
95942
95957
96030
96355
96372
96374
96384
96388
96437
96448
96537
96612
96793
96871
97405
97452
97622
97985
98107
98139
98213
98252
98254
98270
98282
98287
98315
98397
98464
98688
98765
98771
98784
98864
99208
99270
99312
99353
99531
99670
99977
100053
100134
100138
100326
100383
100447
100468
100559
100715
100800
100843
100999
101024
101095
101305
101338
101495
101536
101596
101977
102015
102170
102206
102365
102380
102431
102493
102557
102582
102743
103058
103175
103289
103328
103385
103476
103490
103493
103745
103783
103864
103878
103906
104351
104418
104428
104452
104946
105002
105015
105056
105285
105294
105312
105624
105718
105901
105911
105919
105968
106017
106036
106038
106160
106163
106283
106298
106333
106341
106366
106488
106495
106561
106753
106771
106960
107112
107152
107305
107502
107549
107574
107585
107859
107866
108173
108194
108207
108459
108472
108507
108529
108629
108919
109059
109105
109188
109317
109412
109483
109630
109811
109821
109915
109999
110044
110131
110169
110213
110216
110351
110379
110599
110690
110804
110817
110945
111058
111110
111228
111259
111514
111569
111911
111949
112055
112268
112418
112430
112731
112771
112925
112988
113001
113097
113324
113439
113667
113680
113682
113690
113738
113780
113861
113947
113958
114076
114176
114233
114367
114451
114477
114512
114529
114645
114712
114925
114948
115027
115049
115079
115112
115201
115206
115398
115523
115553
115554
115719
115743
115850
115870
116002
116208
116306
116434
116780
116781
117015
117033
117278
117282
117284
117500
117518
117583
117610
117621
117669
117816
118169
118197
118376
118390
118546
118772
118792
118833
118861
118915
118944
119020
119280
119379
119389
119606
119712
119738
119825
119908
119929
120074
120137
120167
120181
120277
120309
120657
120751
121132
121193
121237
121282
121500
121689
121709
121721
121816
121877
121987
122005
122047
122126
122267
122279
122436
122601
122862
123067
123072
123080
123125
123165
123223
123236
123246
123473
123511
123514
123620
123723
123724
123861
124098
124102
124122
124150
124235
124247
124282
124387
124459
124493
125000
125061
125088
125120
125393
125420
125563
125657
125702
125708
125806
126130
126181
126517
126523
126565
126577
126643
126703
126754
127006
127107
127274
127428
127447
127575
127843
128190
128210
128293
128350
128366
128554
128662
128810
128821
128859
128864
128874
128957
128983
129050
129093
129116
129156
129230
129461
129586
129663
129837
130045
130080
130508
130514
130692
130699
130795
130914
130997
131127
131212
131244
131553
131560
131606
131686
131764
132171
132274
132342
132367
132424
132527
132648
132686
132763
132942
132979
133059
133274
133302
133323
133446
133501
133628
133718
133780
133796
133825
133940
134014
134043
134220
134355
134454
134545
134626
134796
134912
135083
135101
135216
135232
135285
135320
135334
135373
135842
135853
135868
135971
136242
136252
136287
136314
136488
136629
136713
136867
136914
136930
136944
137163
137217
137485
137585
137704
137969
138005
138116
138130
138207
138285
138432
138816
139080
139185
139265
139417
139600
139662
139709
139758
139767
139776
139820
139969
140014
140063
140139
140159
140174
140215
140257
140458
140889
140963
140977
140990
141088
141101
141123
141231
141264
141265
141445
141813
141870
142186
142246
142294
142374
142629
142781
142885
142947
143027
143038
143144
143189
143199
143263
143267
143313
143571
143704
143709
143791
143935
144121
144139
144441
144729
144878
144996
145030
145126
145358
145805
145871
145947
146031
146075
146094
146097
146102
146107
146201
146205
146393
146410
146727
146926
147135
147154
147219
147273
147348
147807
147817
147892
148065
148389
148511
148605
148616
148623
148890
149369
149552
149579
149609
149784
150013
150063
150166
150288
150410
150535
150646
150705
150917
151016
151255
151512
151540
151560
151788
151795
151872
151881
151881
151995
152004
152095
152103
152325
152413
152586
152598
152665
152688
152693
153052
153154
153154
153262
153375
153386
153394
153577
153654
153869
153928
153932
154057
154062
154213
154566
154600
154614
154779
154822
154825
154877
154994
155053
155100
155106
155142
155160
155249
155457
155528
155787
156137
156216
156250
156344
156378
156488
156503
156556
156874
156888
157056
157235
157275
157277
157306
157329
157553
157825
157844
157910
157925
158250
158264
158449
158506
158583
158745
158797
158802
158822
158843
158858
158862
158927
159098
159157
159238
159286
159632
159653
159897
159915
159935
159979
159991
160273
160304
160332
160350
160454
160475
160486
160513
160570
160965
161049
161071
161128
161132
161279
161407
161421
161556
161616
161623
161971
162406
162493
162531
162779
162825
162949
162984
162995
163076
163662
163677
164165
164264
164275
164277
164281
164329
164462
164632
164768
164776
164897
164959
164989
165056
165117
165274
165451
165462
165510
165711
165714
165927
165970
166035
166108
166212
166283
166302
166377
166443
166554
166656
166727
166812
166983
167069
167092
167175
167193
167335
167429
167439
167477
167648
167720
167721
167881
167905
167917
168031
168066
168161
168247
168262
168332
168377
168410
168434
168435
168493
168532
168642
168737
168743
168762
169171
169238
169369
169520
169572
169727
169853
169864
169934
169941
169990
170107
170315
170415
170691
171379
171392
171430
171514
171677
171707
171836
171933
172124
172229
172303
172431
172477
172564
172744
172902
173051
173064
173108
173143
173170
173397
173490
173499
173705
173747
173799
174022
174064
174095
174116
174218
174348
174434
174643
174654
174717
174727
174796
174895
175038
175101
175124
175241
175295
175335
175336
175449
175470
175620
175649
175796
175829
176016
176091
176093
176215
176337
176373
176398
176573
176751
176768
176794
177024
177050
177187
177327
177469
177516
177567
177652
177749
177790
177854
178180
178342
178379
178483
178587
178697
179003
179117
179481
179498
179682
179753
179932
179998
180051
180147
180190
180466
180482
180504
180591
180603
180632
180734
180774
180951
180983
181168
181477
181737
181761
181771
181854
181991
182001
182016
182086
182207
182286
182306
182383
182464
182466
182515
182566
182769
182870
182992
183021
183117
183322
183376
183581
184015
184019
184024
184077
184249
184271
184311
184365
184449
184862
185106
185141
185340
185539
185545
185586
185708
185714
185874
185930
185975
186036
186190
186417
186421
186615
186641
186685
186862
186976
186996
187128
187230
187252
187317
187407
187512
187529
187605
187764
187898
187973
188151
188305
188376
188473
188644
188680
188742
188845
188909
189084
189180
189218
189277
189399
189501
189632
189771
189802
189894
189921
190005
190069
190095
190242
190310
190409
190442
190582
190761
190789
190878
190945
191055
191222
191339
191388
191396
191408
191645
191765
191795
191892
191902
192020
192163
192241
192441
192445
192519
192522
192757
192899
193062
193098
193189
193261
193386
193405
193421
193617
193816
193896
193990
194011
194039
194154
194268
194339
194419
194634
194668
194891
194983
195156
195185
195256
195309
195354
195497
195513
195552
195622
195640
195660
195686
195687
196028
196217
196309
196342
196651
196886
196888
196926
196933
196996
197046
197154
197172
197229
197333
197365
197549
197633
197637
197979
198134
198216
198311
198359
198417
198540
198587
198644
198686
198688
198879
199267
199334
199417
199426
199603
199666
199748
199857
199865
199977
200001
200159
200464
200526
200527
200531
200544
200549
200573
200626
200640
200782
200913
201001
201001
201086
201361
201408
201516
201670
201754
201757
201914
202012
202058
202103
202117
202349
202398
202562
202595
202660
203270
203372
203604
203607
203615
203721
203773
203797
204176
204185
204370
204481
204498
204504
204626
204763
204864
205026
205049
205095
205110
205155
205214
205280
205370
205372
205668
205684
205718
205885
206040
206172
206270
206364
206561
206680
206706
206827
207001
207004
207058
207076
207132
207184
207320
207391
207393
207409
207415
207644
207708
207788
207853
207988
208031
208084
208098
208476
208538
208594
208605
208755
209383
209393
209459
209469
209886
209905
210051
210068
210145
210163
210355
210371
210387
210419
210536
210570
210744
210796
210806
210962
211006
211050
211091
211376
211440
211455
211545
211566
211692
211730
211733
211744
211770
212068
212594
212698
212708
212953
213032
213175
213201
213337
213617
213685
213730
213888
214008
214308
214321
214332
214432
214525
214671
214853
214869
214939
215212
215306
215307
215319
215397
215465
215657
215689
215835
215840
215925
215989
216001
216006
216121
216241
216330
216346
216451
216465
216617
216685
216812
216888
217830
217949
218386
218391
218518
218598
218630
218688
218916
218958
218999
219055
219067
219143
219146
219156
219243
219275
219393
219507
219623
219717
219834
219895
220017
220050
220056
220139
220252
220271
220301
220434
220456
220488
220524
220528
220850
220911
220974
221047
221169
221229
221285
221296
221316
221496
221507
221545
221668
221753
221926
221985
222363
222417
222433
222498
222560
222693
222764
222781
222865
222951
223231
223305
223448
223502
223516
223593
223730
223794
223968
223986
224038
224071
224367
224440
224502
224769
224829
224884
225046
225067
225141
225339
225469
225585
225603
225913
226141
226315
226358
226737
226952
227040
227373
227477
227942
227965
228162
228180
228370
228411
228542
228613
228676
228748
228759
228847
228904
229275
229438
229611
229674
229772
229925
230019
230204
230238
230251
230590
230623
230717
230829
231087
231136
231136
231157
231343
231347
231352
231404
231412
231607
231672
231702
231757
231946
232000
232003
232037
232150
232189
232328
232541
232567
232612
232658
232666
232814
233273
233288
233385
233404
233454
233530
233703
234086
234110
234351
234417
234673
234680
234794
234860
235140
235264
235291
235312
235323
235412
235462
235527
235614
235989
236196
236316
236345
236379
236447
236538
236613
236665
236704
236733
236766
236822
236950
237032
237153
237189
237288
237321
237450
237507
237514
237605
237740
237809
237984
238045
238322
238322
238386
238545
238571
238578
238588
238628
238793
238850
238922
238999
239014
239048
239067
239146
239220
239273
239278
239426
239498
239500
239518
239652
239699
239701
239744
239815
239823
239878
240009
240062
240178
240356
240603
240682
240692
240716
240807
240864
241104
241111
241309
241403
241439
241548
241607
241642
241664
241701
241933
242000
242024
242111
242193
242534
242608
242707
242911
242993
243084
243171
243239
243251
243253
243306
243334
243358
243440
243487
243501
243507
243572
243649
243773
243826
243887
243921
243944
243999
244029
244060
244124
244391
244809
244863
245061
245160
245251
245317
245439
245500
245890
245896
246004
246080
246104
246188
246231
246388
246692
246692
246761
246787
246837
246982
247026
247060
247372
247490
247523
247566
247652
247832
247832
247857
247869
247942
248018
248129
248135
248257
248285
248307
248406
248730
248758
248841
248859
248945
249041
249063
249105
249107
249144
249212
249249
249343
249443
249494
249583
249615
249628
249637
249807
249836
249862
249862
250083
250161
250271
250423
250633
250742
250813
250971
251077
251096
251098
251155
251183
251212
251227
251255
251258
251274
251350
251440
251592
251594
251616
251679
251782
251859
251904
251952
251967
252159
252348
252529
252547
252556
252569
252755
252765
252866
253003
253025
253074
253156
253167
253425
253552
253623
253884
254127
254305
254322
254526
254649
254703
254800
254819
254950
255018
255188
255215
255332
255426
255480
255484
255615
255708
255717
255838
255897
255946
255959
256041
256174
256225
256244
256280
256650
256655
256687
256763
257015
257262
257378
257393
257447
257536
257543
257644
257757
257796
257805
257871
257931
258041
258041
258121
258135
258148
258297
258334
258435
258439
258530
258638
258701
258732
258901
259038
259075
259094
259255
259285
259454
259686
259887
260026
260097
260141
260221
260360
260455
260509
260509
260523
260615
260616
260631
260674
260871
260895
261296
261318
261601
261747
261751
261792
261835
261878
262150
262166
262268
262711
262811
262862
262893
263029
263565
263649
263821
263834
263834
263961
264038
264070
264103
264323
264327
264349
264469
264566
264646
264811
264893
264981
265012
265043
265136
265195
265328
265432
265496
265526
265587
265735
265786
265942
266068
266354
266457
266470
266473
266491
266507
266616
266712
266736
266846
266881
267117
267164
267227
267248
267253
267290
267303
267397
267467
267508
267771
267834
267869
267920
268072
268320
268415
268498
268505
268799
268800
268858
269144
269199
269343
269582
269729
269756
269910
269996
270048
270109
270191
270199
270240
270322
270538
270550
270725
270748
270921
271092
271113
271311
271339
271359
271370
271629
271781
271829
271829
271962
272262
272361
272383
272485
272589
272741
272746
272789
272855
272988
272994
273136
273216
273221
273269
273349
273430
273513
273528
273582
273665
273685
273969
274021
274150
274223
274278
274489
274601
274630
274813
274868
274936
275029
275379
275501
275538
275559
275723
275786
275793
275853
275894
275979
276009
276632
276686
276829
277033
277060
277459
277489
277566
277575
277668
277681
277686
277747
277797
277890
278087
278090
278149
278330
278360
278462
278691
278727
278749
278788
278824
278931
278991
279093
279128
279369
279382
279491
279827
280035
280507
280610
280640
280695
280753
280793
280808
280962
281081
281142
281182
281206
281326
281399
281427
281502
281518
281838
281918
282022
282033
282073
282080
282130
282296
282327
282405
282521
282530
282601
282693
282703
282714
282963
283018
283304
283338
283339
283416
283451
283455
283469
283723
283779
283920
283939
284007
284030
284151
284433
284475
284487
284505
284553
285024
285389
285502
285602
285633
285665
285878
285902
285904
285918
285921
286079
286082
286199
286558
286749
286886
286928
286971
286976
286994
287047
287103
287169
287177
287215
287311
287351
287590
287700
287728
287790
287815
287929
288200
288416
288580
288707
288744
288848
288922
289071
289267
289377
289657
289742
289776
289879
289934
289964
290006
290042
290124
290145
290180
290292
290463
290513
290616
290661
290739
291005
291033
291118
291195
291232
291340
291470
291523
291539
291564
291604
291639
291646
291712
291737
291863
291864
291886
291935
292022
292046
292186
292300
292467
292673
292787
292933
293196
293247
293265
293326
293470
293478
293558
293569
293570
293743
293774
293857
293897
293911
293920
293998
294083
294118
294193
294339
294576
294653
294823
295293
295477
295514
295541
295543
295849
295926
295928
296088
296095
296207
296268
296344
296415
296445
296461
296476
296478
296661
296710
296730
296736
296766
296908
296930
296934
296999
297191
297212
297316
297511
297554
297669
298043
298089
298314
298507
298573
298621
298659
298756
298938
299145
299205
299318
299322
299371
299478
299506
299555
299589
299706
299763
299792
300033
300056
300207
300225
300293
300389
300506
300681
300685
300729
300805
300819
300881
300953
300966
301308
301472
301723
301732
301804
301825
301840
301916
301998
302003
302064
302075
302229
302304
302336
302584
302602
302849
302920
303443
303616
303745
303771
303888
303896
304031
304093
304196
304841
304875
305364
305378
305492
305581
305596
305629
305699
305753
305757
305873
306200
306212
306779
306892
306956
306988
306999
307248
307364
307491
307530
307667
307783
307924
308028
308035
308065
308077
308137
308211
308249
308450
308490
308500
308512
308519
308535
308550
308553
308593
308661
308736
308886
308997
309012
309017
309074
309113
309244
309336
309422
309581
309609
309651
310034
310158
310221
310232
310357
310497
310535
310592
310750
310996
311010
311168
311232
311403
311431
311622
311650
311666
311675
311724
311886
311890
311902
311959
311959
312059
312130
312182
312301
312388
312389
312507
312545
312725
312850
313157
313220
313240
313337
313789
313823
313975
314154
314156
314189
314266
314310
314455
314516
314669
314764
314808
314835
314944
315048
315071
315086
315101
315111
315167
315293
315472
315626
315701
315851
315910
315984
316096
316167
316322
316910
316915
316999
317245
317319
317378
317378
317535
317750
317759
317810
317810
317879
317947
318040
318128
318309
318317
318331
318365
318427
318719
318796
319018
319079
319188
319209
319426
319448
319477
319560
319915
319941
320072
320110
320165
320325
320491
320561
320765
320908
321000
321415
321593
321714
321719
321826
321884
321909
321910
321960
322128
322254
322404
322454
322472
322529
322546
322688
322746
322859
322868
322920
322970
323131
323142
323324
323482
323654
323689
323733
323871
323962
324275
324283
324395
324406
324494
324521
324528
324589
324650
324650
324762
324849
324912
324982
325069
325147
325152
325332
325376
325569
325766
325808
326225
326351
326548
326731
327011
327017
327028
327045
327069
327718
327978
328443
328477
328502
328845
328896
328987
329152
329175
329364
329504
329510
329658
329683
329729
329748
329756
329823
330220
330630
330659
330853
331008
331020
331097
331356
331367
331426
331499
331541
331607
331631
331658
331682
332218
332225
332378
332382
332428
332477
332607
332662
332755
332929
332945
333233
333305
333312
333498
333506
333513
333625
333666
333895
333967
334211
334228
334244
334435
334493
334610
334698
334756
335083
335112
335204
335529
335529
335619
335674
335871
336001
336124
336235
336637
336739
336798
336831
336956
337030
337045
337131
337250
337287
337294
337446
337641
337786
337827
337910
337977
338029
338095
338100
338124
338143
338270
338281
338458
338476
338562
338568
338673
338814
338922
338947
339007
339197
339354
339389
339425
339474
339625
339741
339800
340073
340170
340243
340335
340361
340363
340450
340467
340565
340679
340719
340802
340947
341002
341114
341257
341258
341369
341426
341489
341503
341549
341567
341618
341764
341807
341810
341910
342011
342076
342116
342245
342316
342407
342555
342688
343032
343049
343182
343235
343424
343437
343582
343587
343665
343674
343677
343717
343766
343867
343888
343940
344095
344192
344638
344652
344930
345157
345261
345348
345379
345390
345395
345608
345648
345729
345911
346172
346184
346187
346431
346457
346475
346774
346996
347211
347252
347255
347263
347267
347408
347495
347497
347579
347783
347794
347948
348149
348151
348232
348360
348419
348554
348566
348572
348621
348794
348821
348842
348947
348962
349020
349081
349108
349116
349143
349353
349370
349411
349425
349441
349644
349757
349881
349935
349967
350028
350085
350118
350182
350278
350421
350454
350523
350726
350794
350815
350870
350905
351046
351262
351299
351471
351532
351586
351599
351755
351773
351954
352403
352493
352521
352673
352696
352750
352806
352808
352811
352901
352955
353010
353160
353298
353430
353701
353782
353855
354067
354088
354221
354329
354381
354549
354596
354656
354846
354989
355074
355180
355235
355250
355280
355378
355453
355458
355618
355834
355838
355869
356094
356148
356264
356279
356307
356334
356393
356605
356789
357077
357167
357235
357423
357453
357502
357648
357680
357797
357815
357883
358215
358240
358289
358348
358637
358705
358968
358975
359127
359132
359133
359472
359528
359530
359603
359675
359768
359871
359896
359969
360151
360513
360527
360758
360838
360961
361065
361105
361118
361425
361688
361700
361774
362038
362203
362225
362281
362320
362439
362619
362936
363035
363194
363246
363267
363303
363419
363625
363676
363731
363731
363920
363932
364026
364163
364171
364197
364285
364451
364472
364475
364500
364820
364847
364915
365013
365049
365148
365391
365569
365651
365696
365793
365874
365977
366197
366326
366332
366410
366639
366678
366733
366974
367239
367269
367282
367371
367390
367498
367619
367660
367753
367796
367804
367909
367927
367935
368326
368437
368785
368901
368913
368952
368963
368976
369005
369212
369374
369465
369467
369477
369499
369683
370001
370116
370305
370335
370376
370557
370568
370658
370694
370989
371018
371041
371312
371329
371469
371501
371570
371645
371714
371835
372055
372147
372272
372460
372791
372992
373160
373201
373228
373356
373427
373598
373888
373939
373951
373952
374040
374435
374605
374644
374674
374803
374823
374827
374997
375348
375355
375404
375468
375553
375645
375921
376025
376057
376318
376411
376444
376529
376688
376730
376755
376855
376960
377006
377399
377543
377568
377747
377829
377929
377936
378057
378224
378372
378552
378641
378947
378975
379123
379135
379191
379224
379262
379379
379470
379497
379583
379658
379805
379832
379938
379984
380164
380329
380345
380547
380768
380785
380932
380994
381128
381168
381262
381444
381611
381658
381726
381853
381855
382097
382213
382225
382501
382555
382831
382867
383184
383286
383291
383647
383653
383738
383891
384088
384279
384389
384485
385041
385089
385267
385273
385328
385628
385693
385743
385772
385789
385819
385858
385967
386025
386169
386174
386374
386433
386463
386525
386536
386566
386649
386693
386735
386862
387014
387065
387099
387220
387236
387266
387492
387522
387710
387764
387803
387926
388192
388203
388330
388391
388442
388658
388681
389123
389176
389217
389222
389226
389246
389593
389740
389754
389763
389803
389901
389952
389966
390075
390114
390116
390391
390467
390528
390718
390751
390927
390951
391156
391220
391274
391415
391434
391729
392004
392352
392389
392529
392599
392601
392704
392760
393010
393035
393243
393294
393730
393786
393851
393882
393959
394270
394381
394580
394735
394752
394873
394942
395024
395037
395054
395099
395297
395329
395519
395520
395670
395677
395697
395772
395807
396018
396052
396093
396148
396153
396246
396310
396658
396805
397074
397166
397442
397606
397647
397700
397938
398277
398302
398357
398463
398480
398560
398598
398640
398851
398933
399339
399424
399539
399551
399843
400006
400026
400047
400239
400293
400349
400432
400543
400564
400567
400709
400824
400844
400849
400873
400958
400988
401026
401106
401128
401201
401233
401314
401395
401439
401596
401740
402114
402232
402254
402288
402577
402611
402693
402719
402887
402952
402994
403112
403212
403372
403417
403490
403878
403969
403994
404006
404071
404101
404245
404294
404294
404438
404471
404543
404577
404640
404705
404823
405190
405190
405254
405295
405614
405736
405794
406015
406051
406059
406516
406713
406878
407028
407216
407622
407712
407856
407898
407951
408016
408151
408287
408353
408375
408522
408543
408850
408856
409008
409045
409127
409149
409391
409436
409563
409725
409929
410043
410054
410264
410269
410508
410575
410872
410989
411007
411010
411412
411539
411730
411850
412143
412148
412210
412233
412403
412452
412459
412582
412598
412641
412750
412921
412927
412960
413034
413155
413174
413249
413283
413465
413555
413904
414007
414040
414286
414302
414387
414461
414491
414507
414818
415094
415108
415237
415472
415678
415715
415856
415934
416113
416371
416386
416397
416425
416488
416508
416658
416753
416785
417281
417283
417303
417378
417519
417555
417648
417696
417701
417705
417714
417865
417920
417997
418026
418145
418159
418283
418306
418329
418368
418981
419164
419500
419696
419769
420005
420048
420053
420215
420429
420576
420629
420691
421060
421061
421408
421472
421484
422101
422163
422215
422248
422411
422472
422519
422568
422647
422810
422831
422941
422961
423008
423108
423161
423195
423429
423543
423559
423748
423751
423855
423893
424042
424337
424552
424571
424573
424613
424617
424726
424820
424845
424968
425025
425036
425151
425212
425221
425385
425405
425427
425496
425638
425886
425918
426035
426042
426435
426495
426525
426944
427111
427215
427245
427300
427329
427413
427455
427528
427588
427912
427999
428043
428047
428104
428218
428264
428577
428726
428776
428961
428985
429310
429582
429745
429845
429870
429902
429916
429917
429951
430021
430088
430166
430169
430563
430620
430702
430943
431010
431104
431115
431256
431329
431954
432017
432064
432210
432215
432277
432293
432307
432453
432458
432533
432611
432659
432678
432810
432852
432921
433055
433100
433315
433496
433529
433805
434081
434090
434213
434355
434389
434524
434609
434732
434946
435129
435341
435667
435758
435792
435824
435904
435946
436110
436163
436172
436176
436219
436285
436291
436411
436639
436687
436699
436749
436763
436867
436974
437112
437140
437175
437477
437692
437733
437894
438052
438156
438309
438375
438425
438431
438498
438504
438688
438753
438952
439069
439089
439490
439535
439609
439728
439946
440095
440109
440132
440291
440624
440929
441009
441044
441174
441200
441336
441471
441589
441647
441734
441774
441827
441999
441999
442007
442052
442088
442168
442268
442286
442297
442436
442486
442629
442700
442908
443077
443086
443106
443192
443202
443277
443460
443571
443736
443956
444179
444397
444405
444525
444625
444631
444779
444780
444813
445050
445097
445144
445165
445255
445311
445316
445716
445888
445897
445954
446159
446290
446600
446731
446732
446736
446771
446890
447113
447169
447179
447187
447222
447340
447357
447481
447579
447674
447719
447843
447875
447993
448012
448089
448185
448210
448353
448469
448518
448594
448695
448787
448936
448948
448998
449037
449055
449335
449336
449345
449345
449573
449651
449685
449726
449962
449999
450080
450089
450144
450239
450312
450378
450436
450497
450616
450619
450713
450762
451218
451294
451326
451364
451429
451430
451640
451829
451863
451968
452117
452458
452521
452545
452689
452726
452736
452868
452923
453078
453210
453237
453518
453560
453661
453735
453823
454058
454142
454191
454218
454448
454636
454688
454749
454852
454899
455116
455209
455360
455449
455474
455495
455549
455674
455688
455698
455715
455768
455820
455958
456081
456111
456210
456328
456346
456349
456490
456539
456639
456756
456880
456908
456976
457003
457006
457159
457354
457426
457818
457883
457913
457953
458249
458514
458627
458704
458894
458947
458993
459025
459150
459181
459214
459264
459381
459410
459697
460168
460322
460409
460441
460484
460488
460641
460686
460706
460712
460834
460881
460904
460947
460982
461038
461052
461064
461075
461125
461161
461164
461228
461265
461304
461337
461394
461462
461472
461514
461593
461643
461736
461748
461754
461851
461854
461963
462127
462418
462465
462541
462574
462644
462651
462704
462756
463181
463188
463301
463375
463482
463493
463557
463574
463710
463881
463949
463967
464010
464351
464447
464722
464729
464748
464758
465083
465273
465533
465534
465830
465833
466001
466063
466155
466162
466208
466257
466272
466420
466436
466536
466560
466628
466650
466749
466917
467092
467210
467223
467227
467279
467650
467818
467971
468014
468017
468523
468594
468871
469140
469301
469350
469380
469464
469593
469636
469649
469664
469691
469823
469929
469965
470160
470198
470261
470567
470612
470648
470688
470750
470754
470763
470917
471029
471084
471096
471109
471190
471806
471826
471959
472141
472152
472305
472375
472545
472569
472823
472860
472902
473198
473268
473312
473432
473468
473469
473511
473556
473617
473619
473647
473724
473800
473906
473917
473979
474061
474135
474593
474707
474802
474967
475209
475467
475528
475598
475636
475662
475776
475780
475892
476064
476264
476275
476323
476340
476362
476429
476546
476576
476635
476656
476661
476685
477257
477350
477389
477631
477748
477771
477914
477980
478062
478121
478201
478310
478382
478617
478619
478746
478801
478863
478866
478923
478938
479150
479183
479351
479423
479426
479468
479592
479660
479706
479906
480561
480602
480625
480758
481369
481391
481428
481505
481899
481907
481920
482040
482083
482248
482276
482278
482390
482426
482504
482550
482775
483190
483220
483321
483374
483480
483521
483619
483641
483728
483770
483774
483947
484000
484073
484255
484640
484680
484715
484720
485031
485191
485202
485693
485759
485846
485879
485905
485990
486061
486082
486255
486466
486607
486627
486649
486696
486703
486709
487012
487014
487119
487145
487147
487164
487405
487576
487797
487995
488051
488323
488405
488787
488836
488961
489157
489286
489356
489465
489490
489628
489638
489649
489704
489750
489893
489909
490004
490362
490465
490609
490775
490823
490859
490945
490981
491041
491115
491318
491402
491501
491573
491766
491868
491904
491979
492054
492056
492324
492383
492623
492666
492686
492710
492821
492861
493041
493064
493065
493270
493817
493872
493988
494004
494015
494207
494256
494401
494410
494425
494596
494674
494997
495344
495347
495373
495459
495571
495596
495657
495899
495925
495962
495978
496077
496106
496386
496387
496467
496687
496713
496814
496815
496831
496838
496894
496939
497049
497091
497241
497260
497268
497286
497675
497747
497776
497787
497818
497838
497899
498183
498489
498803
499053
499120
499259
499263
499311
499580
499608
499625
499652
499786
499810
499904
499939
500029
500058
500096
500147
500400
500456
500482
500610
500906
500948
501177
501194
501245
501362
501623
501681
501929
502108
502527
502545
502724
502820
502896
502957
502962
502969
503221
503263
503329
503389
503469
503485
503551
503646
503807
503867
504041
504110
504132
504362
504416
504524
504567
504612
504790
504803
505203
505282
505301
505306
505370
505409
505439
505509
505526
505572
505787
505816
505979
506049
506075
506230
506322
506432
506498
506547
506628
507042
507337
507361
507581
507620
507864
507924
508160
508182
508210
508292
508296
508369
508377
508405
508456
508590
508747
508796
508843
508981
509017
509073
509136
509307
509491
509582
509674
509766
509880
509884
510037
510056
510143
510225
510367
510411
510486
510514
510529
510618
510716
510849
511124
511150
511170
511327
511406
511443
511651
511760
511794
511832
511929
511958
512051
512108
512223
512343
512371
512638
512641
512775
512822
512915
512924
513326
513377
513419
513516
513519
513678
513687
513734
514082
514158
514663
514711
514937
514945
515089
515134
515260
515304
515391
515451
515496
515517
515586
515703
515856
515864
516185
516224
516269
516414
516441
516450
516469
516470
516551
517024
517224
517358
517389
517514
517519
517573
517579
517714
517846
517989
518126
518169
518253
518402
519213
519239
519256
519381
519412
519490
519516
519562
519691
519702
519771
519780
519905
519955
520033
520105
520133
520150
520191
520278
520317
520404
520423
520478
520681
520752
520812
520897
520949
521088
521105
521367
521477
521510
521642
521725
521947
521957
522231
522421
522811
522821
522867
522939
523091
523415
523467
523475
523613
523749
523914
523957
524168
524249
524573
524751
525030
525066
525163
525171
525213
525244
525266
525380
525479
525674
525698
525699
525712
525782
525949
525983
526320
526346
526425
526472
526473
526581
526587
526669
526706
526777
526814
526836
526898
526909
527099
527116
527166
527210
527308
527326
527342
527346
527366
527376
527400
527573
527662
527722
527894
528008
528149
528182
528598
528894
528918
528943
528962
529078
529093
529366
529520
529610
529802
530067
530189
530225
530639
530764
530769
530893
530902
530918
531008
531078
531212
531243
531428
531452
531513
531856
532012
532117
532179
532207
532253
532304
532357
532361
532602
532745
532759
532796
532829
532962
533068
533134
533134
533320
533620
533642
533686
533779
533867
534102
534335
534356
534359
534379
534587
534623
534700
534821
535080
535128
535177
535203
535253
535290
535442
535465
535492
535537
535542
535574
535640
535818
535944
536011
536138
536297
536440
536446
536541
536633
536665
536684
536861
536998
537149
537249
537341
537405
537590
537715
537861
538164
538435
538656
538710
539072
539183
539241
539290
539569
539742
539865
539901
539902
539960
539974
540084
540095
540180
540231
540345
540448
540466
540501
540547
540675
540781
540794
540839
540945
540958
541013
541048
541093
541171
541294
541405
541646
541664
541888
541970
542086
542138
542183
542245
542247
542355
542378
542412
542640
542755
542790
542949
543114
543166
543194
543194
543326
543332
543421
543424
543634
543638
543659
543800
543958
544117
544198
544199
544205
544309
544362
544461
544541
544587
544625
544637
544655
545063
545099
545104
545120
545564
545708
545748
545951
545996
546042
546101
546150
546238
546334
546459
546710
546806
546850
546897
547280
547296
547544
547618
547648
547853
547892
548008
548010
548029
548167
548214
548287
548323
548434
548529
548650
548673
548686
548723
548776
548864
548903
549336
549363
549439
549472
549478
550123
550425
550549
550606
550652
550716
550725
550791
550802
550831
550884
551204
551227
551231
551416
551467
551596
551601
551654
552120
552132
552246
552341
552444
552477
552599
552615
552846
552875
553016
553202
553223
553599
553734
553773
553798
553991
554075
554099
554326
554405
554493
554503
554544
554673
554746
554771
554806
555059
555112
555171
555275
555453
555546
555553
555567
555626
555646
555659
555660
555717
555802
556031
556182
556186
556192
556214
556225
556297
556862
556884
556986
557579
557606
557644
557655
557682
557721
557739
557829
557905
557908
557909
558005
558031
558092
558145
558172
558206
558243
558609
558638
559007
559050
559202
559305
559358
559409
559580
559695
559707
559735
559869
559898
559964
559969
560209
560367
560431
560448
560476
560502
560532
560536
560545
560597
560667
560685
560910
560962
561085
561117
561131
561253
561338
561464
561508
561529
561583
561730
561884
561964
562034
562078
562153
562230
562455
562622
562772
562924
562932
562937
563043
563216
563227
563381
563572
563613
563620
563752
563767
563849
564017
564095
564203
564212
564298
564299
564344
564458
564578
564806
564901
564986
565354
565455
565575
565706
565762
565792
565832
566000
566008
566256
566320
566325
566360
566365
566606
566798
566913
566988
567001
567311
567422
567422
567646
567823
567883
567909
568201
568293
568325
568356
568392
568450
568457
568508
568578
568648
568948
568977
568982
569010
569026
569074
569179
569201
569381
569408
569515
569605
569744
569773
569914
569946
569980
570031
570103
570244
570354
570508
570658
570749
570797
570942
570946
571204
571272
571277
571675
571874
571974
572098
572106
572476
572591
572632
572690
572786
573473
573485
573504
573581
573583
573732
573735
573891
573997
574139
574177
574189
574230
574297
574360
574386
574433
574663
574731
574767
574778
574847
574963
574994
575016
575138
575179
575368
575409
575516
575589
575746
576004
576192
576245
576261
576389
576501
576567
576751
576779
576857
576876
576951
577045
577205
577231
577233
577335
577504
577524
577563
577795
577803
577865
578012
578133
578426
578441
578489
578521
578623
578804
578823
578862
578930
579550
579569
579687
580129
580194
580362
580450
580546
580549
580651
580660
580729
580978
580980
581186
581196
581351
581577
581629
581676
581694
581716
581721
581834
581901
581911
581989
582176
582230
582278
582590
582716
582733
582749
582780
582808
582881
583007
583113
583208
583228
583299
583360
583517
583567
583585
583696
583718
583788
583834
583840
583848
583983
584024
584113
584131
584332
584552
584589
584605
584759
584798
585264
585294
585447
585519
585607
585615
585772
585872
585884
585885
586036
586065
586150
586200
586242
586279
586822
586837
586862
587006
587086
587228
587246
587262
587274
587608
587611
587673
587738
587771
587833
587849
587858
587904
588353
588389
588393
588581
588898
588956
589008
589034
589104
589270
589562
589668
589796
589910
589956
590192
590204
590227
590353
590376
590403
590456
590488
590556
590584
590619
590852
590968
591155
591259
591400
591428
591556
591603
591629
591646
591803
591857
591913
591953
592088
592331
592406
592648
592668
592736
592778
592959
593239
593492
593630
593697
594210
594267
594340
594404
594467
594676
594727
594732
594810
595054
595204
595363
595662
595701
596004
596005
596254
596455
596470
596696
596747
596753
596792
596832
596937
596981
597038
597088
597220
597298
597305
597323
597388
597393
597424
597485
597502
597662
597670
597729
597741
597842
597903
597985
597992
598195
598339
598353
598353
598516
598561
598681
598681
598821
598844
598900
598915
599078
599191
599214
599221
599365
599365
599371
599389
599458
599506
599727
599823
600174
600450
600451
600486
600512
600869
600920
600939
601051
601053
601061
601486
601642
601746
601806
601807
602118
602158
602257
602298
602312
602377
602917
602985
603132
603265
603654
603725
603820
603874
603887
603985
604010
604085
604127
604409
604764
604783
604801
604856
605190
605248
605269
605371
605388
605547
605636
605679
605683
605832
605845
605855
605896
605972
605985
606027
606310
606423
607006
607012
607081
607164
607296
607298
607407
607588
607678
608040
608410
608569
608716
608830
608840
608876
608898
609332
609572
609739
609793
610012
610164
610272
610352
610455
610545
610725
610766
610867
610888
610889
611070
611127
611200
611384
611426
611435
611492
611601
611676
611819
611906
612131
612246
612451
612564
612595
612668
612719
612895
613037
613056
613362
613598
613646
613656
613665
613713
613756
613812
613813
613814
613967
613987
614079
614191
614303
614374
614416
614441
614535
614580
614608
614739
614862
614892
614958
614985
615045
615253
615646
615758
615853
615970
616000
616246
616293
616356
616363
616463
616519
616523
616592
616831
617125
617129
617181
617209
617244
617405
617725
617745
617790
617901
618001
618005
618162
618331
618484
618555
618771
618839
618893
618963
619020
619042
619178
619236
619251
619320
619614
619756
620162
620350
620429
620452
620814
620849
620914
620982
621076
621321
621361
621366
621419
621431
621690
621703
621714
621722
621736
621797
621839
621970
621972
621989
622065
622104
622162
622235
622330
622513
622534
622748
622769
622863
622870
622882
622931
623017
623233
623410
623633
623662
623694
623728
623839
623870
623945
623960
623976
623993
624091
624507
624641
624818
624927
624944
625161
625243
625565
625677
625949
625970
625976
626035
626048
626066
626126
626304
626318
626387
626427
626500
626596
626622
626645
626670
626677
626702
626775
626792
626881
626932
627048
627168
627198
627231
627384
627467
627598
627650
627707
627709
627753
627761
627800
627911
627914
628127
628224
628422
628426
628663
628720
628731
628776
628779
628827
628951
629044
629054
629199
629379
629440
629527
629580
629624
629687
629820
629958
630089
630166
630174
630602
630656
630828
630845
630883
630900
631066
631078
631128
631402
631513
631645
631680
631720
631772
631794
631906
632000
632138
632184
632192
632326
632394
632397
632645
632689
632760
632878
632920
633053
633140
633288
633315
633402
633624
633654
633713
633816
633834
633862
633886
633909
633928
634182
634194
634427
634603
634958
634965
635090
635104
635150
635186
635218
635386
635404
635640
636029
636114
636176
636184
636255
636300
636382
636396
636421
636530
636537
636803
636846
636933
636994
637233
637285
637523
637591
637716
637728
637749
638017
638116
638229
638381
638395
638415
638465
638714
639261
639331
639376
639401
639424
639476
639668
639851
639900
639912
639959
639968
639975
640165
640263
640387
640431
640443
640486
640501
640538
640628
640802
640813
640822
640862
640911
640931
640974
641314
641405
641450
641487
641722
641766
641859
641912
642220
642492
642646
642673
642699
642924
643176
643211
643213
643337
643386
643440
643482
643617
643662
643714
643857
643880
643949
644002
644021
644098
644285
644355
644387
644466
644510
644511
644536
644544
644559
644604
644912
644948
645377
645397
645430
645612
645857
646066
646223
646326
646468
646877
647002
647017
647065
647409
647416
647423
647487
647702
647868
647870
647894
648092
648142
648333
648418
648834
648858
648875
649026
649034
649081
649326
649382
649575
649663
649678
649837
649865
649918
650053
650247
650265
650496
650569
650619
650651
650681
650726
650882
650941
650996
651029
651066
651069
651117
651496
651512
651591
651737
651793
651845
651933
651982
652023
652026
652302
652346
652374
652432
652435
652613
652676
652757
652788
652835
652928
653055
653080
653297
653389
653393
653654
653660
653740
653782
653879
653974
654126
654187
654250
654292
654675
654802
654829
654907
654926
655091
655203
655233
655336
655369
655418
655437
655491
655534
655792
655832
655898
656218
656295
656469
656726
656811
656861
656907
657061
657110
657212
657300
657318
657344
657431
657524
657685
657725
657826
657841
657854
657995
658029
658123
658219
658245
658331
658346
658394
658404
658415
658589
658612
658719
659039
659112
659148
659212
659371
659509
659745
659770
659911
660013
660014
660157
660295
660365
660401
660562
660730
660970
661228
661331
661501
661523
661560
661630
661655
661675
661734
661824
661827
661920
661928
661937
662103
662146
662206
662256
662400
662417
662489
662498
662534
662545
662581
662591
662632
662735
662815
662879
662914
662938
663088
663141
663183
663321
663346
663391
663646
663658
663798
663828
663939
664163
664195
664219
664235
664247
664608
664722
664803
664924
664956
664992
665061
665138
665241
665322
665343
665570
665654
665658
665727
665847
666084
666098
666211
666359
666378
666413
666542
666715
666732
666847
666968
667015
667169
667551
667600
667600
667652
667696
667758
667761
667835
667841
667882
667981
668023
668067
668205
668245
668291
668371
668405
668600
668632
668869
668974
668983
669054
669147
669183
669360
669404
669467
669692
670073
670148
670367
670385
670559
670606
670677
670837
670846
671095
671104
671224
671317
671344
671382
671531
671878
671934
672064
672067
672082
672252
672281
672376
672496
673138
673181
673199
673322
673415
673467
673594
673844
673877
674003
674046
674051
674082
674133
674166
674205
674285
674435
674492
674614
674799
674957
674963
675058
675061
675473
675491
675596
675687
675750
675858
675862
675884
675994
676296
676553
676607
676883
676930
676932
677048
677057
677059
677108
677175
677274
677320
677524
677896
678337
678468
678469
678601
678785
678794
678845
678937
678959
678977
679264
679286
679386
679539
679645
679728
679811
679852
679993
680516
680620
680898
681139
681248
681389
681489
681525
681564
681633
681669
681684
681686
681783
681826
681884
681900
681900
681979
682038
682039
682075
682134
682201
682225
682362
682464
682471
682482
682525
682564
682830
682945
682947
682994
683234
683256
683294
683345
683606
683717
683831
683877
683928
684183
684323
684362
684507
684551
684606
684858
684920
685073
685097
685241
685453
685529
685966
685973
686156
686271
686590
686919
686973
687227
687677
687851
687917
687974
688090
688166
688185
688281
688315
688374
688429
688726
688907
688973
689007
689094
689107
689171
689234
689266
689338
689424
689433
689592
689655
689725
689807
689845
690123
690313
690433
690598
690610
690622
690623
690623
690694
690739
690826
691022
691115
691172
691596
691598
691645
691938
691941
692035
692086
692408
692626
692667
692720
692758
692826
692890
693192
693288
693441
693633
693682
693719
693834
693871
693976
694099
694133
694152
694184
694369
694504
694607
694632
694680
694712
694940
695016
695040
695159
695193
695288
695308
695428
695461
695562
695574
695576
695660
695682
695839
695873
695921
695984
696247
696267
696522
696525
696721
696942
697108
697129
697143
697189
697361
697480
697751
697769
697835
697883
697896
698105
698267
698335
698386
698420
698584
699066
699165
699417
699488
699524
699654
699840
699926
700158
700404
700533
700544
700635
700668
700844
700938
701039
701164
701318
701611
701707
701830
701872
701873
701954
702183
702255
702342
702511
702520
702557
702572
702748
702817
703176
703311
703576
703681
704074
704218
704339
704628
704640
704879
704935
704983
705079
705086
705156
705247
705274
705356
705392
705543
705570
705584
705737
705972
706141
706287
706310
706391
706392
706393
706504
706577
706601
706681
706924
707518
707892
708004
708042
708133
708183
708325
708400
708435
708637
708752
708774
709011
709140
709218
709235
709296
709304
709359
709419
709605
709848
709912
709966
710075
710079
710225
710419
710423
710596
710653
710686
710687
711095
711131
711187
711247
711336
711433
711577
711711
711713
711897
711957
711991
712064
712096
712139
712303
712444
712479
712501
712648
712684
712690
712709
712717
712740
713004
713031
713089
713129
713167
713528
713534
713752
713882
714005
714057
714059
714170
714230
714328
714641
714685
714720
714869
715193
715215
715253
715332
715350
715360
715393
715497
715639
715714
715813
715955
715958
716201
716215
716366
716635
716643
716745
716777
716897
716900
717025
717199
717332
717427
717598
717631
717665
717681
717705
717990
718007
718038
718057
718092
718205
718458
718559
718882
718908
718913
719081
719160
719336
719605
719883
719981
720063
720170
720216
720350
720442
720981
721124
721133
721327
721334
721356
721557
721646
721708
721873
721910
721976
721995
722049
722104
722146
722174
722352
722412
722444
722541
722573
722688
722927
722946
722980
723020
723071
723118
723171
723187
723211
723223
723286
723704
723837
724035
724063
724273
724284
724465
724515
724565
724595
724604
724895
724914
724925
724926
724989
724997
725246
725250
725259
725272
725558
725631
725790
725965
726038
726397
726428
726834
726860
726975
726977
726994
727134
727148
727228
727400
727410
727558
727727
728050
728222
728487
728510
728660
728666
728743
728757
728820
729165
729522
729526
729620
729741
729785
729952
730114
730165
730178
730237
730352
730418
730443
730536
730586
730616
730697
730846
730883
731065
731219
731240
731291
731376
731392
731834
731872
732058
732203
732260
732343
732501
732527
732586
732612
732639
732649
732677
732711
732835
732838
733053
733469
733525
733619
733641
733650
733829
733832
733909
733995
734059
734080
734298
734407
734561
734651
734793
735078
735105
735108
735151
735428
735454
735709
735889
736047
736175
736196
736225
736326
736343
736404
736515
736702
736867
736965
737082
737271
737376
737537
737594
737811
737946
737954
738038
738070
738126
738139
738256
738301
738345
738430
738531
738536
738791
738922
738968
738973
739096
739126
739276
739488
739743
739901
739902
739974
740060
740089
740234
740628
740699
740717
741249
741250
741341
741395
741420
741451
741599
741766
741982
742044
742059
742089
742128
742156
742246
742264
742470
742594
742710
742956
743096
743602
743755
743829
743838
743870
744090
744262
744383
744403
744456
744464
744529
744780
745010
745051
745057
745185
745221
745310
745329
745412
745520
745586
745689
745822
745971
746075
746154
746155
746327
746366
746456
746706
746746
746759
746772
746840
746847
746987
747005
747018
747066
747113
747409
747905
747911
748141
748268
748272
748282
748296
748475
748776
748827
748978
749013
749226
749366
749654
749710
749797
749957
749966
749978
750021
750029
750084
750109
750190
750193
750281
750371
750388
750423
750492
750701
750703
750770
751030
751040
751064
751220
751305
751500
751515
751827
751902
751983
752284
752399
752406
752605
752757
753068
753102
753176
753177
753214
753249
753301
753302
753513
753540
754096
754146
754220
754238
754326
754495
754702
754758
754773
755083
755107
755269
755274
755510
755522
755594
755678
755835
755853
755959
756187
756322
756326
756363
756383
756535
756552
756616
756675
756999
757171
757306
757351
757711
757770
757939
758171
758246
758319
758403
758443
758448
758455
758641
758661
758663
758999
759031
759142
759203
759466
759608
759617
759749
759879
759912
760014
760236
760300
760465
760525
760628
760655
760764
760881
761120
761180
761194
761354
761381
761647
761732
761746
761760
761780
761811
761816
762014
762059
762064
762077
762091
762354
762374
762388
762487
762497
762539
762823
763132
763188
763227
763254
763313
763377
763410
763505
763543
763775
763820
763832
763841
763859
763859
763900
763903
763978
764016
764218
764232
764343
764499
764564
764710
764735
764751
764760
764814
764830
764916
765248
765326
765393
765442
765464
765484
765627
765689
765719
765845
765913
765933
766161
766206
766268
766407
766408
766459
766524
766869
766907
766968
767034
767147
767181
767498
767567
767574
767911
767935
767975
768010
768126
768147
768250
768544
768658
768866
768870
768891
768916
769129
769162
769649
769769
769904
769974
770143
770213
770400
770537
770747
770862
770945
771095
771124
771207
771381
771500
771535
771595
771887
771922
771991
772087
772141
772232
772258
772342
772463
772548
772610
772746
772784
772875
772919
772944
772956
773090
773157
773174
773275
773395
773408
773530
773588
773713
773729
773794
773960
773992
774097
774233
774273
774362
774366
774700
774722
774828
774853
774916
775002
775027
775045
775162
775271
775383
775408
775429
775611
775651
775774
775798
775972
776056
776079
776080
776116
776257
776426
776513
776526
776563
776568
776583
776731
776756
776810
776910
777226
777486
777566
777680
777921
778035
778193
778321
778323
778342
778605
778623
778639
778901
778936
778940
778987
779020
779180
779446
779482
779601
779641
779668
779785
779902
780067
780167
780187
780232
780418
780633
780794
780820
780905
781043
781059
781117
781245
781333
781658
781753
781830
781945
782193
782226
782317
782346
782375
782490
782559
782697
782781
782934
783069
783091
783165
783191
783192
783598
783834
783925
783951
783994
784092
784186
784271
784293
784375
784433
784514
784550
784552
784674
784702
784955
784982
785007
785144
785197
785267
785336
785489
785652
785845
786086
786464
786639
786712
786741
786961
786975
787057
787164
787301
787368
787370
787381
787661
787712
787771
787839
787854
787899
787981
788001
788413
788657
788674
788912
789111
789329
789382
789436
789535
789550
789699
789701
789932
790063
790379
790379
790452
790703
790949
791315
791335
791361
791379
791415
791434
791472
791758
791802
791860
791876
791964
791973
791980
792070
792093
792454
792673
792724
792762
792857
792858
792905
793044
793051
793165
793584
793641
793653
793875
794068
794280
794300
794326
794350
794479
795203
795255
795307
795690
795694
795729
795740
796021
796022
796122
796283
796345
796371
796456
796564
796642
796642
796677
796845
796873
796919
796966
797083
797182
797527
797583
797647
797709
797735
797851
798247
798290
798453
798560
798583
798586
798788
798840
798914
798939
799027
799096
799440
799441
799507
799576
799711
799833
799865
799897
800063
800084
800125
800371
800433
800578
800686
800727
800790
800857
801370
801380
801451
801469
801843
801921
802053
802171
802279
802407
802573
802802
802888
803079
803134
803367
803557
803655
803793
803910
803958
804013
804081
804201
804311
804315
804474
804659
804754
805201
805321
805490
805572
805611
805940
806042
806131
806287
806370
806439
806547
806679
806702
806944
807150
807228
807418
807467
807710
807854
807947
807981
808036
808090
808097
808097
808126
808152
808271
808363
808678
808716
808726
808794
808797
808820
809105
809429
809516
809587
809706
809735
809766
809780
809864
809864
809974
810082
810172
810256
810308
810398
810677
810778
810873
811011
811059
811082
811172
811226
811295
811448
811661
811790
811804
811864
811915
812082
812093
812199
812276
812458
812540
812687
812692
812718
812831
813165
813260
813381
813450
813479
813516
813798
813903
813917
814030
814084
814130
814226
814273
814318
814611
814752
814796
814844
815025
815085
815112
815268
815334
815421
815423
815457
815566
815721
816021
816054
816232
816269
816333
816367
816407
816584
816620
816630
816992
817028
817193
817209
817355
817377
817580
817600
817616
817637
817656
817729
817761
817786
817828
817878
817964
818188
818294
818300
818484
818601
818770
819044
819221
819241
819275
819364
819467
819501
819520
819796
820184
820391
820607
820638
820677
820812
820836
820850
820919
820991
821033
821074
821281
821434
821511
821522
821631
821642
821738
821785
821916
822071
822112
822176
822357
822382
822471
822490
822498
822602
822627
822673
822708
822804
823025
823067
823134
823287
823327
823752
823787
824317
824368
824498
824514
824532
824632
825025
825040
825252
825276
825349
825368
825383
825417
825422
825664
825743
825812
825901
825901
826142
826196
826653
827266
827317
827557
827576
827630
827653
827758
827802
827840
828192
828515
828595
828654
828787
828793
828901
828909
828919
828973
828993
828995
829042
829284
829358
829567
829624
829769
829881
829903
829974
829975
830008
830179
830219
830254
830403
830408
830645
830715
830731
830735
830959
830974
831008
831292
831541
831557
831573
831585
831624
831679
831837
831883
831900
832170
832216
832316
832412
832455
832531
832718
832718
832745
833094
833122
833138
833293
833305
833347
833458
833511
833514
833889
834018
834025
834050
834079
834344
834366
834491
834652
834679
834713
834714
835015
835396
835811
835866
835884
835919
836053
836066
836146
836236
836272
836333
836498
836807
836841
837182
837219
837270
837347
837807
837986
838029
838033
838041
838073
838135
838381
838455
838604
838630
838653
838657
838720
838803
839089
839193
839473
839527
839546
840039
840299
840364
840664
840689
840732
840744
841114
841200
841249
841293
841338
841384
841467
841477
841555
841608
841726
841773
841827
841863
841901
841986
842033
842121
842272
842432
842531
842730
842892
843272
843324
843335
843367
843478
843554
843723
843750
843839
843910
843993
844079
844158
844162
844196
844201
844328
844422
844686
844708
844793
844968
844983
845115
845452
845875
845900
846131
846244
846285
846298
846354
846360
846378
846496
846583
846704
846793
846801
846847
846865
846922
846981
847261
847419
847503
847526
847553
847597
847748
847907
848018
848041
848101
848112
848304
848414
848475
848555
848582
848699
848758
848786
849007
849215
849275
849594
849929
850013
850192
850228
850279
850322
850521
850535
850607
850657
850838
850852
850888
850977
851026
851057
851198
851268
851271
851287
851456
851615
851703
851735
851776
851779
851967
852000
852027
852031
852068
852134
852165
852184
852206
852242
852248
852291
852400
852517
852533
852652
852656
852680
852692
852752
852794
852825
853005
853360
853540
853664
853922
854321
854398
854443
854455
854517
854552
854575
854849
854869
854989
855113
855265
855318
855381
855465
855542
855626
855820
856029
856191
856239
856253
856255
856546
856847
856867
856928
857001
857034
857103
857169
857288
857494
857620
857749
858212
858352
858360
858391
858925
858933
858982
859043
859068
859112
859255
859304
859355
859442
859653
859690
859782
859826
860116
860186
860275
860284
860315
860382
860572
860591
860616
860845
861111
861160
861203
861533
861684
861795
862071
862130
862198
862335
862410
862503
862571
862728
862859
862906
862946
862968
863003
863399
863417
863549
863649
863786
863892
864136
864291
864445
864657
864837
864936
865139
865374
865394
865534
865559
865691
865761
865854
865857
865954
865962
866004
866059
866136
866291
866399
866468
866599
866698
866705
866777
866981
867030
867078
867136
867149
867249
867404
867434
867543
867595
867617
867620
867623
867639
867732
867811
868058
868169
868278
868292
868325
868409
868513
868542
868543
868604
868725
868760
868789
868979
869152
869163
869204
869219
869485
869496
869538
869609
869683
869705
869850
869940
870042
870162
870355
870379
870419
870459
870528
870596
870631
870832
871134
871212
871517
871527
871530
871664
871676
871709
871709
871759
871864
871882
872094
872097
872204
872291
872731
872790
872863
873105
873246
873274
873348
873682
873811
873865
873924
874032
874262
874301
874483
874484
874624
874712
874833
874908
875087
875088
875110
875125
875222
875340
875422
875481
875682
875713
875886
875899
875917
875919
876010
876092
876217
876410
876549
876566
876624
876646
876672
876693
876718
876736
876768
876876
876880
876900
876933
877401
877564
877880
877882
877899
877978
878128
878138
878478
878640
878663
878733
878811
878923
879166
879177
879273
879345
879346
879433
879650
879689
879736
879851
880217
880317
880384
880521
880522
880532
880553
880584
880802
881228
881277
881281
881489
881562
881672
881672
881725
881888
881964
882024
882056
882299
882464
882485
882809
882928
882981
883236
883384
883520
883533
883543
883686
883743
883800
883802
883997
884170
884270
884300
884331
884367
884374
884621
884749
884896
884977
885261
885313
885339
885362
885473
885566
885589
885655
885814
885852
885867
885922
886121
886135
886324
886547
886577
886915
887034
887147
887428
887579
887668
888090
888178
888382
888410
888668
888911
888931
889057
889086
889194
889366
889451
889510
889579
889684
889730
889734
889812
889856
889901
890070
890517
890572
890740
890776
890817
890946
891220
891232
891248
891371
891439
891749
891986
891998
892183
892677
892815
892922
892952
893015
893303
893322
893457
893497
893500
893519
893594
893642
893678
893832
893883
893930
894103
894329
894624
894739
894748
894816
894972
895009
895043
895186
895320
895376
895457
895576
895689
895786
895917
895940
896131
896157
896189
896205
896335
896438
896447
896456
896619
896787
896788
896803
896823
897111
897136
897338
897351
897468
897516
897523
897528
897675
897738
897887
897924
897947
898107
898121
898339
898426
898447
898756
898867
898914
898952
899015
899092
899196
899239
899311
899343
899638
899656
899671
899683
899735
899790
899800
899919
900054
900062
900085
900160
900268
900587
900700
900784
900920
901029
901439
901476
901569
901679
901890
901919
902011
902011
902155
902340
902456
902534
902553
902597
902631
902647
902684
902769
902862
903007
903032
903039
903118
903197
903225
903576
903649
903793
903889
903994
904352
904420
904706
904733
904742
904948
905050
905075
905214
905239
905404
905467
905532
905567
905600
905627
905632
905645
905675
905785
905976
906094
906105
906175
906181
906265
906421
906550
906660
906746
907048
907205
907269
907283
907314
907335
907340
907347
907373
907495
907650
907752
907808
908046
908065
908083
908116
908171
908317
908386
908591
908625
908772
908867
908882
909072
909161
909227
909257
909339
909789
909859
909938
910259
910430
910678
910706
910776
910819
910845
910880
910915
911006
911021
911403
911574
911735
911904
911982
911994
912016
912085
912336
912348
912352
912381
912424
912449
912574
912888
912910
912946
913049
913108
913344
913473
913498
913553
913558
913558
913707
913719
913834
913868
913962
914020
914038
914165
914194
914272
914488
914594
914632
914733
914737
914791
915032
915083
915198
915215
915268
915711
915904
916202
916544
916609
916773
917102
917207
917302
917353
917390
917471
917554
917599
917672
918088
918198
918374
918786
918817
918923
918923
918965
918994
919014
919015
919062
919098
919174
919354
919555
919563
919635
919661
919724
919731
919804
920045
920074
920365
920412
920442
920464
920618
920627
920679
920703
920722
920734
920744
920999
921304
921469
921529
921649
921704
921707
921725
922405
922548
922758
922882
922982
923076
923326
923358
923656
923755
923831
923894
924086
924095
924103
924106
924128
924146
924544
924689
924753
924765
924793
924808
924812
924899
925075
925078
925258
925355
925358
925364
925562
925745
925942
926101
926362
926414
926594
926623
926735
926779
926782
926914
926949
927031
927056
927100
927228
927263
927346
927411
927472
927650
927665
927673
927695
928017
928135
928160
928233
928417
928672
928848
928922
928928
929081
929133
929162
929397
929428
929475
929518
929635
929637
929721
929875
929883
929932
930016
930036
930176
930177
930214
930260
930280
930483
930562
930654
930683
930762
930804
930945
930998
931056
931162
931400
931445
931663
931972
932001
932075
932334
932539
932660
932671
932679
932706
932723
932758
932795
932865
932983
932988
933043
933046
933054
933197
933235
933565
933617
933650
933654
933730
933745
933909
934026
934040
934083
934167
934307
934478
934612
934758
935080
935140
935338
935405
935504
935685
935878
935926
936241
936367
936623
936649
936802
936824
936847
936905
936979
937082
937139
937276
937293
937454
937626
937666
937714
937778
937985
938029
938152
938208
938220
938319
938391
938525
938547
938717
938770
939102
939135
939154
939188
939394
939588
939698
939950
940374
940417
940468
940813
940859
940993
941049
941058
941281
941353
941387
941426
941440
941469
941554
941559
941562
941650
941700
941753
941945
941993
942089
942179
942325
942366
942427
942610
942633
942716
942787
942804
942823
942834
942938
942960
942975
943079
943104
943121
943178
943296
943387
943454
943460
943611
943659
943687
943724
943751
943868
943924
943938
944312
944695
944803
944869
944892
944894
945197
945277
945297
945309
945557
945573
946027
946032
946122
946173
946277
946307
946443
946625
946640
946714
946828
946900
947245
947300
947390
947818
947871
947906
947962
948263
948404
948527
948642
948894
948983
949227
949303
949360
949509
949581
949591
949658
949724
949821
949918
950023
950038
950143
950152
950187
950207
950403
950530
950656
950671
950729
950763
950778
950808
950898
951216
951431
951517
951592
951605
951607
951694
951749
951820
952197
952283
952345
952620
953056
953087
953188
953333
953488
953537
953623
953900
953954
954037
954119
954133
954379
954385
954402
954855
955102
955262
955325
955407
955451
955562
955766
955933
956416
956590
956671
956900
956930
956939
957013
957031
957078
957083
957151
957327
957444
957473
957615
957878
957881
957945
958156
958480
958526
958596
958608
958787
958989
959107
959107
959292
959760
959873
960117
960272
960293
960336
960448
960459
960580
960684
960802
960835
960923
961342
961382
961427
961448
961485
961709
962009
962140
962232
962445
962490
962851
962874
962941
962993
963067
963118
963144
963168
963225
963321
963405
963451
963623
963659
963850
963893
963947
963988
964031
964216
964342
964444
964556
964603
964793
964806
964831
965065
965380
965428
965495
965517
965644
965777
965810
965818
965858
965909
965943
965971
966018
966092
966146
966262
966320
966327
966432
966446
966598
966602
966603
966798
966990
967072
967422
967782
968036
968048
968127
968236
968319
968359
968457
968502
968704
968705
968755
969043
969145
969200
969212
969244
969342
969344
969369
969460
969476
969506
969654
969751
969803
969880
969910
970012
970028
970102
970168
970170
970182
970303
970412
970437
970527
970739
970778
971066
971106
971192
971432
971479
971508
971606
971660
971806
971817
971821
971841
972057
972251
972278
972295
972364
972413
972579
972582
972681
972724
972730
972779
972807
972858
973027
973031
973171
973288
973525
973525
973636
973818
973864
974194
974325
975378
975413
975767
975795
975941
975948
975974
976102
976248
976382
976498
976760
976857
976879
976913
976985
977018
977052
977054
977124
977152
977191
977214
977722
977907
977993
978055
978132
978138
978194
978266
978289
978292
978338
978746
978848
978918
978953
978979
978997
979061
979069
979263
979423
979461
979582
979637
979804
979874
979940
979952
980097
980401
980430
980835
980870
980963
981080
981096
981149
981337
981600
981692
981726
981770
981799
981815
982071
982144
982191
982284
982433
982528
982532
982558
982678
982743
982928
983150
983171
983411
983519
983530
983773
983777
983837
983908
983980
984137
984481
984628
984670
984703
984775
984915
985143
985315
985346
985394
985423
985722
985938
986222
986298
986348
986374
986436
986458
986651
986684
986694
986694
986696
986914
986955
987023
987287
987319
987564
987603
987812
987859
987863
987912
988089
988467
988535
988616
988825
988829
988865
988964
988986
989019
989054
989272
989505
989620
989739
989898
989936
989988
990012
990092
990329
990386
990612
990638
990648
990686
990779
990796
990850
990861
990948
991022
991076
991089
991189
991332
991477
992105
992143
992159
992162
992205
992216
992226
992459
992492
992616
992682
992714
992812
992961
993129
993145
993193
993287
993307
993437
993498
993515
993538
993620
993915
993944
994012
994016
994159
994233
994302
994319
994365
994429
994513
994573
994681
995030
995031
995097
995254
995280
995310
995375
995452
995542
995673
995852
995895
995905
996112
996176
996186
996415
996521
996564
996810
996822
996870
996958
996958
997146
997275
997453
997581
997743
997993
998015
998043
998296
998357
998638
998648
998673
998683
998696
998853
999043
999055
999208
999226
999338
999340
999350
999413
999554
999881
999908
999986
