1000
3679
4785
4897
6831
7139
11451
12838
16353
17681
19250
19627
19683
20710
20884
20906
20995
22746
23963
24592
28229
28991
30700
31723
31853
32255
33124
33248
38732
39239
41080
42359
45411
46030
46688
47968
48456
49552
52393
52400
52507
52794
57312
58671
59022
59785
60351
61239
61800
62159
63161
64176
64583
65254
66503
67481
68458
69177
73189
73244
73794
73873
76825
77089
79046
79893
80586
82365
82374
83022
83450
83468
84669
88742
90063
90103
91134
91621
92403
93004
93602
97598
98000
98096
98276
98342
98449
98454
99969
100208
100641
102979
103567
103821
104025
104549
105416
105937
107829
108178
108215
111914
112563
113063
114231
114662
114720
115609
117085
118172
119384
120290
120330
120390
123215
123655
125322
125738
127160
127181
130620
132751
134716
136401
136479
138684
140386
141505
141555
141606
143476
143492
143553
143564
145374
146297
146603
148959
149198
152017
152179
153654
155244
155507
156692
156705
158412
160329
160498
161090
161501
161567
162042
162551
163758
164415
166226
166395
166540
166660
167137
167270
171118
172554
172899
173181
173220
173222
173387
174023
174910
176345
178319
179244
182052
182757
183224
184427
184617
185225
186321
189895
191012
192683
192905
194289
194408
195770
196192
197628
198077
198934
200000
200164
201837
203660
204639
206033
206446
206539
206824
207450
208685
208808
209053
212428
214416
215158
216351
217018
218199
218567
218582
219693
220081
220128
220338
222132
222582
223264
225729
226376
227611
228631
229157
230063
230791
232073
233202
233458
234721
235997
236755
237319
237792
238012
238225
238851
240877
241007
242884
243069
243196
243447
244320
244380
246070
246372
250050
252225
253087
253671
254605
255033
258507
259866
262230
262243
264202
264580
264779
265282
267674
267814
269338
269920
269926
270203
270625
272840
274318
276990
277039
277629
277719
277744
278271
278671
278864
279220
283610
283780
287149
288321
288635
289697
290635
291618
294672
295095
298213
299712
300976
301020
301770
301960
302191
302209
304065
306248
306376
308274
308719
309335
309481
310656
311289
312376
313516
313529
314109
315925
317134
319340
319880
322622
322682
322750
324221
324878
324928
325516
326871
327358
327554
327961
331560
331672
332431
336000
336138
336490
337912
338992
339179
340503
341585
342078
344113
345224
348031
348398
348901
350078
353345
353356
354888
354966
355238
355754
356777
357359
358218
358651
361798
362072
363733
363961
364614
365301
365720
366831
366877
367436
369112
369583
370116
370437
371100
371354
371363
372375
372536
373472
377212
377737
379569
380744
381938
382224
382816
382948
384084
385251
385848
386234
386406
387437
387737
388816
390084
390353
391380
391563
393156
393874
394732
396268
396316
396324
397275
397595
398477
399007
400378
403814
405145
405712
405969
406544
409512
409521
410073
411297
411455
412165
415145
415947
416077
417133
417407
420380
421182
421561
422177
422235
423445
423816
425920
426867
428482
428680
428749
429716
433624
434382
435023
435134
435308
435605
436681
436724
437031
437722
439467
440025
441250
441936
441982
442490
442787
445917
447590
448855
449063
450128
450526
450540
451915
452714
453519
453732
454632
455847
456325
457929
458288
458505
459067
459688
461701
464213
469169
471054
471777
472368
474125
474256
475891
476170
477403
477957
478168
478191
479111
480075
480843
481858
482037
482565
483159
483330
483739
484366
486586
487028
489183
489293
490050
490098
492839
494158
496488
496896
499076
499265
500643
501246
502306
503970
506809
506828
507115
507616
511175
514202
515513
517495
519732
519921
520205
521081
521614
522639
523308
523924
523995
524390
525534
528272
528317
529677
529887
529905
531390
532097
534523
535596
538055
539642
539718
540014
540409
541795
542265
542279
543725
544972
547499
547604
547751
548120
548539
549384
550724
550993
551852
553740
554598
554689
555848
556804
563698
565058
565189
565749
566214
566419
566906
567453
567510
567696
568874
570212
570394
575885
576360
577412
578144
580170
580304
581120
582440
584035
584054
584754
585967
586024
587717
589127
589236
589344
589592
590590
591002
592199
592867
593174
594434
594556
597061
597570
597746
599101
600066
602526
606482
608879
608907
608953
609529
609926
610626
612213
613190
614256
616396
616823
618061
618325
619977
620293
620621
620815
623503
627831
633247
633398
633407
634888
635371
635795
636419
636814
637313
637426
637470
637666
637724
638983
639174
640105
641682
641725
641866
641966
644625
644882
646904
647614
648801
649234
650200
650659
652190
652301
653108
653969
657914
660351
661996
662457
662690
663333
665038
667651
667701
669037
669471
670726
671745
674131
675102
676823
676992
677798
679521
679623
679845
680360
681382
681529
681958
682218
683618
684084
684683
685315
685401
685937
686892
687173
688656
690061
691386
692140
692343
693394
694172
694193
694290
696397
697266
698285
698778
700851
701616
702524
702738
703729
703814
706418
708620
710787
711814
712306
714308
714925
717096
717204
718964
720049
720277
722152
722657
723114
724423
724989
725278
725677
728674
729240
729287
729516
729931
731758
732428
732804
733463
734059
734920
734974
736362
736508
736690
737735
739429
739488
740067
740331
742368
746368
747076
747808
750103
751803
752012
753361
753614
758164
758244
759223
759965
761065
761722
761897
762131
762327
763017
763453
763646
765503
765700
766266
768665
768911
769130
770599
770957
771073
772055
772482
774291
775169
775622
775994
776328
777138
777294
777698
778473
779063
781087
781484
783057
783426
787458
787532
787984
789350
789540
789579
791811
791909
793794
794014
796089
796376
797400
798625
798774
800857
800859
802253
802713
803208
804537
805416
805608
808022
808588
808792
811534
812115
812450
812996
813334
815040
815400
817335
817814
818718
819509
820314
822357
823476
823494
823729
826079
826152
827156
827637
831472
832103
832345
832539
835449
836756
837419
839113
839797
840173
841272
841922
842870
843473
844643
844853
845422
849293
852785
853327
856168
858980
859271
859815
860011
860027
863478
864110
864372
865052
865501
866009
866374
866878
868329
868403
870661
872136
875160
875265
875506
876113
876947
877361
877502
878689
878816
878875
879181
883082
884705
885637
885749
885880
886293
886610
888290
890850
890990
891457
891662
892910
894687
894821
895160
896983
899325
899960
900337
900595
901264
902367
903506
908685
909356
910563
911010
911413
912060
913244
913946
914032
915482
918660
920537
921959
921962
922867
923594
924585
924835
925724
926301
926450
927776
929314
932476
934733
935159
935987
939487
941986
942865
944713
945601
945843
945913
946383
946455
947109
947884
949083
950054
950443
951797
953136
955736
956417
957666
958112
958919
961463
961781
962734
963752
964588
965559
965889
966456
966683
968867
969724
971632
971636
972407
973141
973362
973918
973926
974109
974567
974668
974723
974995
975349
978521
980469
983505
983633
986272
989019
993056
993265
994711
994907
996635
997629
998588
999612
