100
14511
23498
24073
26477
26506
51022
57292
57448
64376
65798
65955
89067
96538
101889
113308
116784
120927
126410
135175
156823
173789
186124
190168
252198
256064
272234
272687
273449
274244
274769
290448
303233
304778
315026
386602
391953
400956
401019
409373
421314
425782
426620
437362
443443
457310
459623
460992
464781
517592
544141
546265
548463
550060
565752
570937
590024
592225
603495
610708
618053
622193
625088
636923
652886
666175
666373
672498
675879
687430
695379
711756
714102
720199
721755
740212
749194
779825
782481
805468
807835
837607
838348
839170
846490
847548
851901
853692
854234
861653
867242
873706
884229
886086
919874
927337
941088
944140
954513
971651
986816
