10000
954067
858092
750649
91218
894256
612525
592110
316390
188390
765792
94058
740963
962183
28632
688060
591312
656437
839481
809573
353684
440450
441339
584966
527472
187314
574625
324940
231979
78918
178191
587832
239506
47830
832888
428589
556016
750827
220456
411505
975393
794543
23715
178799
865191
946335
225809
266332
991206
689629
390771
360456
486563
149315
70374
756254
742119
499243
828040
659558
450329
816212
580441
185589
630812
564937
221905
665133
154019
625749
26353
143856
517458
773993
579758
231006
412538
287761
625357
378678
642221
258971
183801
971783
504098
878633
190396
319258
578608
122703
760006
727218
627919
690598
966382
335788
949133
632729
159460
524074
238293
49933
740238
193015
874241
929725
309942
768163
176698
7228
931024
58939
73129
58722
912851
248159
949985
979581
182155
608817
38186
437071
519872
85472
455878
290453
603752
146324
432033
83783
159557
620196
317928
951661
438179
877311
877242
972750
926778
288716
442407
740049
624368
613336
483849
209611
81735
696869
520454
294862
700758
177896
357393
282471
536858
867174
69220
9473
650187
284372
473449
513197
7605
194031
993295
458877
652573
572338
360225
126735
432034
656659
817951
536191
491527
444484
46528
227669
950979
876396
643061
929986
471580
301937
380627
231345
327107
467196
899603
547387
906881
45187
617822
407508
251632
662668
584091
208269
898241
52443
699475
997693
451688
777270
687618
532681
725449
464467
444203
311120
933597
545086
435232
820775
927416
83433
572113
961495
851055
391986
461303
902399
520025
515347
86362
9135
437276
184765
384881
186840
551582
76674
412319
169579
969309
164485
976763
872677
70601
223779
75082
554330
278611
940622
53167
573704
506545
72167
715657
854052
469400
346158
932171
502511
618624
284971
272414
324986
471183
435567
521521
406287
906320
651793
554243
246586
326993
176599
716110
431105
1183
122241
128583
141059
260313
326562
807728
91583
581284
223388
157048
193614
519586
370896
377659
128691
173542
67694
471642
335990
698710
85745
616156
780389
389491
355345
989235
235301
852793
327555
301774
396895
973669
655001
161524
764637
403440
904509
443824
95703
45912
631262
863500
191042
496521
417416
130038
527639
117117
650946
196428
776333
510447
700070
943693
667814
393593
33880
851212
830493
705837
197901
781924
345862
786348
589941
277527
315063
121502
742950
991570
903352
901139
656609
104110
995414
676379
443211
55453
443610
638653
506145
717146
581650
457139
429036
15709
994044
367567
890856
111378
326435
198551
125277
380718
725856
932197
496704
291883
96117
321873
366248
674838
213469
132464
824884
150503
978080
980945
664004
586415
753985
139415
716960
317803
436697
65736
103412
988414
516870
725663
920700
655648
686924
728716
888389
211280
490632
542716
657981
381079
440057
457174
794364
504576
905960
292556
90931
280470
116890
219028
26267
511190
131935
482299
19078
708788
232617
220064
355585
679313
652922
516600
344916
782976
80
426727
864260
974092
719499
666004
311466
339058
588143
356695
906465
803443
252260
81283
281581
340162
100078
280647
54866
332437
931787
284880
988303
782129
250581
975697
64796
826680
811593
795017
946261
11620
65502
159586
610754
285399
458725
542380
820229
252765
887445
553067
425254
551874
493360
807539
287492
940304
67075
293621
853132
485922
168812
6397
745801
66743
402077
20116
329309
594735
83123
580732
440737
862449
45338
249660
250765
295675
911250
229002
204388
239891
938953
856758
836746
141849
489842
156488
360148
619138
529582
877489
861963
985391
944083
328332
166545
359056
111741
301623
398424
744206
289000
257076
378547
567629
784362
851153
304889
874744
722706
145014
783209
958299
977424
132100
606492
838761
549973
31959
21627
255456
28516
516802
566486
581618
549174
818115
460153
522987
561562
141037
965338
954093
550148
794641
630960
775989
599405
760053
772374
146806
908962
517944
374536
746541
132524
983894
500134
93348
24006
693597
75748
816303
523403
365838
157439
540007
996532
696362
799167
830108
373540
464525
55912
504714
62210
375712
807311
504673
560822
279768
893532
835467
113423
779336
203721
416682
146465
735813
692709
429757
414597
103155
131829
465382
830983
925941
706136
374872
329914
141720
284954
966851
154699
313513
282598
687924
335224
375038
803150
404520
214843
925510
614171
671860
635081
310569
447765
631543
148385
277996
843448
590803
796009
486017
25925
75602
549994
855868
533541
879519
609786
175513
508948
782925
282637
250490
154241
592092
641649
57718
334298
761259
951208
472807
394990
482934
116917
82063
999102
206154
342805
271243
557732
350504
305529
33061
502497
948940
485727
188943
365513
986578
426360
534116
129677
456340
4286
652289
659012
462293
579693
725298
908533
539619
303352
359155
574681
508122
980
66683
943542
597145
439276
180453
420368
103309
882730
321791
902198
732608
178093
536347
267147
596624
655935
557687
782416
342087
207391
10623
283467
312994
398847
313671
30537
281961
31944
409102
306998
134735
501037
264861
977730
476050
975423
627639
71563
397350
681362
389087
631820
133402
6510
538816
902339
434314
191211
259070
475760
105929
916685
615095
944614
226921
347173
719987
113723
493448
103367
790414
208344
478895
758326
594835
836277
213699
145673
770269
555815
365653
393754
58499
306909
51224
915319
287921
304522
467313
731630
360868
28429
738729
647772
815919
358779
516815
305015
679590
4064
418546
217982
543788
422323
921421
767085
480738
554754
875701
183544
829247
21813
112610
383170
185899
533472
195041
415750
824783
204798
91278
895690
185598
915232
511049
370737
551147
750643
452259
514704
16582
707661
375551
715027
298884
51429
619282
783540
174614
830536
924385
965741
864390
738898
351341
306073
682359
44543
550518
212632
787034
673377
102433
643733
191431
614347
100703
724868
625659
273227
601470
615572
312090
825384
433910
905636
426121
767189
664793
390544
168630
656906
727875
827333
84092
211246
280674
188726
612472
759582
139561
178407
575444
905850
172230
837750
539520
444862
856600
648081
572044
862026
624360
837942
80496
429308
873607
217886
91777
62882
543471
535135
942782
963093
88504
394481
285867
849070
27898
984444
855119
28831
20625
660643
355736
769977
728688
335200
618991
538055
275654
846449
114504
465720
46083
616759
513355
726292
145485
312310
382628
952825
742591
939192
177982
86786
765981
25946
914780
636638
682762
493686
356185
740074
817323
350167
368250
366197
275911
933177
698524
761540
881799
751397
265676
622591
680007
555624
657175
34616
85483
174804
79604
630232
527212
520381
685795
698362
858381
728803
880045
470244
127483
963533
969447
820291
89283
620983
923214
196454
506660
753534
737225
335900
990436
672050
322857
331805
243379
692433
328181
838324
750360
794342
939376
863973
305479
159977
772226
584578
754892
897294
657230
715467
433815
508780
824795
556737
966461
967739
791475
155032
876482
840712
481543
745816
144131
945335
536720
86389
635385
628182
76683
587174
396955
44612
184794
823045
367122
631647
442112
770359
849854
355847
309766
183594
446335
907836
938070
745949
822765
606236
916591
813316
561220
312140
821052
752076
996564
697358
723824
892366
835878
805678
586162
137408
928838
367494
676293
995578
267558
623432
959491
905362
310866
535060
83051
502926
633983
733707
229138
958030
956405
836729
381700
837056
70076
669442
463977
734156
787750
859698
780529
453356
247028
486335
444183
856003
598921
933544
592571
514015
332019
49628
724555
515628
25438
467256
555375
480663
866525
752905
996291
244057
919053
164564
747227
34802
848694
506624
21648
760426
668962
717382
21682
616401
259743
138919
886270
434513
414542
796059
545120
246003
651748
54562
68095
674286
309384
575018
293678
888116
5792
503584
997933
437171
665952
716845
377829
514409
535046
927266
574027
560872
428432
862524
823394
500376
763598
752732
618831
469326
862545
737009
417676
579097
290449
417381
481188
393650
104236
42306
672595
947642
907413
2590
410224
156285
566808
565355
322518
55157
581082
343686
297241
310837
310016
665617
190460
877630
376988
804932
833590
255273
918350
538376
844301
445087
864149
805045
794681
202043
356018
657036
90302
511873
41841
624502
377642
141547
991582
452693
183587
781040
214759
604358
302669
917345
914418
6474
178335
640899
299655
575450
624124
191512
631280
10448
127424
394128
991145
791741
321374
993426
255128
6483
690350
703088
391546
741138
888640
123035
636801
857067
543964
509657
464846
752444
687470
924358
770916
452095
880272
955003
589711
424539
936030
761048
824613
89853
808011
204787
748912
284564
807993
163152
945924
519831
334089
925519
564792
202862
394505
459570
409229
997844
366229
948631
505100
819483
49589
810475
963591
410938
428294
646776
197705
168187
550838
782486
326683
896037
43119
310155
278641
581480
643306
183240
233961
829507
652291
124229
479719
379735
994162
77299
708815
37305
923008
925109
502113
54328
880532
598486
198803
900586
333075
980434
607016
525625
17185
279959
906736
862586
469634
336191
398173
757566
678913
39310
878310
156684
145172
167732
98832
43552
982982
170120
210080
550098
146017
363004
654187
771573
647494
392986
91880
139899
430810
199718
444876
420145
793474
683045
639001
386857
327054
658691
667293
194547
467872
51533
760413
90539
803387
979544
567915
902376
298308
618272
772756
968090
75024
401102
467366
77793
139519
492708
256728
492812
234207
500534
179333
740912
288184
27800
3091
640420
76757
795950
472393
261495
745295
169397
984771
576638
447667
826122
880192
3804
167196
551359
444128
566791
142201
248118
965688
859558
590823
520374
368061
49798
454146
438623
728443
680949
20188
23026
25362
957322
128407
336770
418757
893255
393871
877260
940112
909466
610021
873088
502888
478178
616174
323245
299257
269288
794751
935855
290900
299054
988259
223549
345198
848239
201667
623626
324567
633567
404766
878148
430838
419921
569305
928589
964760
464591
621755
222240
287557
48697
368694
41097
625517
488058
909403
276869
95339
608918
902974
762020
486978
66730
493594
363275
435827
586600
849030
74799
670318
961785
854500
567633
571919
60748
399876
78080
990269
933456
763275
422026
396180
600154
208400
415550
667670
218956
823629
216131
843111
21731
763634
576754
993997
592783
286567
109198
510003
293410
761756
887333
622078
85619
199976
820576
252673
389860
928209
335732
459042
304750
673873
119074
210823
912310
328502
429682
291388
568576
825489
848582
385170
185656
550921
257003
14927
573968
349663
67657
881381
919179
2724
87156
973727
517391
49072
817684
608500
161837
628303
845591
74141
144041
84266
176770
460232
745324
810667
714073
828748
821627
951438
692419
595257
465633
792577
416326
954231
589899
766236
980075
442935
97289
515911
693828
468729
321945
34598
648884
407102
103038
428771
885414
742784
506826
169499
613914
418402
684640
880950
367472
752941
869383
688671
610197
841808
791828
189615
912554
563683
98565
124263
495930
650302
690590
890032
963538
118993
880910
872632
216071
450039
512799
952527
383665
512046
219246
119754
215321
886003
24917
425446
480103
349497
125363
120687
992785
786956
881927
854039
317257
413846
567819
809908
531069
577791
323603
267273
970659
67919
351634
89942
168094
772802
398411
608480
31615
856002
495994
348136
541301
313393
189365
219474
10118
627422
26321
929453
424836
392215
856650
637385
695989
929348
713097
504587
264092
320874
596827
625155
609686
603556
649265
879329
916520
233884
376581
676928
184370
913201
282352
410542
702568
404356
129632
202750
622956
473011
159051
746165
553573
104345
247704
920631
609936
324764
869962
725805
72394
890262
843608
471233
571668
769202
871104
677490
297375
125725
725293
596973
623046
384176
483424
764566
134966
709214
877221
177103
222920
580657
891428
553187
114850
225569
382178
315776
286728
406103
767028
406767
286099
496042
232501
523193
953220
424786
40070
826405
766796
166826
802335
851194
547213
752407
111108
924718
77483
992834
579651
715613
723895
204243
628859
371945
906310
390094
300900
994118
447466
766071
634706
767903
808041
164639
274028
589399
919518
946451
242253
359135
626966
506723
548809
761149
990962
702575
100192
241249
757765
688515
242847
604238
979726
173641
199376
266056
542884
714685
868633
78315
453148
957921
577678
76871
549739
193483
838405
366097
503033
52150
642709
191584
501318
654262
362567
957107
47841
391713
729856
266827
526684
729293
551204
344622
36024
256980
89538
131096
359645
143324
922559
924751
381932
722032
801601
6172
528170
427508
999584
180372
833662
537121
294238
795045
806270
581645
400626
691127
411075
480074
877204
18849
719107
553883
525317
453928
438422
384826
212128
942096
600600
16479
581644
831426
88440
373962
252896
500860
249620
157427
194233
931796
297470
805383
368316
250213
554085
481893
543007
567966
646187
132545
405704
521665
83203
641802
334986
715180
184220
763578
474424
352721
955272
430144
548323
59778
490391
116761
523651
937864
557888
737221
922837
334732
105101
407929
591996
746221
711503
525320
135015
586597
466826
348816
585361
417901
159746
225239
313672
529192
369476
225375
780045
960081
634915
344475
201420
831842
314080
454255
733187
901781
686214
210606
43330
920429
960032
595008
752032
96988
822102
639459
113442
861833
359415
915756
274506
688729
460412
44653
115318
249737
966548
789877
423465
482177
901605
318887
809762
218402
756939
578510
950766
888751
786662
585137
163272
65267
493044
9108
239422
664978
209569
517690
370078
68163
171719
814797
44380
521157
979019
266467
791939
450393
922158
869299
698083
799788
709165
834410
896689
82595
223280
46916
967006
498658
239236
855080
589056
444789
670903
387155
512526
849908
377853
159089
923267
747053
247210
21791
582179
633329
484273
378937
368004
272540
942480
178028
621957
235682
645424
869765
502344
858958
524548
55822
724774
548073
182058
233606
69795
385672
497047
340617
661775
283934
883082
948617
160578
950391
171353
439978
188451
283318
868148
26153
985342
21389
275554
327100
693159
603306
247012
846012
243497
799005
90390
444889
564623
96746
425314
336534
664798
57520
474871
836578
384500
215546
352607
501441
330331
520407
333547
512728
773316
672733
272246
806678
807173
961885
395034
783182
180751
654314
832969
300481
524052
117476
232398
700732
572813
351945
599092
294040
97328
767006
279093
271572
592786
501875
610773
354330
310900
782528
367793
230701
968784
92510
545815
667072
2867
72710
128973
601781
500004
663273
699708
53759
723594
362825
174119
689289
53912
173605
885753
962241
932497
681391
828223
471587
168181
304375
473045
417157
575430
891803
894136
830628
339009
913793
516311
481513
32915
315730
516196
526534
270882
599842
973357
140689
570121
478107
754942
724239
761161
705307
825744
131322
768468
291922
168410
656165
11607
805113
553531
156019
598811
27576
613958
185308
143290
376049
293379
204749
529462
733994
394134
366368
684838
234202
795772
178522
413001
471842
979724
373372
291665
412584
792506
269821
97534
522716
783910
188466
390928
999049
929365
821629
874527
165540
560870
899878
627634
945888
416641
725433
146798
456721
313906
793941
276553
829428
433473
587694
923717
509787
564108
439789
721798
596102
924845
374940
524917
341812
732573
485635
86613
377225
947644
911995
470196
503553
496205
663255
48482
923537
384665
744102
577689
452358
728818
636734
920468
165343
759093
66908
875690
904012
776472
941491
243521
641786
360560
519257
854451
713430
986422
187275
915962
802083
540917
851600
655326
270056
64728
924789
199502
943219
544626
940795
716730
621249
111266
152883
414228
297405
1346
110791
429693
121279
769092
112854
714313
286537
980764
804667
616140
243283
461206
63892
2244
782291
993360
855454
522184
538296
154130
955130
629684
655492
91312
263359
934214
118568
255870
116689
470738
86692
856118
579175
890514
407051
197396
813529
442838
221152
583371
375502
450454
245010
387688
702552
613162
278975
771432
430424
685826
20002
430697
424912
850787
479454
185149
875123
834199
956412
874871
277166
774329
248609
501196
56015
497721
853731
343817
362283
395827
182565
146593
240874
518691
961994
525718
832717
138694
268564
439349
936100
533707
409392
396587
544225
571440
574506
880587
939083
813408
392386
892380
321777
888752
410107
951029
275635
195929
770144
358952
939545
662526
202721
663344
493695
345492
6476
16941
859165
302510
197731
408937
559579
178802
623746
75849
736205
755928
742756
687059
361533
964986
227706
529
511818
298124
856848
955117
736742
731853
273134
40782
604508
561369
276840
650724
549706
467411
159311
556589
946428
730912
872854
886836
213882
645235
410333
516190
144407
745165
544782
87643
746457
887944
951266
647701
998578
935363
811600
862737
981782
18667
639409
733089
875656
460565
926336
987308
799899
352391
239105
649956
890464
342003
671195
600971
983916
881968
479522
203543
226817
878992
750658
393834
662845
940767
316698
687259
248671
163304
660192
889492
262579
608823
640501
535631
502085
370097
672305
162239
564194
223223
173846
871758
626909
417010
876966
118297
812001
328057
472001
161800
62069
440500
623663
976942
912326
996691
318630
316117
653400
988259
757813
989033
673863
516261
613223
499653
337796
887462
85510
447649
722108
549025
469215
214780
989229
83779
403942
43391
545820
425317
743341
58976
773554
399906
44428
361938
901762
957967
309468
36936
475740
593009
467794
328839
873235
854077
549605
312780
542831
731162
503088
734485
383604
783281
755849
86742
455138
906646
252803
965373
768381
22894
729313
771550
458708
800976
962706
706115
961231
377322
123393
442926
708757
530900
151585
53414
684956
17562
884271
175639
436289
814520
736271
65791
267023
648313
101781
628786
64133
881442
796727
56999
68902
188621
128413
777611
208030
294869
675623
292106
638628
782462
214108
689040
548281
476779
890761
722309
622040
850852
331
105043
844647
135310
94680
367605
262872
874659
51232
278540
591957
524239
614531
142760
780939
763619
953713
535095
84346
707077
228597
818735
301085
149159
167735
169484
786484
293275
605943
301817
366397
929351
274422
346676
695183
6224
894182
337838
272647
603617
657823
220203
57123
62936
884552
47384
978149
733491
206062
340799
587464
890285
640830
286765
574799
40355
496883
265205
677886
912342
950542
74030
466233
287457
736053
328668
826567
433973
830343
929009
624187
274175
808874
478974
586033
184286
242585
728085
783320
16459
949136
945
978501
362208
428727
547863
997460
873097
235562
244517
190364
722673
880600
20123
371865
32367
593342
42235
342671
937583
702726
923718
653685
459997
613680
692214
915252
461085
301972
725601
884800
663912
794969
98317
349600
565685
774367
78756
625223
85780
232101
715038
175070
763672
3392
609429
663539
35059
925858
425893
403002
884152
704068
392519
501278
844999
202722
257971
931520
306919
737113
217900
739608
305698
853793
452732
78483
916409
756723
874419
175764
368634
525742
380079
724924
75115
990016
98302
722634
742060
512041
404559
999227
781359
594194
668517
288853
534354
860335
539116
797490
966273
81242
295206
609049
786636
996904
721179
719846
248669
258776
76091
991236
125161
876230
747120
712988
616848
658381
803423
702953
354353
812030
988519
776303
269667
420527
38473
633161
612862
656860
582779
52586
209067
389962
270994
526265
876771
202751
22947
973888
866657
128055
179000
4306
748099
119897
844625
790350
935203
429008
48111
861458
802521
769064
299080
715482
163863
403640
870503
779515
235699
252345
56398
909479
445666
595094
348965
616712
30806
737372
854435
393111
964591
799108
673656
85500
787049
426120
142619
239506
923847
182748
158538
62692
388489
155898
100427
605305
1869
570130
686722
938290
445209
358420
205868
953476
400635
915269
208688
76309
37817
678483
955949
879404
94887
717603
754959
593294
17923
950482
498461
465389
793100
199333
61010
463479
365230
123983
28961
934175
638272
793417
151043
523824
606307
831141
331211
78445
644604
111413
723652
530362
660114
682669
220745
506511
788019
832322
74468
799577
919988
64722
327214
13455
705726
134660
15499
876180
924380
69032
4484
539679
850269
425945
603943
503634
417244
555
782946
737374
366657
289716
717974
557617
619475
756546
357914
821073
614550
925872
9345
954865
994161
270645
970376
620921
679526
419435
575848
759505
80767
339507
248980
589658
836589
286415
437485
27149
972777
190735
215267
227606
434326
382801
519168
505860
988816
741766
513398
248328
249026
546582
593408
403996
361913
584706
915589
189562
175466
411057
553575
817899
109733
350066
132984
191215
165379
894050
905402
894718
24572
843607
715116
992613
891916
216837
546928
9551
909372
199425
31657
43907
727877
350963
377243
612465
801495
513614
666990
371804
110495
30877
28662
775742
46876
911157
333454
123904
5634
162746
418635
994789
111330
766527
56858
67606
511826
185787
529072
236560
899428
163261
66926
466621
397138
107607
182276
54892
182989
489763
332366
561464
127781
659992
206036
934059
483106
167612
474661
505941
844354
580995
211537
677842
567868
597010
584354
403703
8840
781080
64333
362914
968327
789631
907099
798309
102803
697559
310105
588607
613191
558680
72017
94090
588280
55869
919590
408764
825743
967132
973977
929949
827149
501020
368579
571682
759481
143882
545436
513426
715814
6452
175091
825393
711393
286245
476362
107572
289808
724186
544034
819157
848507
341218
874157
194643
921936
566010
980950
455611
717792
138961
994254
140523
130419
898136
593087
461564
97000
45488
508001
619701
640286
273511
933254
810831
983457
609545
738581
694939
906770
719236
29552
945893
379086
378064
74646
871747
977003
421110
622189
897736
123195
938832
723212
806657
205103
658907
578812
954798
664075
217979
946468
845323
207784
412804
1336
345546
930960
679907
686913
237086
538841
25338
851036
928910
484378
541604
983526
381088
459263
809004
228850
991378
29904
905640
485636
790774
299130
816211
69012
580572
315089
773073
357636
655112
603531
25539
863122
494112
973931
374646
240599
81035
99839
925060
761523
133627
653804
706419
610874
63180
598169
613160
674115
666821
814600
298233
488674
263499
418091
365117
934263
430748
929676
394845
801123
183111
995450
395606
166113
779956
737234
777188
88744
822009
404639
218158
892008
460915
899690
640389
379573
670630
321981
819641
759662
623660
965036
256891
598626
834623
64512
142829
606692
900571
449745
837499
729283
714764
662114
815958
936410
680123
796779
912946
477448
881509
338987
483307
35797
406612
186391
662838
712545
315785
923457
412668
773770
74401
583695
83653
135467
600839
235943
558355
553500
489375
311550
893119
73994
969352
970825
558187
645371
373914
428932
780191
962992
613091
302199
680224
859444
777589
984738
543403
533864
148621
220311
331778
94732
104791
730861
914686
81399
993366
988893
61449
440988
216337
16008
441142
712909
770118
527117
843910
468202
138003
397792
550831
823412
253127
735342
596612
368237
525804
562331
386473
740072
667754
253095
275993
626305
178807
234514
471778
148920
226340
498990
118502
829229
196461
57007
610381
11747
11731
597149
99803
773506
976820
157529
328837
568749
400741
512480
336879
191474
272926
927224
964870
877148
272686
44344
150089
46160
707828
64825
761390
731818
608676
248982
102635
145081
803838
650623
376117
384871
107979
47510
5201
700235
631656
451726
80373
957085
547660
664550
833000
485817
4989
886578
821166
410072
761596
264612
964965
867865
17990
882667
183289
932460
370395
575828
572076
552003
253979
55246
156646
471034
320395
195522
205751
715196
320569
390963
400395
431078
477463
14792
882780
294630
4453
415731
371557
776421
499788
783512
311084
689666
359617
13200
847616
444235
17431
388375
354951
589901
187348
711145
978288
949588
312892
274735
70803
633494
738686
650202
113831
717960
558217
404819
667836
987759
482646
483242
252661
712496
292934
350083
992793
195392
957786
56083
885933
669837
322344
650423
307196
15525
634689
279912
144472
781945
239694
917875
739200
114048
960933
411112
362390
689693
795657
907135
845498
498925
510281
259728
940528
849356
264268
18487
315329
409208
891688
86737
634676
640732
16877
189731
545336
228108
386831
556443
749537
533132
29728
530879
680875
18604
381981
244342
192898
469444
66465
586720
963553
318215
295519
420686
6804
808179
588162
235549
20705
249637
502321
44220
175759
488619
624068
914950
402723
741124
569840
643062
970182
717655
520090
182221
94927
395155
566894
870566
420081
161027
235470
511437
2005
361608
189767
564692
679247
754714
816730
847711
151214
348716
834583
848973
241701
65120
241778
762797
628375
366283
204340
753963
709171
959147
48167
455930
341746
874723
973265
147422
506437
750107
884071
222460
161814
151321
371909
908047
34431
460895
484078
982046
630936
38637
679187
260657
480528
600708
145573
713470
307021
66358
776594
139425
702114
649258
595924
657775
848704
644383
678841
938959
624669
590314
514126
622982
113892
426636
806093
965272
872412
6689
270618
169022
863887
49624
814424
27259
139639
74393
443618
379377
811483
686493
737835
558071
199800
230412
692085
101692
7047
682331
856933
68145
314061
733410
990930
117797
462457
51508
980906
714921
915178
361408
186914
892585
583546
836058
482658
505342
784924
753733
973503
444711
738215
548062
695270
903392
436484
545275
591038
493645
639794
74194
123386
119582
537455
462365
283605
311104
218037
82466
190643
911929
815283
592021
125858
231678
942966
544648
370074
308191
921685
680692
583023
517821
885176
304077
549330
128881
956488
275011
402958
609298
485863
434258
344476
266029
323344
728812
437610
476185
255725
35863
981386
967285
786823
197557
901723
813171
315997
275433
710650
583712
108500
725273
608824
487184
481696
836333
687868
880563
118786
425621
205873
690447
619676
211324
951628
315023
881761
989087
717645
833558
339209
11844
451642
923294
268817
208430
576922
681077
499377
771652
205305
698733
866145
1967
123005
570938
695289
331256
652917
399948
565047
317758
813375
888288
926260
569842
144521
315534
853365
782032
95927
445564
17107
689
765106
442087
824087
521539
125739
212278
104175
765290
739252
746472
958668
484606
276596
704742
87044
457455
352661
677763
916249
443324
993556
527649
770105
395201
480814
184561
878877
349396
695327
346370
382285
765086
269552
314136
916925
983898
209629
309862
294379
13674
550913
442152
755805
250567
406452
399930
905562
330283
29363
764964
880063
554378
357459
852943
993218
66316
523371
158454
767164
795070
243931
160545
290318
480257
22659
791065
471087
599833
765310
984487
313606
83908
852594
100949
768866
622350
120518
690785
727230
224762
469378
760769
362643
667401
880351
103270
782081
105676
366265
565604
630949
269849
431723
37821
678773
78224
425498
44069
237686
168449
572140
764456
542353
213456
347940
892745
722381
620515
846521
430991
426302
976964
377735
53088
255257
89870
288123
860781
420514
730680
405273
962355
702543
830152
191876
660620
258503
401787
606337
359690
980784
370742
823089
459011
25466
561301
956022
44851
538990
695629
882241
87728
730574
574799
338516
723706
970006
564813
542324
685024
888066
157218
383996
427903
759632
734355
933731
694344
87428
146170
789969
975759
111397
195730
703872
229266
303538
715185
827812
900695
305090
409547
610782
297156
360866
717526
220718
566249
37865
381581
140148
505253
390047
17478
233791
769903
731848
637477
242602
281782
676777
873104
824863
565261
612922
350858
182857
386345
769182
168278
751180
377070
629134
997772
821817
550467
105314
386597
282708
460654
206147
205664
424525
720382
631611
74733
696010
508912
809869
756193
249916
50267
632974
878218
582777
566117
562515
798432
328768
26519
642951
880283
622554
112573
590710
15098
275560
10270
723104
312160
228969
547078
534720
55376
479547
949415
249328
757770
941830
490933
693418
450658
112337
235597
935416
399752
387163
658623
145033
341970
597242
710206
105399
581213
245573
461207
248216
457870
869675
499045
439780
767110
194760
663010
510668
448175
243721
846623
377015
22062
693834
639391
694786
12699
118975
153635
951383
318807
86300
222334
947604
680575
529807
786551
84387
14341
139974
471765
351847
834593
409167
408419
240033
746167
231224
67133
908093
840013
488166
270858
424109
736363
859855
377418
532488
666973
546842
955264
923571
897265
28351
302215
445316
918500
985138
485189
492771
607902
223325
818558
536414
362627
954468
349008
598523
59461
103993
901200
309833
659258
422758
723349
221445
612359
714330
10011
760743
635145
988981
11840
468378
70272
626025
751713
496203
789541
948637
212847
313159
571775
377685
328830
268697
415850
461007
427104
431262
820454
572667
911397
751825
488947
542573
912697
932937
845087
491752
61324
425670
608089
844937
792007
689946
109227
94071
455769
609765
555971
149723
488404
543281
528751
607092
86292
538394
394937
623489
958136
293541
657247
889968
621777
751968
28468
563632
506598
371972
630630
716459
966199
338455
349096
10121
476555
326417
88141
108000
81449
35712
894706
949244
849133
789826
554771
772512
597855
846566
870526
196289
506095
756721
176487
75559
449576
759634
115689
730248
171154
589182
493664
330820
121891
53356
863529
576243
709017
920718
278393
993662
474510
964512
746688
208092
248714
696853
749572
39268
134983
549572
372063
678823
941187
896085
760908
192592
891944
295554
444663
30645
627873
516616
611578
385191
896070
587947
881565
889154
251165
692071
815321
335448
743505
440204
275198
682331
659024
741631
676002
436643
187438
5536
585770
774824
922644
888602
669559
380449
339154
989249
143309
732317
267450
509828
850825
790236
401035
795442
143900
448922
68784
753733
381110
286800
860284
575651
255151
236527
667719
412471
234908
583058
611177
978057
301551
660523
30406
943114
258074
481849
680231
707975
74535
377277
700479
864440
269068
51887
944818
627365
782337
982024
698455
977993
684645
312204
357492
370242
555899
12327
922453
838195
277117
173710
353640
251532
914472
967293
104918
189619
256491
140366
455557
713629
272257
640914
416218
924977
149202
810585
389194
630444
166651
108090
375463
94744
498938
388273
170564
78201
879002
561758
591574
436665
536919
393133
335827
873769
719674
401911
916986
785088
65774
364407
427101
933833
327992
895203
670668
514819
832142
166164
220290
155305
684939
772234
490520
419777
567056
551362
702573
36286
473940
421902
989387
800222
615074
687951
507607
322719
770488
481468
969050
819267
142986
272141
500291
203326
300177
348803
940609
540707
557780
805710
168418
207340
644340
76347
813391
854022
142361
206778
421535
418548
502592
227473
510309
28007
287974
548111
805332
897691
288969
130884
858867
318932
201280
83105
551136
205918
248782
990139
231978
172693
371196
610212
298979
46666
464781
616704
736867
805873
670710
83467
202639
193556
16454
38935
736888
718277
40671
197217
694127
3036
575289
788078
370638
864988
460349
697014
581330
272387
164691
407318
614755
6723
999594
531891
162484
59787
608558
765317
351495
524610
721259
619915
653293
470131
800255
11003
465423
132481
790472
559430
411311
103370
920677
445604
711303
522733
766731
489683
675704
833797
391746
637576
33319
107489
949894
648473
521748
627807
563700
714610
642790
280604
969603
323333
774886
867116
306603
718946
511180
786686
792765
784666
242245
360615
649837
617319
950039
687686
469694
73611
978043
345324
440346
764529
614763
955225
672502
649933
841483
897509
214445
362878
815775
352600
432568
903687
35372
230379
74691
222181
684712
384535
596164
747507
572113
98955
547251
679379
500797
825185
948589
556419
877346
833015
689859
356074
739964
636517
628472
796948
510074
43603
139216
281154
113947
243453
387596
129983
811043
812414
813404
904364
24726
784662
90961
967218
99946
234030
254520
783128
536549
906615
66943
855810
433002
222994
698702
969309
452799
20510
89160
619963
686667
13668
144021
228969
53591
970941
942836
436207
322573
820849
946391
250261
1072
991066
387039
301097
680964
41686
209432
869808
990187
483684
553728
406857
793214
940636
482226
227439
815563
230964
777693
904365
291023
444817
453950
139922
106634
94258
578542
753645
188865
928408
101220
399246
220622
507512
636805
317488
315164
681167
263906
444308
51515
844578
700930
510427
607798
839236
385942
765573
133328
829637
625216
745636
252479
287714
291154
336390
957035
646578
162835
201437
980309
420878
62042
526905
553740
975939
74206
558693
814807
480181
665987
786966
896622
942750
77431
187501
94337
32344
629844
235382
124052
245280
578614
88311
31686
329114
397842
679337
219707
105461
111864
175109
854672
230198
508592
603449
961334
677742
725076
971893
876502
723012
768129
712912
745811
65346
227465
909913
645511
656869
289586
990029
863420
438763
580406
753598
123193
40167
970458
994225
440370
13148
692320
970790
258997
878326
984233
783984
123554
817338
957120
668567
764173
469459
52364
463619
305530
406457
264456
422717
642791
119760
560894
501479
120803
572818
335648
174975
734586
570409
115832
319484
650556
793498
462697
572625
402895
992212
376256
654404
699520
371522
912410
212754
585127
575563
343345
190903
927007
314241
107206
897114
891999
555487
371764
50148
261433
910725
529483
260962
11577
685737
996248
133432
811640
473489
301618
27429
202946
128607
223207
536177
610126
417719
399330
929873
236645
630887
68263
13852
319429
512124
685931
132646
701068
609141
876003
736856
143113
524174
275099
986725
665008
644380
429416
577865
180358
528315
368035
62141
707297
688651
605294
185763
778826
270597
900206
126020
647349
318648
658391
924620
478518
314052
640763
12656
922765
240422
272917
710598
13205
220071
5274
654010
346486
502791
749647
759641
931515
150876
264336
432648
508363
779488
441357
628398
88645
892476
841111
204832
181647
48226
592059
348677
176634
380815
999431
874120
177156
567426
453513
97144
194496
727451
192836
852813
698887
924059
225679
531419
987723
455860
415122
666099
9348
338303
117882
946471
392597
249248
667810
510095
451705
615804
965802
4877
761440
599487
212325
664445
674938
552360
43047
559659
527701
476927
153403
367277
892896
298106
621702
2163
664907
607955
233394
587938
913513
280151
797828
587426
239933
106686
685048
670391
690523
239177
615100
898449
716169
522260
860035
130820
320385
373321
489158
82410
245364
605395
374684
782157
419081
141939
726188
601410
750285
660501
790878
95468
602305
77015
91486
457079
144113
367116
879482
464020
706822
234683
304775
952689
571148
629558
467357
531283
67087
641477
279914
81890
836174
611683
105381
863181
583959
931671
955492
653594
69833
544869
219277
198925
819225
197791
952126
119982
382197
866278
501816
321787
362465
559479
170027
257507
632317
873043
385548
741122
530084
530924
167032
174309
918645
970684
105115
202855
115127
464208
155066
265023
964229
602123
753274
818507
667064
140448
469271
205339
934353
379209
403887
500568
286559
249357
889774
210165
427827
537901
738938
714903
853432
842463
824177
40089
273257
891085
438498
368289
399728
956225
188648
559047
614801
770391
728998
763200
203011
570863
384470
22291
899042
364794
205517
317819
653607
971455
667968
580641
662173
203402
174787
544012
988819
306089
192107
146524
549726
692163
292962
199678
948699
953841
740257
922004
425839
49420
232008
768387
219110
418506
836786
757252
579485
90504
973798
488943
408506
211553
988974
607553
710019
611217
5740
735212
911619
374560
769132
753586
537679
390902
475044
49737
374367
531610
561908
596193
849962
472419
731551
175998
77452
58325
919653
631870
681069
103477
22974
111595
580179
752781
243579
449992
122084
934585
569207
840098
977866
57154
908337
761440
302151
586861
396867
38430
548714
875948
459098
472410
570507
21652
585549
720991
452390
205391
609792
558659
384179
335151
456753
69035
7598
604042
442254
835370
534187
437994
832522
624791
866249
193179
103383
223938
615750
633528
284832
702332
874347
636390
660414
395920
924247
16770
719616
136739
900954
189741
788371
262616
657000
40738
897366
686077
250604
67416
709126
486302
489743
708325
477687
705150
188336
690518
97389
565220
570428
83054
146451
36109
177920
458714
669325
852903
135910
362351
651842
173258
693523
111376
766210
39903
328906
414442
29572
87530
855035
626030
138020
96361
694399
413008
815416
550241
935717
319930
865732
27781
547948
396051
88784
308377
462020
11398
28243
952310
357296
827655
52384
620655
42510
914376
842959
199998
742185
59959
347375
772983
212683
267360
204424
227054
138769
736879
920180
545317
422162
801896
108615
520396
763963
250137
814027
374154
639785
878451
89201
306524
824214
553887
234939
616452
906807
525341
327945
32360
227574
68953
21500
151747
402876
364195
589197
946892
212646
72234
938233
166319
385860
855469
964566
95186
76931
17285
294150
940368
497199
549380
465764
554973
874114
764058
226691
345662
144920
100209
597476
263133
436241
193379
34441
663843
813159
600536
171861
873419
611161
303111
27550
637838
418294
587663
919171
578234
2496
231437
460511
831828
905107
55753
983632
606056
964172
601969
527663
494566
440921
638200
341576
718594
117154
367717
668772
986020
367561
321781
776931
428948
442044
38883
636422
965531
229399
846630
144923
220665
24971
738065
680405
7061
298668
45418
507425
305955
126918
730022
817556
466899
990074
707887
334167
854658
621655
239041
919226
729307
603093
8573
501687
625409
576360
212781
215
923996
736716
985530
87506
693350
405354
751342
506290
847637
90379
575933
290086
234355
678843
955844
31279
383684
752972
688372
496673
344147
808548
410535
198846
190939
758947
276803
128942
415196
221404
177059
796506
552524
954369
654506
761529
450034
657936
804560
31554
559155
105906
20172
545200
587076
822876
745443
431858
567493
869617
136120
358227
943538
743818
43709
212781
825314
700918
394704
398407
508414
32759
705455
438895
400006
953329
978176
995148
714147
616378
579197
197068
162392
52955
692830
882456
950861
396175
220943
107482
763745
45801
949895
563032
815518
914739
728717
179752
155604
734290
20127
77137
392852
378237
514500
583143
56176
40819
253275
20778
52707
182543
209451
758313
928887
480410
854013
660469
290250
656614
40352
632384
894223
157866
139445
469704
507058
875938
710300
963269
201830
234793
319459
186050
769559
58472
728066
104830
17888
581909
445435
479063
783907
66112
589509
683185
579011
573121
298607
393083
794381
249446
984953
577951
564091
220568
189094
608395
943990
945770
166677
144797
458266
741964
625812
61818
837023
783598
108700
279654
481827
344020
243101
965038
608812
16388
236024
459864
697034
749384
666177
141150
811799
874194
853010
441469
13729
335068
556858
229082
499284
526305
984259
712344
42012
813175
129779
128039
795936
32552
35674
504381
925224
791836
763858
436789
338453
249317
630792
519385
566586
169256
58933
468989
250836
336446
716261
602719
507228
360430
795932
402494
908792
93001
935670
800203
324053
66357
893212
73897
664053
602043
951415
519591
901940
324509
155985
524644
683425
708167
42217
342402
722922
687958
95641
830616
436099
145441
350034
728617
208570
496765
617603
639613
806075
399165
756766
352521
292102
888879
878107
270404
723759
78803
822139
301195
109099
608215
899505
131797
817228
162768
362793
714073
774362
203709
689323
647996
650927
510783
201568
519597
982964
17260
796092
111269
762518
518879
662371
444471
403365
580761
329906
257188
332076
894074
942447
582810
322719
704775
974065
792613
709454
728745
757035
425415
917951
855864
639462
408200
542432
491967
804675
144916
485005
752379
561412
727699
395291
226297
508894
718484
970550
939134
106633
283625
363093
529811
555242
194257
720877
506943
756065
209103
33388
506289
873874
98786
826590
65720
532298
868384
736259
322616
941304
327539
186600
766001
791889
646520
411909
763163
305269
363562
380175
207747
610703
178987
977975
586638
388322
469951
641681
174648
46453
483873
203991
427132
520454
318920
886140
209010
870305
739218
987652
220086
320621
908737
644429
155558
968182
715240
470219
954499
870923
535087
880246
671968
390473
754604
527725
726705
406658
757178
714008
174528
34658
689184
601704
832937
466264
44786
463019
764365
351341
68545
138742
867327
820923
53836
694920
169497
176653
262785
891567
888522
636010
57017
377060
357645
288544
382325
948145
54863
111881
718020
130900
362895
582292
773331
376859
911732
689552
574221
758863
148981
774429
426138
225255
521630
927777
513739
878807
502682
726691
587808
521399
262237
793075
731891
80177
20641
975198
671891
491704
997417
171184
81741
389875
975171
72290
363470
491265
226990
408214
873683
165612
139449
178039
687484
127181
442515
637158
442442
555803
269645
927042
603759
814181
197990
408928
375370
975170
294819
490681
774240
131793
499449
57186
193569
63088
788638
596657
697246
426864
712844
764034
276355
448024
198918
599080
366243
693371
201721
591605
856532
222747
673754
853760
576994
967286
551548
228305
203244
768767
658690
373266
673982
883353
586109
557562
553004
260392
791911
532087
566131
151307
343320
31877
465916
626821
851685
900822
452753
986992
43303
386650
681447
254999
917366
869589
139792
988096
173374
733392
726382
104679
429386
369905
894733
787581
188834
333072
430993
150137
588476
342402
187102
890768
615063
542684
130077
906191
266180
554787
999113
632754
588891
37506
333238
658131
896004
187179
291712
996699
602205
782798
60894
588018
216028
233908
273977
327393
380490
408735
816212
511111
829472
287186
644707
109804
970662
16574
386588
845129
177620
485722
131206
847580
540899
224938
714141
217129
727147
896554
314693
518355
642162
245797
569927
209236
399124
412161
83418
740110
369807
757565
741261
515500
386919
641192
804031
153514
864788
519407
713848
547706
609165
338476
651867
183597
317988
991897
211390
22462
987995
731159
893671
175614
974215
489444
759328
922602
192728
183161
616147
132053
399295
948425
921996
542486
120433
906085
703243
563493
106502
172785
101979
956
969876
129782
54117
986197
217145
382825
969864
927247
842874
529548
575332
8405
268068
76772
186421
626996
905447
612929
219595
213631
817701
722132
191008
777354
153173
302336
53818
863274
344599
928298
707682
621216
861970
472488
597393
924884
335646
288543
91500
635159
489154
893278
555294
887808
767593
72569
675735
489242
694938
795080
835808
780549
358923
788144
116897
932261
430184
280445
677037
228435
322387
58083
949291
179978
388726
743889
79757
973328
296182
887318
30461
710372
286374
146746
158095
918733
50762
996507
419470
720370
930438
11549
807928
816687
147862
814134
413099
728625
729911
862781
459750
651142
917850
41623
980639
744318
790527
331013
181021
494829
958997
133084
68005
77042
753993
473867
8706
184795
315993
229674
830265
476511
631445
995270
997625
403525
957939
32357
66656
170103
714383
348087
383791
596099
139371
574015
629224
430430
655423
473239
289883
509846
129469
75592
173295
468739
200567
369617
412063
795081
467436
29321
586940
386570
304553
845284
929527
813844
692907
275575
152849
165776
646934
365659
155534
258805
940789
339891
487325
546856
878327
812060
325884
469649
657627
870659
43321
782452
778818
283231
947614
621240
876645
822282
381567
115509
539616
978429
625389
981998
957430
966170
800407
176677
795773
304237
503301
618058
687942
95620
867786
439808
523741
716984
301405
66751
887011
850697
478854
787611
759695
865035
192071
584556
858523
554631
245788
294686
861025
72672
522516
956848
432208
330044
303722
443112
288234
543806
5439
275521
639921
82847
886700
560006
660456
144992
306491
322330
431542
296361
680329
619269
355684
403531
531217
925284
577580
261213
286466
567094
23666
821366
191764
355476
522945
644324
872350
777183
568717
513942
391618
726637
21828
498945
382852
43470
45296
6756
650500
971383
214481
879850
466836
705256
732640
393607
15966
849659
885167
214803
46617
703997
271488
976919
487323
541829
872379
513655
869779
893235
420186
773002
974062
110742
631404
12151
312568
873132
949450
696527
944478
343700
65057
570223
840237
21878
529748
942402
32627
824547
569858
265640
144460
637356
369129
717487
637452
921634
978978
329392
699691
466744
433603
577876
78367
524255
915546
817026
448928
759845
686947
862350
149431
788936
686664
231826
889443
818328
39189
789969
433138
484470
962143
557976
790422
753655
154596
21311
875332
396265
875978
986397
804597
550719
879744
219979
137989
864578
480054
852391
282119
809794
694454
430859
447477
707378
784430
115483
318168
822341
695162
4681
257303
99518
561253
931897
200363
92650
196323
987366
821612
18263
832101
403954
530926
277508
6898
86571
783497
394695
220366
75692
464347
888775
396244
822721
936196
823145
418271
54896
467165
996607
32271
873823
638536
440440
997843
786904
413152
895623
733525
162991
575171
823850
825059
299745
978661
872834
510242
974912
380334
392156
456104
230060
825970
714656
295627
862076
976439
360013
500152
94921
728254
474542
223970
661337
112737
831266
821167
438149
816671
125589
472877
783964
506879
517177
657175
100742
162557
217758
554584
405923
993398
182265
211775
538616
67193
915194
612207
53923
808666
659434
361301
659770
964183
770675
307982
925437
891183
518279
458396
573237
674925
517409
759208
170506
497294
363328
505150
790852
654709
698211
521534
218092
763109
970500
271112
129477
321446
517178
38726
798134
261296
711676
66172
730588
259411
208162
747790
624255
374754
823269
363091
914954
312952
784137
466702
879353
461296
641047
176942
753227
324005
186549
292812
555868
849767
70122
413634
462030
923674
758982
609414
499785
603924
28541
286272
775964
221814
611850
295833
497203
618221
287664
443065
129512
376723
197108
58136
1094
681611
70493
680710
612232
146929
685680
880340
259144
867850
803891
716319
549546
143393
254123
648939
136057
954974
396808
112371
975921
834316
953778
724452
196865
772011
788226
528594
745885
185796
282258
984482
211488
341305
738955
412600
267518
315262
185207
812595
801922
783313
932969
438494
530694
724428
528460
338093
972587
276793
545789
956511
582516
35845
362262
930591
48749
797724
296666
767055
914530
679798
552063
180581
601941
483155
125423
982314
266324
373604
766777
465080
93288
461209
452365
688216
110671
979221
619407
577003
995141
947368
207799
438251
906120
265949
925188
406069
956641
761953
896726
481071
196827
985212
841238
276066
420841
237890
276663
578359
18798
583187
756130
981100
200212
877977
836425
832498
259816
666276
128797
155707
727828
517927
341294
896133
420489
800817
428284
246765
728880
312489
687748
393501
928353
507508
74510
963671
630478
383141
211713
29480
487907
518262
837138
608958
925206
81993
249169
548815
340659
419456
540239
556717
475201
935036
733867
669473
351438
259793
96127
967917
527548
751802
648776
535525
77270
171866
709540
80348
193621
95993
896426
73898
772033
493961
858851
647903
781377
76199
938676
579253
338102
10268
786322
415528
755180
876034
416468
39723
137778
115260
393202
985057
256703
800794
130546
191829
554773
5920
47304
246440
509058
242312
443027
823600
726197
29394
178323
617091
1526
867059
943817
371952
59886
324822
602298
37628
225001
475147
706674
628940
943715
250971
172406
714480
590841
831969
956080
513745
991037
648103
151616
209190
11590
892664
64126
573143
875344
7044
452957
217774
896045
801135
869448
946886
901540
935346
940733
294999
791037
951023
34654
716253
150905
249788
717609
165143
292535
84381
596411
402474
361490
335349
524299
840857
240466
660102
706
440536
435699
346427
202462
139746
422477
495689
697951
319473
375529
304958
889184
773078
489237
632771
838721
534138
305240
320847
775700
954049
815546
904447
357461
839838
274595
162801
150455
82030
248707
863443
986435
200246
488760
497516
475863
646897
343655
341743
811515
158019
744771
241420
848495
60397
739859
827261
19763
835684
538732
675590
531484
250213
183622
414272
314418
885091
331947
863135
470842
493168
45165
17651
365026
548954
882065
760627
662292
491038
491533
221080
834154
576270
926066
415352
747712
334528
861862
156534
244006
54436
993125
903741
536469
995382
104097
630943
196532
534648
880727
932379
960308
682025
951241
666275
468110
33206
681096
657983
504674
529808
15571
176302
218234
351798
541320
784555
997613
363557
479631
210472
921906
105943
947302
450857
379303
44367
673865
366812
759145
490512
87761
36321
872101
223943
179080
585749
443843
871886
452387
308194
509556
747977
453500
885721
264689
81482
294950
729932
308140
143444
104634
920828
860025
133463
633573
305677
378981
650156
847608
758681
605486
114143
268881
461940
216208
259385
591703
610697
938884
962480
768843
105810
37269
694006
613153
249472
962280
536727
59446
7715
24735
365013
635374
734733
516193
360919
709737
20722
367378
823702
349292
625111
225022
230138
782110
526656
613134
285377
869870
457484
285811
833766
325816
745460
320969
564776
661384
829994
789687
27250
826705
808753
596700
874713
796357
170740
31830
161298
608942
620135
18176
158265
522998
13258
78078
944810
980552
533034
358756
134259
249459
36222
747902
298570
307556
794037
723033
964704
532539
210110
729317
301865
674450
111895
752203
869419
532847
393734
171812
329677
606053
411039
449568
68246
870020
722279
467216
201849
975888
873838
123611
579987
338739
262259
316873
207825
205837
792512
925598
975067
58484
812180
906038
504391
788768
610477
127336
510814
503902
685681
547554
438194
809340
338650
143129
67092
423829
106707
236197
620000
776775
861074
217081
141660
79429
709221
559872
161328
419469
648576
915478
559355
148464
618331
707634
804553
848497
515653
429662
257408
125057
814579
730358
97505
721486
139656
277537
857056
724898
679055
939970
731262
807279
550689
510283
445285
652401
844397
474706
838576
990401
217606
179596
19318
918842
519638
99320
415687
31012
296971
866318
360277
361213
480290
401512
136345
162153
658076
991415
105577
548948
909540
320576
938430
337935
566177
136785
335144
304744
278777
160525
903611
579062
691270
721201
520507
615059
218493
5457
985405
782844
871338
725622
538187
103053
182941
72392
900395
529970
283537
675081
394664
336680
653676
118153
697208
305532
608259
747383
62846
205199
143640
740677
158985
301736
271035
953091
990987
618013
209081
890534
575038
90302
64771
838774
95410
328410
515180
627922
323546
549840
648157
714665
523692
985660
946614
552604
198992
357329
184322
810232
65790
314262
141608
392686
625273
292519
605624
973461
973133
534715
259564
409361
950589
20927
376486
238042
510171
932150
206579
962242
170899
942258
815963
361228
884973
724744
949244
77022
377504
172798
791846
323784
610468
145680
90653
377101
216960
425939
831673
726953
18925
491061
334973
579238
588285
395825
783796
112793
500285
841661
26766
530093
107069
130203
332645
358254
885663
712288
537936
996168
757155
333519
2189
409117
115272
137770
18969
781187
911119
779842
925286
537354
445578
387041
753062
547048
963660
441025
939737
389376
668614
526679
741149
436632
449121
206997
82350
331106
903069
613798
393788
49063
415772
586525
252827
192746
234473
359928
825075
701076
143632
314074
203837
73111
217559
935071
430701
451349
57598
612286
742432
941264
543354
757228
151011
956954
475932
620978
505484
21680
238963
67213
566236
785327
276020
673456
621320
61760
42330
965029
443727
276358
312955
699713
702049
521171
476617
901959
930066
583611
606027
537974
929674
776685
82125
352006
566486
23856
508988
903730
428989
636958
925744
765150
686346
657344
298670
130059
663191
105730
75800
357078
569228
329854
815602
244773
929101
780029
149668
159412
837056
506935
845686
906876
595555
481634
546340
495522
156090
767564
121533
95570
734606
303847
56766
797509
13055
257224
116709
85384
683044
550630
766038
986447
126440
772329
656571
190794
319620
351742
484976
744805
157290
674338
503775
852784
491199
819522
766668
963871
830185
869785
175923
29523
727511
416664
624377
185011
294964
437196
136511
797873
299220
192271
182618
470105
80026
485054
525322
957488
308650
18531
706039
828169
793861
493559
700970
733596
786163
722696
916685
293886
684462
766762
654711
705050
373352
107502
229208
383665
879842
290490
797327
127211
782529
767327
882004
657168
385555
181893
993283
242251
67090
711673
113175
995385
295258
896560
199904
748489
954552
406516
984253
792263
751324
455719
353211
651379
79214
381579
162820
608317
257138
194034
697686
245232
570859
415797
364901
746969
496132
86478
850153
232568
896284
592698
309867
333300
117673
204633
125720
212634
452346
354898
877060
290994
279389
530400
183032
357084
988093
525686
724193
779744
542052
839679
128877
356865
30477
863023
106805
313083
710698
640079
970516
228067
344241
275742
626638
657056
638096
775079
623448
471340
780612
1631
890718
518667
11235
123903
179020
66920
610868
695506
431009
154901
671196
75514
174451
926478
424531
880206
170013
10099
156045
340679
106168
333623
972914
388173
484404
755347
145298
226493
944455
979257
508451
555321
459424
756582
982850
558353
442176
17125
929506
863861
817212
208872
286210
655921
116400
169418
687892
743897
195852
662364
479175
875777
784131
822581
783013
784143
701851
576271
923426
988449
86870
661999
349208
850133
406089
121782
400679
789596
972294
653859
352654
369065
126169
151560
775714
392998
322347
805178
844524
336796
355932
241432
299016
547852
401084
650678
638330
164392
52787
176339
884005
456921
387354
100101
791809
891421
129225
268604
871321
543831
99558
779076
78553
671048
357212
82677
838271
433322
592966
950717
520357
723794
889886
979509
105751
441120
710836
123674
818367
410271
296082
939027
461169
857037
972376
414548
453074
674781
248615
156839
206357
68702
429836
784655
20713
717338
9239
74665
537384
322825
357988
443252
159304
100941
12678
694139
257065
602091
90239
964702
439901
873011
139550
323110
82480
69987
746678
162291
185799
525011
921544
32303
51115
775450
899443
593866
518231
254062
669022
210481
861072
694648
165033
177807
372493
393009
558217
520899
433406
641518
548487
806764
744324
411225
656002
970512
102269
266739
988505
742209
400384
320416
432564
991234
143387
428358
153271
12314
738774
341060
292515
875287
446815
166621
129965
944269
228388
280643
499953
688634
615589
274854
457127
455323
130802
325526
406886
401187
697143
572031
659213
217684
763806
799410
198312
884405
358789
797727
106518
986711
941454
974064
788158
785302
440848
798519
636659
151769
634046
371413
741449
902629
760065
493025
126536
433650
663573
832489
796936
643117
685913
411920
975997
424579
916101
433750
810763
892339
851193
17740
393637
273246
196560
159582
792143
76709
269245
854588
819538
891052
813413
699711
308852
887096
393590
869372
858560
694400
882434
677266
660008
252679
891143
858812
367969
289057
282102
188432
759827
740282
170713
961842
995575
424581
377670
63126
951971
67850
478246
441821
66769
262264
855536
156517
507836
531638
955480
970780
686919
509081
892338
648143
563128
362574
642319
560439
628311
43979
568918
677202
608704
200785
867434
821273
117809
137639
271759
748995
706449
99065
496049
536736
534660
430198
867768
933200
906840
573582
478187
771419
445363
143095
699221
883693
462189
497683
810684
547622
777457
82222
18649
276551
979393
565297
387378
674556
901888
862784
844593
908942
888060
356939
849495
853260
708646
347117
44223
905005
830780
446892
156361
630696
925612
286028
219439
932500
766314
845530
790249
591955
51560
308262
144927
175502
596717
380211
622828
146519
940304
213352
731697
703820
620499
952241
108571
734393
819201
993421
556606
662418
516297
617091
555388
984223
305437
437866
433635
305944
687554
777514
679314
419502
997759
705675
618597
383414
223797
551738
718626
154370
367377
762536
398931
624384
961782
999562
476914
688402
344122
19205
142047
786390
950900
237534
775595
715337
128795
844306
993090
10274
813666
224774
38036
92769
848749
830824
255777
240448
617625
845350
828124
609943
594171
49905
505529
778010
304731
938611
375337
200117
72985
615917
341347
784418
612650
96302
959174
439765
652917
263231
958166
885028
992190
141719
46221
841661
213800
97395
769301
548806
689356
425945
532741
343182
535864
190441
737990
429956
116158
559737
938744
355299
111575
113004
255526
526588
375803
794469
301677
251960
994603
960525
685635
929717
261751
828069
812865
909203
691692
290455
785880
256280
74588
315843
978233
605737
243877
248891
995150
95505
560137
968652
735430
883249
612258
167266
816357
547753
703798
118618
674549
354396
924503
773576
413441
493208
161275
304797
265007
255533
134432
260422
924166
478109
849001
53371
250230
821309
784629
314750
431605
35356
953490
65778
202692
168971
953278
272548
945048
910151
322092
638181
410845
10274
520707
379979
175334
477846
566098
761358
763901
571832
545166
530100
1839
928374
981004
685670
90037
40256
308787
956508
224811
731849
19085
97768
801245
760529
871604
969280
466492
658997
212690
287065
570973
304074
153097
984730
351205
95077
869795
127304
750432
926297
550107
283939
461988
151887
996013
178220
482852
830589
86243
800666
899442
368870
646027
849666
879004
312179
490174
809595
174702
855451
528986
167183
974665
334886
551565
480782
44915
938201
143793
906229
252382
390729
125831
478862
722651
148436
166198
222319
285525
573580
825262
415708
816033
978190
894952
817326
194662
241783
487229
25424
329449
632098
529717
277400
652582
547030
395587
961034
646652
444171
553773
930410
721943
661813
104077
147418
569077
274624
885674
905656
784930
633651
547623
194117
134817
770006
326036
740938
878853
418398
837041
736179
25252
890804
958854
321060
921997
13342
995696
732747
300223
75540
77984
944859
133926
454955
212928
834789
732026
106127
860802
906866
15689
840333
478668
330284
229708
137185
819171
931797
960316
913806
435680
997624
97010
715427
31419
969945
730341
61532
588500
225242
371393
440509
93195
234048
503989
11404
395719
571775
945066
309104
546041
353383
67031
933195
685614
823675
324403
52707
408800
574718
992365
88383
596663
577370
904598
864371
611020
697781
687355
259002
903345
859953
221517
979257
518671
652275
769044
376850
852489
196010
131592
263941
938530
766539
607657
512168
216278
770553
9694
16625
701080
108922
392564
548580
325266
379348
988306
820770
593428
732726
371328
383415
434991
701124
685028
551820
376518
565334
245471
526925
375753
317212
701756
587165
385356
596145
373765
200454
70551
937308
551321
729959
364335
591826
695395
647062
396640
422564
331082
220839
847374
811559
268511
723207
613400
299592
73522
273045
756172
34171
255121
502609
317866
17604
639215
324645
53095
537301
168133
534999
239994
31257
480198
184464
345147
500258
364492
395497
131269
728948
985685
556110
295691
209035
937099
353652
541577
146705
734338
150155
204504
561239
579831
314742
584585
818411
363695
25655
380312
590964
725714
831557
559122
940186
831791
789252
629316
398916
990367
181238
694293
883888
322018
223938
742289
92529
942435
100366
688481
198578
355225
849594
573200
841003
875952
982079
873944
639772
586920
479557
612821
430723
663178
813625
449434
38237
782250
682917
113393
886803
674732
653887
115708
393669
338721
806262
477045
833620
856211
87304
999114
627454
995953
100789
150368
94651
353912
668120
83869
149783
619564
982964
656417
459481
601850
498764
61077
236874
264882
121927
666177
115658
13186
717882
952913
580316
987367
71560
314605
155177
182697
922425
322092
909175
262789
603687
444059
386813
96368
659040
999563
891446
652100
313923
458803
193803
644211
703657
935658
919328
809063
172109
795771
752490
406741
110689
19580
466960
200434
157837
612465
875089
184990
818210
291149
126888
71162
302617
786152
186764
212995
467614
170906
797296
556682
545864
896238
361026
80487
945959
829782
864678
229796
624921
956761
138177
254632
924420
233411
876532
654223
288156
997186
200240
197282
76917
201237
895855
135002
465423
169872
563647
362064
445690
152365
405440
827336
306199
842242
3229
44083
169127
129334
778895
653186
130304
811338
133678
634489
691866
567296
993964
432750
799289
505068
561667
687320
447333
411937
477260
810930
76065
597922
574807
768377
555889
839242
121463
63797
106018
305317
85709
45499
536795
857136
881643
46146
507153
875861
585642
237769
110858
827290
814803
219990
739933
276997
31788
78836
678594
849820
340947
637691
270247
263041
231656
824871
186185
861706
420014
504903
470053
112218
821029
906769
226334
477552
783819
7679
635652
765336
246826
397161
16419
593854
481096
479197
674283
357767
548570
318833
871612
101268
701006
574352
837386
906030
723970
580129
958160
976272
202907
211703
767320
269618
858534
954314
237523
121767
239882
35203
362176
909506
436987
958370
106676
174267
647567
940463
583038
864881
520450
709573
614809
776218
728291
166987
979094
672509
189858
953744
556316
247552
214442
788450
335477
651786
403785
915155
595000
449075
640411
465285
877151
469306
673225
969878
118329
801320
149226
965414
350031
635493
884382
471170
759858
874340
87316
543968
311419
723967
233813
616734
860272
178446
111889
310955
385735
177096
88379
920873
513408
342838
947844
552704
764379
287035
417733
900995
828671
674615
849295
616908
213686
126034
90060
856247
899706
216499
365336
631787
883495
335068
456987
300960
16774
138119
299287
378339
525214
188487
747624
867915
152090
314894
622767
931
423963
973801
389017
288543
851047
622601
476034
193267
874561
228959
436895
982499
570979
921494
271261
203980
532454
680453
384286
787936
159543
283502
344789
740289
38137
469060
528353
344221
200614
314118
741013
906883
928937
230276
70679
318199
917118
671746
706315
644560
580120
343901
489057
585018
940738
129771
295808
50243
457279
977791
190650
452671
463684
806863
854339
215392
670277
30199
355357
234729
980914
189861
102542
96630
825440
94909
424390
514197
121000
262345
411221
995842
517748
640861
494925
938399
580283
747943
433021
491280
889396
262718
912421
153099
191178
491163
256192
924086
155108
976305
250313
428452
32264
575407
851143
924570
774414
839694
687954
323509
844896
539124
136174
518979
242971
545529
917031
780922
645306
804792
96796
937031
925861
507707
188266
982045
953454
834170
127409
903532
796778
390568
299908
122527
489602
440060
153524
511197
78054
804778
193228
467301
575268
459324
414141
242481
592650
283041
718924
727189
802694
369367
740050
216481
100761
293010
813757
326884
790237
200498
752487
333563
572526
759761
109487
255894
923094
430997
467937
55388
538401
46151
756340
108467
803066
706408
814652
240891
208915
491670
444935
737349
932296
362094
197686
282461
537718
13023
474263
623420
21395
437252
817154
233565
206131
970919
514365
617447
193651
375153
595725
74893
129617
257888
556798
560511
844757
67523
786964
653908
370872
109
218736
93286
628560
517844
61954
758401
221263
343308
781397
465041
565103
448301
714864
475416
780315
850729
688517
924152
869034
381013
946004
359680
102442
700757
253904
338142
141974
317227
342411
453955
678173
690547
330541
851074
651241
511959
425324
204694
955445
493170
358977
94316
934837
546349
389892
467748
272338
825358
210840
920380
905712
229688
110223
850219
791167
456620
195139
835177
238853
292854
475716
250402
270532
442925
153920
762866
343051
350454
184864
563502
314668
260199
376251
504878
851342
366803
848417
161523
473171
548908
110892
601492
150428
300572
932097
726268
702548
271296
381656
716730
8862
875229
119878
208839
762542
719295
477082
813221
286049
836912
646094
112004
774307
291617
187359
260684
132943
239772
971391
478690
214094
322033
913399
855577
897633
537136
878562
581528
186370
43226
739802
200606
563908
675973
764176
824306
90820
768432
532555
375585
301504
220573
498730
92992
789615
495853
542108
222429
262558
608652
97534
809695
3748
922350
8380
267899
562677
926995
52936
39242
691804
863440
396758
780742
711661
359613
510040
602623
959014
136285
608046
237830
824143
56326
330932
18110
412477
572914
208421
685619
652054
772580
489282
421789
465217
449100
911554
425958
813195
213013
896393
696947
149241
303256
260827
57475
469483
957455
541683
753219
557754
382878
620967
876522
31890
326508
492905
669374
927571
377526
521055
562447
197202
466510
734498
819889
108635
792072
980080
355956
700349
723200
797361
696940
938677
75378
294119
77721
418467
189686
763159
100999
183542
374887
946237
454780
749303
392765
665267
835358
388264
431842
869101
491313
782570
288810
202932
700191
292071
307917
611970
904565
794698
413370
509166
468866
110657
379397
263009
996600
666206
546148
656180
489038
959026
93007
347677
630059
739158
420837
524322
406675
414120
339285
20237
389597
119841
232469
537402
707699
391182
373036
225535
941476
407424
584749
737868
850522
712242
377763
203661
35998
580268
606128
776233
333618
471689
956694
259351
451426
767546
710305
812046
660544
701139
691063
856162
546376
753626
254072
442732
757772
23809
450310
137975
331047
727647
258245
110413
822238
176555
231041
79275
72533
600184
533663
465395
248923
192166
919254
619969
964168
749828
563054
910323
695483
463897
481462
990919
301323
168350
928878
934052
272598
473970
219639
261603
30597
38344
966728
736369
273749
398985
810953
962948
706181
766694
353891
145286
78647
259535
364120
212736
19084
848815
681100
381233
966404
88301
566065
998576
965508
997704
197383
248373
675332
549880
589743
419449
624776
983524
338853
396105
942011
79900
478048
843710
257284
721479
774437
747884
418491
190437
665257
443923
968639
336113
533851
58583
467029
59261
727667
405480
391994
961453
515789
952712
532183
204734
457269
534729
239474
680712
247170
247885
925513
951478
999401
900804
613572
644450
555920
179837
249595
869648
239318
456661
481248
543171
857985
946777
454753
410663
377878
541
613712
396432
835100
419296
67022
109183
330354
119711
989945
136484
113043
363643
350938
141757
692180
106015
244874
973721
799325
48771
370497
727400
970773
741806
209079
949661
782158
349211
627218
64521
402585
220434
26880
453481
805313
481420
970321
212450
628548
950429
648678
361006
797821
206375
634880
566111
467709
693776
396837
191539
929473
949569
79319
146441
255609
312019
569514
324097
215074
422529
381461
24115
360975
964590
968000
343342
411598
327020
437267
560514
929835
32290
874468
231054
572344
792569
74742
692394
532316
794226
785197
765457
945214
862713
721790
738412
90287
994675
934718
512792
122102
19630
845670
729148
868810
282071
449655
89510
838257
567897
646353
188652
715676
194953
202836
270713
845451
556057
968788
788357
744848
894953
240809
458293
1415
378976
350214
999413
915476
191982
591547
658306
196195
833507
223185
752555
155973
514806
947360
555909
153452
618232
818738
216830
270375
887019
825304
592566
641438
763217
68580
476348
829815
142663
928868
379985
53093
929578
239
278505
995024
631188
99026
113263
876389
852493
121098
742787
444391
713078
428689
22640
286751
471416
672896
389005
731250
268482
737948
393294
848311
324702
780178
810823
901090
410151
9040
905831
12734
151328
724305
655815
964278
239281
738729
230247
262706
524642
321561
634136
174723
58679
714508
299554
526348
522999
586186
335727
161284
671121
579815
692997
686985
522514
692160
348080
409460
341738
903756
276884
671864
714474
370726
315600
49286
689615
299026
799324
159200
448205
138872
207242
429664
395490
946765
895890
862430
515745
854977
867676
793981
841765
94325
380710
591667
782597
416259
984525
140326
794115
674102
112526
256130
899140
666375
537562
338269
546090
55483
892697
644037
55839
888481
171455
699348
694873
628053
899287
862891
581258
720083
33583
631444
818465
610981
445391
375470
570711
206054
207627
830737
371786
56353
135892
820130
703949
434764
387176
905373
562060
897433
484307
975581
539839
766744
326454
57738
741433
758456
77283
92012
192939
721823
184283
532558
494702
334107
577749
453755
281023
696889
845893
84255
255115
842688
908545
434387
663226
840539
902363
493617
398475
749311
163337
754642
328599
626305
190568
167503
142210
480514
998832
115696
328366
358123
62734
534453
140383
368943
505885
254824
925351
534905
214766
350623
240
303143
907854
288485
11354
479566
296936
420666
7075
4915
886565
317518
515114
890466
725131
970427
343857
36635
900969
979994
61035
357377
685315
536507
146356
27933
181155
775505
33910
20998
133667
632558
576763
246660
466965
494608
176311
662069
86880
249212
111813
810853
8474
839599
855619
262439
422313
38175
274033
51853
424471
482704
166185
811690
490965
273927
860774
348982
101485
746929
762639
879106
443479
684512
172150
117042
464212
21384
858095
560815
253556
307905
219721
520335
450006
265270
51832
555031
205254
684181
147907
573776
895831
767705
781945
59744
798333
537768
104135
104021
89561
815385
645385
319377
43263
711433
451203
21921
934603
965408
659882
856349
368697
983615
822342
571273
949267
120799
298027
678931
552634
452775
694249
952095
69604
820362
769996
59667
953724
227447
968219
394696
549948
323450
595965
64589
878846
982257
198521
831632
869915
447156
656442
341562
748536
71145
975940
902205
550581
131755
373995
406797
127571
967907
260975
235748
360606
719419
588804
646564
777715
849240
478920
92522
204615
322130
887504
145132
973242
614448
535303
915808
755410
763449
85858
386673
642972
461820
122843
34061
993098
354815
972382
338711
371895
762326
651386
544076
96931
7661
880013
777307
500054
241904
707006
556008
502108
439171
291764
248300
241604
151334
635120
505128
969154
90199
736657
583892
925125
430115
3328
441322
660652
463413
18628
561021
216529
289508
377195
930639
798518
649430
680699
965834
326616
465370
255909
263679
825670
127180
879791
542883
822546
241346
393271
421534
515016
946304
373475
805562
852450
330269
415198
839229
222906
514458
773538
549920
772867
654454
999083
597528
230296
402826
290140
559604
110131
28288
606746
55598
119052
533287
997835
394506
408121
855576
831881
319574
290410
30290
760580
239806
358724
765428
505205
842088
15265
251817
547048
925617
724541
21563
944866
13713
960663
107226
842675
538782
880741
229740
496749
588344
572589
868176
192981
21243
445886
