1000
377799
420936
416709
860904
864155
819163
835124
451025
139727
161601
321282
248430
584222
718068
658170
890033
164382
200322
161588
536100
948289
54836
343816
968507
265952
390940
786347
190315
21787
958911
809760
688977
825577
316881
772485
21071
549427
459571
161778
960325
786717
5077
467778
529450
259179
902367
125847
844173
837017
408215
135169
510717
490699
255442
74756
150566
29793
714238
84285
334020
994558
395281
806909
416037
313333
161191
392598
843071
400976
96092
370339
582215
997526
582774
150139
620959
239452
859995
499991
90354
311048
766484
716346
272769
107314
723101
544999
255223
150650
356963
144482
854909
880352
320255
664290
369619
428294
947077
907786
770323
769867
857877
221871
711762
303997
374847
855322
824245
953393
458717
425774
924946
99158
182157
215288
31906
700842
718023
420622
156645
170509
420243
824775
487435
562815
861075
5874
378740
426607
455121
878305
563515
493208
470726
589316
369018
562006
294247
953172
217416
80657
122764
45360
814538
669217
356705
620281
669370
171093
217705
417830
646388
336355
338835
398086
454822
7907
366366
848301
690411
830664
636991
745611
741068
106681
871632
406787
391601
699542
314453
143890
440411
239080
387827
212780
421633
412907
449424
55773
373974
865186
787207
268873
853520
935057
829754
78446
810785
654587
150859
814488
108580
373905
368048
597505
303047
103914
951295
778358
101512
26544
820922
813607
425263
763602
990565
419736
529407
274201
692501
792270
765566
383195
88049
383763
458831
140337
257884
120135
102922
166736
931973
232461
908957
614014
389185
396146
955557
944132
866642
895673
611421
728155
471307
768438
557043
957436
765635
181078
932751
676919
508505
616727
33558
502056
255620
240782
783754
448004
909740
403586
364978
664616
343326
314881
581495
440715
49942
709741
38990
754836
556445
229336
820476
351680
769765
274776
419890
800952
59664
51646
439657
392180
352460
896072
460938
352056
268949
784354
217557
386468
590792
212269
21544
313429
889506
229799
23173
300168
38044
831750
487741
544576
980725
520191
801085
110978
456157
83668
986683
417087
697307
972533
220165
564968
679630
753095
372649
561533
455130
306801
326302
395255
67717
682102
126795
555010
946552
351115
378038
829316
467071
652361
288269
201300
763339
308504
577246
81460
989796
886164
293503
804467
963340
806025
798664
201520
923754
336087
203708
608156
932683
736632
474851
584992
349332
510746
291241
837675
36900
966681
473324
845611
294399
124152
462763
648470
769338
614976
859642
955830
442193
789375
99531
357604
504700
902841
559451
671460
834361
14492
231875
789122
658029
918000
232622
757326
193768
790011
441669
594440
844709
841074
906332
672171
432313
821093
598586
983149
892223
965862
947505
933924
288303
127391
207819
889054
168358
392533
670731
210107
517137
477667
436428
949123
351962
357815
266040
856160
254647
533753
451778
689120
689930
986594
121924
792519
351228
896823
64904
78038
934644
183700
918546
519562
616062
165409
194474
936586
823394
864255
697082
648889
334254
865168
547241
544635
923536
280939
900582
601189
422815
237900
233932
270230
336591
477147
70653
202799
743507
854224
739740
954988
634256
308923
721575
247856
159520
925227
621271
55689
46521
271573
671553
974255
969301
610551
873169
178893
655920
464785
540402
620260
139654
897997
583736
902256
767820
757293
174042
911285
441811
961348
140566
984012
956864
193012
49176
840830
783116
833402
877901
390396
661568
698761
343063
743983
976711
327421
470868
352643
996708
340186
516993
503485
305422
292113
25331
355021
664267
153246
630362
816661
692284
686828
968883
794336
829731
664169
19912
8702
935261
369035
562711
316858
381591
896282
352269
854119
325332
163027
364712
75
448007
699138
812261
10422
376055
408178
51879
266747
508722
571682
688719
213904
582157
611387
306356
177487
674081
82035
190393
293802
704575
464377
416852
838910
755145
756577
464432
184422
390724
481658
698389
132006
110437
182235
553003
220394
855502
414487
589019
536967
90925
379710
874875
421685
483702
135012
938739
876301
909682
753798
313661
6599
389526
751469
27159
606180
594415
523337
438999
177062
291957
717973
234784
342334
342311
602858
746118
561588
453274
636125
67855
597796
59582
324732
657343
274236
719526
643893
932310
38259
265470
270688
490733
547644
158919
138399
919195
433768
701388
845162
950976
313228
955602
754940
423560
196442
761423
569391
801489
936792
370298
305009
43899
655759
747178
188485
899176
428766
399621
624627
429752
273915
853145
702610
592265
643197
731703
794718
709059
496616
22157
602822
318140
540125
638179
518570
457178
706416
123965
556325
642017
380464
866827
154849
882682
252644
90747
278980
768769
399071
242567
818901
854455
492149
475110
497707
264638
511266
324035
982316
524269
522866
494044
631234
938086
592366
485550
177844
151823
781918
348048
466182
486981
150920
915475
416276
301745
656212
879033
729712
604063
138686
767464
273575
49987
686630
573291
890976
353311
374292
762912
392622
55324
977082
295160
708710
165968
934154
150367
793347
364609
801802
305027
823857
383220
495050
162573
839023
87636
146319
330545
211620
542673
707041
959850
310567
792437
483349
134511
490447
213203
780184
92009
18391
696021
976661
940418
500306
830482
569431
106628
642059
583124
767243
570578
750422
210707
813109
391136
726514
754299
922093
424150
141238
71185
447461
513343
433298
549878
206776
693246
62494
942837
722910
419647
934089
948484
695534
777861
896523
741247
176166
599219
606696
632802
353553
691135
381646
230242
51813
807623
152969
919743
82833
662705
997908
182369
208648
481425
310814
448991
305626
118620
803843
767693
839099
860184
747831
768784
556274
275326
119327
806189
860669
414967
802225
174253
701296
880987
219225
867538
372712
727410
40137
58439
836517
440790
73057
583005
478319
498589
881989
284168
457982
984962
215720
721348
976375
378985
141199
48668
713553
801379
932254
482652
790816
264159
299251
584430
301106
525170
308292
473798
855143
465182
342307
794438
867208
893278
332746
600416
635563
387987
514569
695676
107539
709094
257775
82703
802104
734258
966393
949149
326657
819659
342130
189960
443499
975965
107556
355487
466150
387312
85922
314940
179652
968438
708727
226157
806593
697616
307143
824015
856897
655494
343236
850831
454201
455589
436825
787707
462086
904092
281528
149593
61660
189961
432160
643268
269003
175752
332613
940920
543064
838666
264008
668670
390395
889704
507095
337643
194229
177936
674923
748896
23648
360522
615585
138752
69484
764322
6883
151371
201817
675628
898357
620517
553169
498093
972697
424604
499633
387967
877241
837821
508766
583148
86667
399849
194629
82641
913895
522761
534314
9011
970626
325730
508108
603402
950971
862426
734298
819323
914343
923509
365503
422339
616769
425688
160525
26592
763178
883497
561849
330072
757255
741700
942563
679711
130008
608618
911983
222803
154488
885492
231455
187047
21907
858661
844124
272486
874135
368273
255513
248623
626712
585385
