100
136805
872505
464107
750275
579828
629671
457360
907910
988795
141971
231414
837461
996836
523425
386623
249783
712039
887918
445641
365752
953624
760015
493256
137597
412039
357183
901593
883403
590471
218706
101696
391456
218721
527605
242280
203620
112244
386842
450875
26369
694261
893815
987372
506951
6346
684769
922266
310658
382950
88863
929413
48396
876986
866687
311495
669885
335754
433586
414744
118855
81054
446936
288594
874439
375362
380641
905206
157305
416822
815145
732083
695198
802010
984414
793064
440365
557239
377871
822533
20655
404577
784312
514440
277345
43900
688103
551493
162781
936187
164413
686320
996020
490720
272603
690305
946007
657993
4690
532531
516019
