100
12607
13405
21970
26017
29760
30768
33050
34435
44283
49984
53511
64460
64568
70139
70570
71281
78329
102405
122657
160531
165097
182454
221388
239027
262360
266220
287833
296509
296692
317916
338827
339039
342670
357318
388290
395956
403581
424333
430004
435059
436292
442627
444412
460376
471033
474418
481980
492220
494123
499189
506477
510218
518938
531979
532621
541180
543133
546093
573339
585006
585634
595178
627485
628677
645124
661792
663066
668614
690210
701511
718411
719462
722345
727035
733221
745622
756366
773293
790915
791655
797292
804146
815303
815665
830458
836330
836946
884101
893723
894045
894286
912399
912806
918728
940757
946817
972275
982624
988236
992991
