10000
999946
999656
999583
999559
999429
999091
999006
998903
998773
998724
998557
998281
998074
998059
998010
998007
997817
997795
997546
997333
997293
997254
997253
997177
997005
996928
996816
996731
996689
996492
996469
996415
996326
996225
996206
995873
995273
995092
995062
994880
994717
994624
994515
994365
994222
994173
994160
994159
994152
994146
994112
993889
993858
993742
993631
993483
993472
993461
993431
993430
993301
993127
993121
992912
992768
992697
992591
992280
992210
992100
991916
991853
991594
991567
991461
991441
991136
991082
990857
990551
990521
990505
990451
990403
990280
990247
990082
989948
989941
989855
989739
989715
989617
989562
989499
989458
989453
989327
989234
989166
989096
989068
989062
989002
988897
988887
988887
988839
988708
988682
988590
988577
988537
988468
988400
988321
988275
988240
988095
988083
988078
988027
988007
987850
987660
987589
987576
987493
987275
987272
987227
987095
987039
986963
986887
986857
986613
986605
986567
986532
986455
986263
986237
986091
985935
985818
985540
985231
985225
985152
985104
984916
984909
984862
984723
984692
984211
984132
984124
984113
983924
983873
983634
983537
983518
983462
983338
983316
983296
983178
983170
983170
983154
983139
983095
983022
982773
982628
982627
982565
982564
982529
982327
982255
982230
982208
982088
982072
981804
981784
981558
981482
981422
981409
981378
981310
981272
981238
981094
980879
980734
980657
980407
980210
980178
980155
979960
979927
979775
979672
979636
979611
979605
979589
979479
979436
979369
979195
979161
978966
978634
978603
978599
978566
978556
978120
978018
977909
977787
977663
977472
977320
977250
977248
977107
976936
976885
976780
976780
976771
976672
976533
976491
976474
976449
976109
975952
975902
975773
975768
975688
975682
975602
975181
975161
975121
975109
975108
975096
975059
974954
974787
974704
974562
974546
974534
974532
974515
974312
974267
974241
974220
974094
974002
973424
973344
973065
973022
972891
972837
972780
972754
972731
972715
972660
972428
972425
972115
972088
971972
971816
971660
971651
971410
971403
971316
971198
971104
971025
971019
970723
970510
970327
970224
969908
969837
969762
969677
969571
969539
969508
969424
969330
969246
969235
969218
969168
969051
968853
968701
968628
968550
968371
968355
968199
967915
967786
967759
967540
967241
966865
966850
966637
966625
966616
966547
966523
966515
966374
966312
966186
966039
966006
965935
965811
965670
965392
965368
965001
964828
964721
964391
964349
964312
964253
964180
963884
963838
963704
963685
963677
963666
963460
963322
963263
963132
962950
962689
962642
962416
962402
962264
962197
962005
961971
961851
961671
961630
961594
961541
961541
961462
961423
961407
961383
961277
961013
960987
960944
960527
960484
960098
960005
959968
959932
959867
959866
959855
959660
959261
959149
958976
958953
958888
958867
958764
958733
958713
958671
958650
958593
958536
958475
958402
958366
958331
958305
958273
958228
958208
957807
957754
957571
957546
957315
957141
956928
956898
956767
956687
956581
956549
956504
956448
956404
956311
956134
956033
955497
955459
955421
955398
955361
955336
955254
955204
955188
955182
955172
955048
955002
954810
954711
954652
954509
954487
954327
954286
954221
954193
954144
954143
954066
953906
953853
953625
953536
953484
953382
953330
953303
953268
953194
952844
952820
952755
952721
952567
952528
952520
952499
952321
952301
952144
952057
952048
951906
951784
951714
951690
951629
951573
951465
951387
951372
951248
951223
951026
950832
950707
950514
950472
950263
950255
950250
950191
949972
949889
949660
949542
949525
949380
949225
949161
949016
948919
948732
948725
948668
948589
948460
948367
948295
948232
948146
948134
948111
948058
948050
947992
947976
947974
947926
947891
947848
947802
947344
947311
947244
947195
947191
947156
947002
946634
946592
946386
946324
946294
946285
946094
945783
945653
945611
945012
944954
944924
944435
944126
944006
943844
943545
943421
943291
943229
943206
943182
943113
943096
942993
942923
942815
942790
942592
942429
942380
942340
942320
942127
942062
942003
941870
941783
941643
941605
941597
941579
941363
940947
940739
940723
940120
940115
939919
939912
939839
939525
939286
939275
939187
939158
939149
939099
939002
938860
938776
938714
938691
938687
938258
938257
938079
937901
937761
937651
937516
937482
937426
937403
937330
937221
937112
937013
937013
936961
936789
936719
936696
936667
936656
936602
936465
936436
936345
936340
935964
935917
935620
935587
935543
935178
934820
934813
934744
934728
934717
934506
934406
934303
934293
934053
933998
933837
933831
933754
933753
933747
933497
933479
933346
933180
933081
933054
932984
932967
932934
932838
932756
932714
932637
932343
932191
932183
932125
932048
931978
931939
931397
931354
931174
931011
930994
930981
930142
930079
930077
929932
929867
929747
929736
929728
929684
929672
929424
928910
928896
928838
928833
928325
928221
928208
927973
927966
927656
927601
927600
927550
927497
927447
927426
927416
927369
927331
927234
927180
927011
926897
926882
926770
926756
926743
926665
926489
926420
926359
926317
926286
926176
925926
925923
925895
925892
925656
925596
925588
925564
925516
925478
925463
925426
925389
925294
925208
925143
924698
924693
924668
924599
924552
924535
924434
924306
924214
924157
924109
924028
923991
923937
923933
923864
923863
923525
923460
923206
922874
922608
921947
921929
921894
921853
921797
921751
921612
921561
921551
921426
921410
921377
921264
921000
920786
920500
920464
920431
920082
920001
919722
919643
919507
919481
919382
919299
919277
919258
919257
919150
918928
918655
918654
918486
918459
918352
918227
918154
917590
917589
917585
917447
917444
917325
917317
917242
917198
916907
916840
916835
916728
916691
916542
916443
916233
916200
915991
915906
915768
915735
915531
915281
915208
915189
915160
915156
915009
914911
914884
914865
914733
914727
914665
914579
914549
914497
914323
914095
914063
914054
913996
913969
913765
913676
913659
913412
913369
913017
912916
912789
912761
912353
912068
912018
911966
911881
911727
911716
911688
911673
911672
911595
911268
911169
911111
910853
910698
910685
910552
910402
910337
910196
910166
910154
910133
909665
909639
909610
909317
909224
909200
909148
909077
909026
908972
908959
908612
908534
908360
908355
908282
908203
908078
907653
907334
907232
907144
907050
906889
906833
906830
906693
906638
906573
906513
906335
906204
906128
906067
905941
905919
905723
905694
905603
905493
905473
905277
905156
905135
904837
904769
904707
904608
904583
904519
904470
904381
904358
904338
904239
904173
903989
903968
903965
903962
903699
903568
903476
903444
903417
903099
903069
903057
903037
902959
902885
902831
901672
901597
901574
901564
901330
901173
901100
900980
900772
900581
900550
900463
900392
900363
900353
900322
900274
900106
900096
899989
899544
899223
899053
899049
899030
898901
898830
898797
898760
898738
898713
898709
898574
898383
898369
898349
898315
898190
898020
897994
897957
897953
897800
897722
897686
897584
897575
897454
897259
897240
897028
896977
896876
896789
896710
896624
896537
896494
896474
896394
896372
896318
896115
895961
895919
895772
895715
895616
895502
895461
895442
895411
895394
895307
895221
895205
895190
894894
894523
894463
894048
894047
893630
893398
893377
892914
892808
892381
892370
892299
892261
892200
892122
892082
892066
892062
892035
891951
891895
891893
891750
891724
891614
891568
891474
891406
891253
891144
891139
891127
891104
891094
890829
890806
890636
890630
890605
890531
890500
890488
890394
890380
890192
890077
890055
889975
889780
889640
889398
889347
889299
889147
889074
889065
888991
888956
888547
888519
888505
888411
888181
888103
888029
887553
887521
887450
887350
887033
886989
886937
886874
886829
886708
886507
886466
886373
886304
886299
886221
886054
885860
885739
885704
885555
885539
885504
885459
885403
885333
885236
885176
885119
885049
884934
884808
884542
884343
884181
884150
884144
883936
883892
883737
883707
883608
883579
883510
883300
883203
883140
883019
883011
883001
882889
882873
882848
882823
882803
882703
882630
882627
882618
882543
882398
882347
882238
882194
882108
882055
881933
881923
881858
881809
881716
881708
881616
881569
881425
881379
881379
881285
881264
881261
881261
881247
881220
881160
881135
880987
880917
880894
880849
880813
880762
880756
880724
880623
880585
880564
880448
880303
880294
880286
880216
880145
879990
879963
879673
879669
879588
879587
879446
879428
879255
879254
879186
879172
878979
878898
878802
878763
878462
878378
878191
878189
878154
878103
877988
877977
877934
877760
877684
877463
877343
877339
877290
877156
877073
877026
876828
876780
876772
876580
876430
876381
876295
876152
875652
875520
875514
875412
875328
875190
875181
875113
874740
874711
874545
874440
874356
874262
874168
874124
874042
873788
873761
873700
873593
873528
873332
873316
873308
873289
873021
872953
872857
872758
872722
872489
872232
872097
872037
871964
871935
871841
871625
871452
871398
871311
871224
870766
870733
870724
870578
870562
870510
870316
870275
870244
870157
870134
870078
870012
869870
869863
869698
869695
869498
869413
869121
868754
868737
868703
868701
868654
868150
868101
867999
867996
867894
867831
867686
867657
867625
867381
867291
867216
867165
866986
866636
866087
866071
865892
865802
865789
865787
865761
865727
865494
865384
865295
865148
865105
865014
864822
864771
864763
864631
864466
864401
864393
864369
864119
864093
864003
863912
863887
863805
863336
863323
863309
863282
863154
863147
863074
863022
862953
862611
862601
862515
862496
862448
862411
862175
861835
861768
861722
861470
861383
861187
860960
860831
860732
860677
860618
860528
860348
860296
860176
860041
859867
859795
859747
859741
859604
859535
859307
859194
859067
859025
858872
858851
858674
858624
858356
858281
858259
858195
858098
858024
857984
857934
857889
857885
857850
857784
857767
857603
857563
857521
857204
857172
857151
857149
857131
857125
856785
856741
856739
856694
856639
856520
856311
856301
856215
856126
856120
856058
856035
855884
855807
855744
855597
855580
855483
855415
855373
855317
855207
855105
855067
855058
854861
854705
854247
854158
854109
854038
853957
853925
853830
853784
853625
853279
853040
852972
852882
852853
852800
852621
852616
852419
852317
852252
852223
852153
852091
852085
852044
852021
851999
851936
851901
851819
851782
851713
851622
851622
851585
851554
851540
851532
851390
851366
851253
850594
850341
850227
850086
850039
850012
849992
849962
849750
849616
849564
849326
849312
849261
849238
849235
849134
849028
848980
848805
848675
848607
848553
848430
848385
848283
848114
848009
847856
847856
847810
847498
847320
847026
846923
846898
846837
846815
846606
846517
846431
846381
846340
846246
846237
846149
845895
845818
845782
845749
845693
845154
845144
845000
844802
844638
844581
844505
844464
844331
844151
843973
843803
843668
843433
843176
843153
843123
843099
842781
842737
842445
842336
842244
842160
842123
842021
841725
841663
841469
841269
841187
841158
840987
840936
840659
840654
840651
840646
840475
840389
840296
840250
840191
840028
840006
839988
839884
839760
839728
839683
839584
839566
839537
839519
839516
839505
839455
839451
839339
839324
839242
839236
839024
838899
838876
838739
838727
838688
838437
838428
838400
838381
838370
838302
838294
837867
837784
837669
837611
837606
837574
837524
837430
837407
837397
837256
836993
836925
836839
836807
836689
836656
836582
836570
836550
836538
836533
836455
836407
836400
836377
836119
836000
835929
835848
835702
835624
835592
835530
835345
835331
835319
835180
835176
835066
834875
834807
834787
834767
834630
834545
834347
834274
834037
833966
833931
833924
833848
833824
833235
833227
833006
832912
832854
832734
832677
832660
832631
832612
832473
832256
832255
832238
831877
831856
831759
831640
831564
831345
831193
831123
831070
831025
830887
830859
830625
830621
830337
830223
830084
829837
829764
829722
829721
829474
829412
829328
829179
829163
829145
829043
828747
828615
828547
828494
828440
828396
828312
828300
828145
828028
827975
827849
827697
827585
827570
827553
827395
827370
827277
827236
827104
827093
827054
826699
826605
826558
826236
826236
826236
826063
826036
826005
825945
825670
825485
825428
825279
825156
825138
825128
825028
824991
824983
824973
824918
824892
824826
824758
824735
824467
824402
824282
824093
824066
824019
823819
823797
823674
823648
823566
823281
822958
822936
822919
822878
822676
822554
822496
822368
822292
822121
822055
822041
821618
821569
821284
821241
821091
821003
820848
820847
820841
820789
820725
820632
820554
820288
820196
820185
820180
820180
820133
820130
820070
820057
820001
819900
819882
819777
819698
819592
819555
819414
819256
819194
819109
818887
818857
818802
818617
818437
818421
818395
818318
817737
817690
817686
817561
817535
817270
817215
817200
817022
816987
816983
816736
816559
816518
816356
816353
816260
816199
815932
815833
815778
815637
815590
815249
815219
815105
814836
814745
814618
814555
814541
814443
814323
814116
813747
813562
813512
813461
813357
813252
813210
812888
812752
812528
812423
812391
812073
811978
811940
811869
811791
811606
811402
811304
811227
811210
811189
811175
811084
811025
810887
810589
810564
810563
810502
810473
810401
810383
810295
810162
810065
809835
809752
809738
809730
809488
809483
809459
809387
809357
809181
808981
808932
808836
808828
808729
808703
808618
808602
808408
808348
808304
808281
808155
808011
808004
807930
807885
807851
807675
807665
807395
807227
807084
807059
806989
806981
806888
806846
806816
806735
806662
806335
806126
805952
805948
805933
805907
805714
805593
805508
805392
805382
805355
805202
804871
804743
804613
804388
804351
804252
804197
804075
803925
803832
803744
803687
803560
803458
803347
802963
802931
802889
802796
802583
802476
802453
802415
802343
802309
802291
801903
801888
801825
801696
801497
801405
801377
801357
801236
800768
800478
800472
800457
800400
800223
800136
800077
799826
799756
799710
799703
799696
799677
799675
799450
799424
799313
799248
798826
798808
798719
798695
798689
798535
798533
798389
798358
798318
797865
797709
797458
797362
797327
797244
797233
796839
796759
796518
796485
796334
796329
796214
796051
795991
795937
795592
795553
795552
795483
795478
795376
795342
795293
795286
795191
795131
795036
794900
794750
794645
794469
794431
794284
794090
794058
794051
794037
794011
793897
793779
793656
793496
793425
793411
793389
793343
793339
793271
793165
793127
793079
792849
792695
792622
792543
792299
792260
792073
792065
792030
791870
791805
791565
791486
791430
791335
791262
791213
791211
791182
791080
791022
790962
790878
790870
790701
790695
790651
790579
790522
790485
790447
790371
790362
790249
790222
790218
790134
789991
789785
789707
789689
789660
789579
789573
789570
789479
789472
789431
789287
789215
789118
789118
789005
788957
788883
788756
788710
788673
788599
788522
788492
788273
788206
788180
788042
787984
787952
787821
787809
787555
787518
787461
787399
787318
787282
787242
787216
787175
787112
787045
786983
786974
786920
786877
786788
786704
786556
786521
786160
786132
785990
785891
785617
785535
785486
785410
785305
785159
785133
785104
785097
784958
784832
784716
784558
784542
784541
784356
784279
784094
783904
783904
783776
783741
783692
783650
783648
783511
783480
783411
783328
783199
782937
782919
782715
782549
782510
782500
782430
782130
782075
781924
781924
781902
781775
781725
781674
781612
781526
781514
781513
781311
781275
781151
781145
781079
780942
780917
780903
780898
780548
780516
780315
780183
780150
780121
779956
779955
779910
779757
779726
779703
779205
779186
778966
778818
778801
778510
778483
778476
778406
778307
778162
778159
778142
778107
777965
777909
777706
777701
777328
777275
777159
776870
776848
776803
776577
776560
776462
776336
776194
776179
776146
775856
775786
775763
775690
775634
775566
775297
775172
775095
775085
775065
775057
774954
774763
774444
774400
774206
774205
774098
773963
773961
773722
773702
773486
773425
773305
773280
773247
773093
773081
773074
773029
773008
772850
772758
772639
772526
772385
772366
772359
772267
772216
772137
772133
771930
771908
771892
771890
771771
771744
771708
771625
771578
771550
771505
771355
771107
771098
771000
770936
770802
770765
770743
770660
770593
770584
769977
769786
769746
769705
769595
769459
769352
769124
769117
769096
768744
768644
768447
768417
768296
768203
768200
768198
768101
767947
767839
767697
767613
767489
767473
767227
767173
767080
766869
766840
766711
766688
766366
766309
766063
766039
765831
765809
765579
765517
765376
765372
765230
765181
765169
764986
764986
764765
764632
764613
764421
764231
764210
764027
763815
763774
763703
763484
763438
763424
763256
763229
763201
763088
763019
762802
762690
762683
762565
762367
762332
762169
762156
761941
761940
761848
761842
761805
761789
761693
761401
761354
761125
761104
761097
761025
760769
760736
760700
760641
760631
760536
760420
760112
759909
759892
759776
759461
759410
759119
758922
758791
758789
758511
758469
758415
758339
758228
758204
758114
758087
757831
757814
757806
757702
757600
757555
757513
757414
757410
757189
757185
757181
757130
757024
756548
756477
756458
756443
756325
756242
756172
756123
756009
755972
755792
755765
755552
755537
755481
755457
755351
755347
755313
755220
755163
755161
755052
755036
754743
754658
754469
754457
754299
754141
754091
754055
754030
753876
753876
753844
753818
753749
753648
753641
753225
753166
753076
752693
752640
752608
752492
752237
752206
752046
751920
751920
751771
751548
751530
751348
750930
750837
750681
750508
750423
750381
750365
750042
750008
749936
749879
749816
749736
749684
749683
749591
749435
749413
749387
749369
749156
749051
748917
748760
748557
748274
748212
748205
748186
748159
748096
747858
747639
747530
747464
747463
747367
747220
747163
747106
746997
746932
746656
746621
746620
746280
746266
746216
746081
745872
745703
745663
745624
745523
745474
745463
745434
745322
745224
745205
745184
745161
745136
745095
744985
744883
744870
744824
744749
744742
744722
744706
744597
744591
744451
744403
744394
744390
744352
744308
744285
744250
744151
744105
743848
743840
743801
743769
743645
743529
743504
743431
743201
743044
742852
742797
742777
742740
742536
742352
742281
742149
742048
741989
741818
741654
741628
741613
741539
741473
741454
741434
741432
741431
741381
741335
741334
741268
741265
740957
740914
740850
740839
740806
740754
740715
740590
740433
740301
740015
739976
739964
739881
739841
739564
739545
739445
739444
739439
739391
739378
739252
738896
738793
738625
738443
738434
738397
738389
738214
738157
738041
738031
737967
737966
737948
737942
737896
737894
737883
737728
737673
737604
737586
737430
737220
737134
737122
737020
736887
736839
736582
736526
736517
736467
736452
736321
736240
736171
736168
736105
736017
735963
735938
735877
735872
735861
735769
735616
735434
735323
735170
734662
734605
734592
734476
734455
734413
734365
734230
734204
734137
734122
734116
733758
733739
733670
733654
733564
733514
733354
733224
733177
733126
733094
732821
732489
732350
732329
732292
732286
732237
732194
732068
731625
731583
731513
731412
731367
731226
731174
731144
731071
731056
730989
730872
730289
730165
730082
730072
730030
730014
729999
729772
729710
729614
729540
729381
729250
728805
728772
728750
728512
728415
728327
727864
727820
727802
727702
727624
727545
727440
727329
727124
726745
726705
726694
726473
726247
726239
726222
726069
725915
725896
725800
725671
725649
725631
725492
725346
725195
725137
725128
724939
724916
724872
724835
724804
724702
724693
724460
724349
724239
723867
723860
723809
723751
723745
723575
723540
723465
723443
723228
723138
723049
722747
722607
722543
722370
722366
722328
722321
722223
722086
721973
721935
721935
721877
721766
721723
721689
721540
721513
721459
721441
721355
721339
721293
721288
721250
721248
721183
721122
721078
721056
721023
720919
720891
720843
720815
720274
720230
719988
719720
719692
719415
719380
719153
719141
718987
718965
718942
718842
718580
718439
718411
718405
718249
718206
718072
717956
717927
717429
717346
717297
717245
717112
717101
717046
716738
716640
716629
716604
716442
716428
716352
716346
716308
716208
716141
716047
715926
715727
715600
715376
714725
714414
714399
714387
714282
714271
714240
714111
713998
713959
713958
713952
713948
713868
713734
713712
713625
713343
713247
713193
713167
712909
712633
712618
712571
712525
712506
712453
712402
712290
712231
712106
711981
711878
711809
711791
711664
711550
711470
711412
711285
711173
711135
711099
710865
710814
710796
710564
709749
709462
709420
709395
709372
709355
709339
709164
709044
708986
708985
708714
708509
708440
708398
708397
708302
708239
708160
708070
707978
707899
707783
707470
707092
707088
706947
706882
706776
706742
706596
706284
706062
706029
705928
705896
705740
705563
705424
705385
705315
705170
705136
705033
705008
704808
704656
704484
704433
704429
704357
704329
704320
704240
704226
704154
703993
703965
703832
703787
703726
703652
703615
703506
703387
703328
703310
703250
703165
703026
702988
702947
702756
702689
702673
702623
702499
702419
702372
702290
702194
702041
701897
701891
701538
701190
701157
701122
700869
700855
700819
700793
700701
700620
700548
700497
700458
700369
700245
700215
700137
700072
700062
700008
699971
699944
699914
699868
699850
699481
699412
699367
699282
699263
699210
699210
699060
698996
698889
698704
698683
698541
698280
698129
698092
698055
698036
697906
697869
697864
697814
697813
697546
697515
697514
697369
697254
697213
697187
697124
697108
696742
696495
696495
696402
696349
696348
696305
696175
696037
695960
695929
695838
695620
695593
695512
695397
695379
695280
695277
695235
695173
695128
695039
695012
694991
694940
694852
694834
694636
694515
694382
694359
694019
693735
693531
693030
692972
692884
692847
692807
692576
692248
691875
691851
691804
691798
691752
691554
691536
691525
691199
691199
691191
691156
691071
690861
690772
690681
690673
690653
690642
690630
690219
690218
690125
689941
689845
689760
689704
689598
689460
689451
689448
689411
689401
689300
689240
689156
688974
688839
688785
688785
688539
688438
688260
688244
688164
688109
688007
687752
687496
687357
687336
687151
687121
687003
686983
686957
686863
686770
686511
686466
686127
686011
685854
685800
685696
685561
685279
685196
685087
685044
685006
684698
684613
684586
684349
684326
684218
684145
684027
683801
683453
683259
683134
682831
682814
682813
682694
682628
682628
682441
682410
682317
682033
681945
681515
681485
681317
681229
681099
680938
680709
680589
680584
680414
680315
680146
680141
679932
679569
679550
679490
679343
678973
678933
678901
678871
678832
678785
678738
678571
678383
678326
678285
678219
677980
677914
677890
677830
677814
677760
677710
677571
677530
677431
677429
677346
677343
677190
677173
677152
677102
677076
676870
676812
676807
676666
676608
676605
676502
676414
676413
676343
676316
676312
676198
676197
676164
676006
675910
675896
675802
675780
675710
675545
675384
675335
675114
675088
674850
674825
674752
674732
674572
674471
673916
673897
673822
673697
673668
673566
673418
673238
673214
673190
673173
673126
673016
672990
672913
672861
672743
672696
672689
672645
672615
672468
672426
672240
671986
671960
671702
671520
671503
671481
671442
671286
671214
671194
671133
671110
670890
670874
670825
670739
670303
670239
670196
669891
669855
669780
669779
669757
669571
669550
669533
669476
669468
669429
669305
669269
669118
668956
668938
668919
668876
668756
668669
668639
668600
668595
668508
668429
668390
668343
668206
668122
668070
667848
667789
667728
667542
667537
667515
667478
667477
667393
667270
667205
666866
666853
666818
666797
666681
666646
666627
666561
666534
666332
666325
666091
666073
666019
665829
665706
665572
665443
665327
665112
665086
664918
664917
664801
664797
664790
664698
664695
664478
664420
664379
664124
663939
663936
663887
663774
663753
663543
663237
663136
662980
662911
662872
662793
662593
662589
662265
662243
662006
661555
661394
661215
661152
661142
661068
661066
660967
660961
660922
660787
660502
660471
660456
660405
660369
660323
660107
660039
659902
659674
659638
659617
659572
659514
659170
659067
658910
658489
658216
658146
658108
658102
658032
657832
657820
657724
657719
657420
657363
657028
656874
656821
656550
656547
656547
656500
656459
656378
656334
656310
656240
656197
656163
656154
655802
655776
655773
655595
655522
655238
654586
654551
654446
654401
654338
654132
654103
654008
653984
653911
653781
653765
653469
653327
653253
653158
653052
652923
652684
652608
652391
652373
652279
652037
651970
651903
651782
651745
651674
651665
651523
651491
651391
650933
650931
650927
650840
650640
650462
650418
650210
650128
650064
649971
649718
649688
649595
649568
649548
649475
649399
649312
649221
649218
649189
649187
649078
649030
648960
648825
648634
648484
648188
648177
648087
647972
647926
647862
647852
647833
647644
647596
647565
647490
647390
647386
647279
647265
647202
647071
646891
646800
646752
646584
646554
646536
646520
646450
646249
646183
645973
645926
645901
645780
645714
645676
645428
645393
645367
645292
645093
645017
644708
644497
644318
644180
644138
644128
644041
644040
643824
643808
643488
643394
643216
643019
642979
642944
642938
642879
642869
642780
642614
642610
642589
642562
642294
642222
642148
642138
642089
641928
641903
641879
641773
641707
641596
641490
641382
641274
641152
641137
641059
641047
641029
640839
640815
640692
640681
640395
640346
640200
640199
640093
640062
640051
640042
640003
639884
639745
639671
639653
639611
639580
639575
639574
639529
639526
639460
639361
639339
639065
638973
638860
638859
638833
638683
638622
638477
638426
638387
638148
638124
638105
638082
638081
637922
637685
637210
637156
637060
636969
636929
636716
636611
636597
636570
636534
636385
636338
636183
636095
635862
635736
635659
635618
635482
635407
635054
634954
634912
634893
634872
634713
634664
634629
634625
634481
634389
634225
634165
634126
634091
634021
633844
633729
633710
633685
633658
633565
633543
633542
633525
633455
633335
633319
633283
633018
632996
632773
632741
632736
632593
632516
632322
632101
632090
631956
631832
631576
631455
631439
631429
631389
631022
630875
630854
630844
630815
630736
630727
630688
630534
630480
630414
630332
630128
630126
630122
630106
630007
630007
629718
629715
629655
629395
629339
629285
629092
629087
629044
628710
628703
628682
628463
628268
628216
628144
628051
627970
627761
627744
627617
627546
627482
627394
627314
627306
627170
627120
627004
626876
626837
626682
626662
626660
626644
626644
626406
626336
626301
626298
626241
625960
625957
625889
625871
625824
625810
625742
625732
625681
625677
625623
624955
624474
624283
624164
624153
624080
623904
623866
623434
623409
623384
623376
623179
623078
622926
622875
622841
622768
622717
622564
622562
622489
622462
622453
622374
622310
622178
622132
622121
622099
622025
621987
621970
621853
621624
621485
621365
621346
621173
621170
621160
621159
620753
620551
620528
620517
620277
620174
620143
620131
620082
620017
619986
619868
619607
619575
619574
619437
619281
619193
619109
618986
618786
618732
618590
618546
618524
618452
618436
617988
617832
617675
617639
617599
617521
617520
617445
617388
617358
616814
616765
616664
616528
616508
616235
616109
616036
615729
615719
615661
615523
615302
615000
614956
614930
614808
614804
614565
614441
614214
614175
614154
614123
613944
613888
613777
613736
613734
613665
613124
613084
612951
612843
612765
612566
612412
612286
612278
612253
612086
612006
611989
611857
611733
611653
611610
611505
611292
611168
611098
611084
610825
610807
610781
610737
610593
610502
610331
610190
610125
610090
609762
609600
609593
609587
609191
609002
608990
608785
608751
608733
608648
608452
608234
608138
607797
607650
607548
607505
607484
607433
607333
607222
607216
607059
606851
606768
606714
606410
606359
606355
606166
606107
606018
606002
605777
605555
605345
604999
604992
604843
604602
604594
604568
604409
604311
604260
604163
604137
604097
604078
604012
603933
603904
603868
603804
603741
603678
603583
603545
603492
603485
603427
603193
603135
603021
602977
602972
602953
602919
602661
602391
602294
602202
602131
602011
601955
601902
601837
601749
601666
601568
601416
601377
601353
601351
601320
601231
601124
601091
601074
601060
600962
600680
600575
600379
600376
600277
600089
600084
599998
599864
599801
599798
599752
599513
599506
599397
599396
599390
599266
599250
599064
598853
598765
598711
598670
598630
598490
598372
598326
598312
597749
597586
597390
597385
597294
597257
597255
597132
596907
596755
596537
596339
596253
596233
595852
595775
595754
595621
595612
595573
595530
595274
594802
594754
594678
594604
594352
594175
593921
593914
593799
593532
593504
593118
592971
592906
592694
592679
592575
592522
592446
592440
592385
592233
592149
592147
592108
591997
591865
591782
591724
591639
591503
591418
591372
591221
590400
590363
590352
590212
589979
589974
589925
589797
589694
589609
589405
589401
589363
589224
589212
589180
589126
589020
588914
588911
588871
588790
588596
588584
588457
588411
588300
588214
588193
588162
587924
587744
587620
587573
587567
587360
587204
586998
586922
586774
586694
586674
586561
586528
586434
586219
586180
586142
586135
586101
586032
586003
585955
585918
585901
585827
585826
585714
585646
585627
585385
585333
585130
585128
585109
585106
585097
585085
584989
584822
584612
584489
584155
584122
584086
584052
584009
583919
583852
583840
583779
583723
583663
583427
583384
583377
583059
583006
582961
582911
582731
582656
582636
582544
582495
582398
582376
582312
582241
582236
582228
582024
582002
581950
581950
581914
581527
581467
581419
581382
581326
581227
581150
581043
581018
580973
580808
580770
580690
580609
580607
580344
580128
580092
580043
579849
579816
579503
579442
579359
579254
579189
579188
579010
579001
578775
578656
578545
578472
578312
577989
577700
577487
577481
577237
577041
576985
576941
576914
576836
576787
576641
576500
576465
576434
576402
576314
575920
575835
575791
575765
575666
575577
575288
574872
574842
574783
574747
574710
574660
574660
574630
574488
574405
574327
574230
574030
573917
573813
573749
573730
573727
573378
573229
573205
573179
573013
572943
572933
572766
572765
572621
572555
572518
572484
572249
571906
571865
571852
571799
571738
571690
571664
571454
571446
571415
571208
571063
571045
570955
570661
570614
570570
570567
570418
570026
570008
569896
569866
569838
569822
569804
569737
569704
569540
569496
569405
569269
569212
569149
569102
569082
568757
568712
568447
568369
568323
568108
567946
567655
567511
566826
566633
566601
566583
566392
566373
566286
566253
566223
566095
565907
565573
565489
565385
565225
565106
565052
565030
564909
564807
564787
564751
564718
564604
564521
564465
564222
564088
563967
563894
563848
563844
563840
563793
563689
563616
563341
563213
563199
563018
562882
562796
562710
562642
562573
562391
562281
562163
562126
562082
561784
561723
561645
561115
561050
560957
560750
560498
560357
560253
559980
559908
559838
559791
559735
559688
559550
559532
559474
559317
559287
559162
559052
558998
558733
558713
558654
558550
558473
558383
558183
557613
557440
557386
557374
556982
556965
556899
556678
556674
556548
556480
556453
556363
556252
556202
555757
555648
555633
555599
555263
555220
555154
555007
554882
554839
554777
554749
554671
554664
554436
554387
554345
554204
554067
553892
553772
553706
553657
553622
553587
553576
553411
553384
553249
553199
552958
552945
552880
552868
552651
552589
552551
552305
552069
551997
551945
551935
551769
551676
551618
551445
551202
550659
550447
550267
550181
550016
549921
549879
549656
549615
549360
549273
549148
549028
548915
548748
548673
548477
548416
548228
548203
548124
548056
548004
547868
547848
547654
547574
547569
547553
547542
547449
547360
547357
547255
547207
546837
546802
546740
546638
546622
546550
546404
546311
546261
546220
546126
546052
546030
545985
545980
545974
545891
545863
545738
545478
545384
545290
545288
545255
545252
545126
544914
544884
544742
544718
544595
544552
544506
544455
544392
544354
544095
544022
544011
543944
543929
543884
543728
543635
543541
543447
543274
542984
542641
542533
542510
542385
542379
542163
542084
541894
541703
541683
541617
541601
541448
541259
541227
541101
541088
540990
540787
540395
540310
540170
540162
540031
539957
539955
539881
539859
539715
539548
539474
539448
539415
539318
539295
539248
539226
539153
539082
539061
538937
538888
538752
538696
538543
538509
538335
538253
538193
537913
537802
537714
537640
537585
537580
537372
537253
537235
536868
536819
536699
536548
536412
536316
536183
536171
536145
536071
535973
535934
535908
535881
535687
535573
535537
535318
535204
535179
535171
535113
535042
535029
534941
534935
534930
534920
534895
534737
534568
534550
534546
534504
534389
534164
534129
534087
533987
533978
533670
533530
533480
533257
533143
533051
533030
532749
532734
532668
532620
532563
532490
532460
532366
532351
531923
531653
531560
531512
531495
531113
531073
531007
530987
530838
530828
530576
530346
530116
529962
529930
529921
529522
529421
529387
529366
529271
529192
529192
529162
528941
528771
528693
528690
528529
527942
527902
527856
527747
527449
527419
527375
527342
527106
527018
526861
526793
526777
526706
526690
526652
526604
526322
526076
525957
525576
525555
525532
525488
525476
525403
525326
525321
525297
525010
524917
524879
524828
524795
524638
524379
524324
524032
523976
523922
523732
523417
523382
523063
523002
522978
522786
522706
522635
522586
522500
522402
522270
522154
522053
522005
521839
521749
521680
521545
521388
521070
521032
520959
520797
520787
520727
520587
520408
520361
520342
520309
520286
520216
520097
520053
520040
520033
519994
519992
519984
519756
519736
519623
519603
519315
518871
518854
518737
518479
518220
518184
518162
518070
518068
517982
517857
517739
517732
517652
517565
517447
517264
517203
517100
517026
516912
516824
516794
516647
516601
516366
516317
516292
516277
516210
515985
515651
515566
515532
515497
515460
515450
515437
515409
515281
515246
515172
515158
515134
515109
514646
514629
514480
514360
514122
514118
513969
513809
513720
513647
513504
513473
513452
513412
513333
513272
513208
513069
513058
513018
512998
512996
512990
512641
512538
512493
512397
512396
512327
512120
512001
511855
511794
511581
511548
511512
511332
511313
510913
510885
510805
510797
510611
510591
510590
510387
510351
510322
510081
509826
509789
509760
509554
509510
509429
509326
509215
509031
508728
508718
508661
508616
508588
508510
507823
507798
507784
507777
507614
507498
507439
507214
507065
506723
506632
506622
506515
506505
506457
506374
506332
506325
506323
506200
506167
505762
505683
505550
505537
505527
505458
505087
504943
504829
504787
504695
504608
504605
504161
504153
503872
503848
503755
503712
503674
503663
503524
503472
503440
503408
503213
503083
503027
502980
502953
502915
502654
502641
502567
502531
502505
502482
502337
502327
502123
502070
501986
501905
501758
501602
501529
501237
501010
500872
500645
500638
500547
500320
500105
499910
499655
499649
499476
499453
499264
499030
498667
498611
498539
498482
498367
498354
498330
498289
498151
497877
497779
497710
497577
497571
497535
497469
497464
497356
497176
497170
497157
497140
497093
496783
496778
496628
496213
496073
495941
495841
495530
495373
495332
495254
495203
495147
495089
495077
494994
494990
494838
494641
494411
494354
494314
494259
494096
493925
493795
493780
493669
493617
493424
493401
493368
492835
492748
492715
492686
492560
492379
492228
492010
491987
491854
491601
491392
491297
491286
491092
491059
491038
490947
490658
490547
490541
490514
490507
490292
490228
490203
490179
490160
490156
490128
490077
490072
490042
490013
489902
489683
489610
489595
489543
489500
489396
489356
489336
489283
489242
489158
488823
488753
488745
488621
488532
488503
487919
487866
487758
487693
487390
487144
487037
486765
486739
486726
486726
486703
486699
486681
486668
486508
486482
486376
486366
486280
486271
486266
486246
486125
485983
485858
485843
485825
485734
485646
485562
485446
485382
485261
485241
485208
485149
485092
484985
484860
484794
484532
484428
484411
484349
484152
484003
483977
483739
483684
483577
483563
483512
483323
483293
483237
483231
483023
483004
482964
482955
482905
482681
482638
482437
482385
482363
482214
482181
482127
481979
481887
481733
481577
481548
481525
481514
481431
481425
481318
481194
480949
480915
480892
480813
480800
480645
480634
480598
480522
480518
480434
480383
480221
480219
480213
480133
480076
479918
479839
479716
479436
479116
478735
478669
478511
478428
478269
478235
478040
478025
478020
477966
477756
477722
477542
477475
477204
477157
477011
476687
476662
476605
476596
476421
476373
476315
476269
476165
475816
475578
475577
475538
475498
475282
475275
475154
474998
474955
474893
474697
474696
474693
474585
474510
474397
474393
474277
474275
474098
473953
473855
473779
473761
473757
473550
473280
473279
473141
472994
472878
472799
472779
472755
472718
472686
472475
472406
472257
472082
471993
471262
471236
471210
471014
471001
470953
470915
470818
470446
470294
470231
470086
470084
469796
469538
469465
469404
469182
469130
469108
468944
468832
468816
468776
468686
468521
468493
468450
468231
468205
468187
468004
467896
467838
467753
467398
467378
467298
467182
467150
467059
466983
466896
466885
466810
466650
466634
466586
466544
466499
466425
466292
466272
466106
466088
465838
465769
465744
465716
465617
465608
465522
465302
465284
465258
465121
465018
464939
464913
464866
464602
464257
464192
464148
463996
463977
463962
463960
463888
463491
463166
463057
463010
462982
462913
462755
462731
462692
462691
462181
462147
462136
462116
461911
461704
461484
461478
461468
461373
461235
461176
461154
461145
460932
460915
460875
460795
460689
460453
460452
460423
460123
460081
460015
459987
459950
459887
459793
459741
459728
459728
459698
459660
459196
459193
459127
459085
459043
459025
458997
458776
458685
458605
458502
458398
458343
458268
458190
458185
458030
457916
457805
457655
457618
457555
457522
457508
457437
457426
457297
457090
456781
456604
456478
456344
456291
456253
455959
455938
455835
455741
455546
455311
455183
455141
455108
455054
454962
454823
454776
454759
454606
454401
454324
454152
454123
453969
453826
453719
453698
453660
453652
453267
453093
453072
453022
452993
452981
452955
452855
452826
452572
452446
452424
452280
452250
452234
452196
451869
451861
451519
451428
450964
450814
450772
450708
450700
450687
450526
450521
450438
450423
450414
450404
450347
450315
450043
449968
449894
449872
449856
449806
449650
449607
449572
449453
449354
449216
449106
448952
448341
448258
448206
448174
447890
447839
447822
447670
447635
447583
447573
447430
447337
447169
447050
446962
446931
446804
446706
446600
446447
445836
445789
445706
445687
445547
445499
445360
445106
445100
444969
444909
444736
444516
444321
444202
444156
443995
443909
443893
443551
443488
443484
443405
443288
443285
443188
443106
442981
442886
442884
442806
442792
442771
442737
442683
442639
442507
442468
442452
442428
442355
442305
442290
442216
441868
441862
441815
441768
441693
441649
441498
441402
441396
441391
441050
440982
440950
440812
440715
440228
440144
440114
440049
440044
440030
439886
439848
439800
439632
439614
439612
439530
439458
439438
439421
439383
439342
439265
438950
438746
438716
438473
438416
438406
438228
437887
437709
437669
437587
437579
437443
437235
437207
436796
436678
436354
436278
436275
436256
436058
435862
435803
435643
435596
435589
435490
435253
435208
435205
435133
435054
434977
434964
434873
434613
434514
434431
434401
434255
434202
434077
434027
433942
433906
433868
433828
433794
433328
433050
432511
432400
432244
432008
431998
431980
431948
431860
431822
431705
431576
431363
431244
431164
431028
430899
430888
430875
430874
430789
429925
429901
429784
429651
429597
429449
429344
429326
429289
429268
429237
429118
429085
428997
428827
428819
428787
428763
428749
428708
428694
428640
428037
428027
428009
427936
427901
427775
427530
427422
427127
427034
426888
426884
426513
425916
425876
425809
425122
424801
424767
424754
424699
424601
424563
424541
424459
424352
424324
424011
423999
423829
423820
423612
423586
423504
423237
423163
423018
422971
422919
422860
422761
422754
422748
422745
422718
422671
422654
422546
422510
422405
422383
422313
422266
422202
421971
421755
421653
421646
421620
421615
421585
421521
421412
421310
421114
421017
420768
420728
420719
420713
420595
420572
420489
420412
420343
420272
420005
419929
419841
419797
419794
419778
419610
419445
419377
419268
419223
419150
419009
418883
418879
418841
418790
418778
418667
418546
418311
418207
418130
418115
418022
418019
417885
417664
417627
417542
417510
417297
417288
417157
416969
416938
416823
416789
416699
416499
416451
416357
416331
416213
416191
416177
416117
416086
416084
416075
415860
415634
415605
415595
415594
415561
415429
415402
415374
415360
415322
415318
415195
415133
414792
414792
414777
414641
414632
414398
414377
414308
414259
414128
414109
414022
413774
413772
413763
413663
413563
413460
413377
413130
413013
412955
412749
412715
412622
412536
412332
412325
412068
411997
411838
411610
411540
411528
411468
411375
411344
411305
411123
411062
411010
410971
410961
410790
410682
410679
410614
410569
410556
410522
410412
410409
410310
410244
410242
410025
409991
409920
409827
409756
409732
409665
409222
408994
408983
408641
408565
408426
408337
408259
408000
407949
407821
407786
407722
407344
407012
406979
406974
406725
406690
406663
406639
406608
406526
406302
405964
405740
405502
405463
405445
405394
405276
405253
405146
405108
404978
404585
404514
404509
404438
404268
404211
403936
403916
403900
403644
403363
403340
403336
403263
403176
403122
403115
403084
403011
402989
402932
402924
402833
402828
402823
402613
402177
402142
402011
401920
401878
401842
401788
401563
401459
401420
401268
401229
401223
400981
400965
400947
400936
400907
400829
400785
400427
400415
400284
400094
400006
399872
399859
399476
399375
399365
399274
399211
399164
399105
399006
398992
398913
398745
398640
398635
398460
398048
397905
397894
397889
397864
397794
397773
397737
397493
397485
397462
397357
397034
396822
396715
396564
396516
396332
396268
396175
396148
396140
396090
395790
395744
395699
395607
395604
395569
395545
395524
395285
395200
395165
395119
395074
395023
394970
394960
394891
394753
394679
394644
394586
394418
394367
394355
394329
394184
394026
393928
393606
393537
393489
393362
393331
393199
393100
392877
392635
392591
392394
392369
392331
392315
392299
392290
392093
391984
391907
391797
391750
391747
391696
391308
391204
391176
391098
391030
390879
390799
390762
390649
390607
390441
390233
390232
390199
390189
390124
390021
389806
389716
389586
389503
389472
389471
389253
389199
389087
388997
388959
388837
388834
388673
388595
388586
388561
388397
388335
388311
388173
388170
388065
387929
387726
387699
387587
387455
387233
387195
387175
387034
386827
386514
386445
386305
386282
386137
386096
386075
386007
385998
385898
385886
385629
385475
385433
385426
385425
385284
385226
385182
385118
384961
384801
384576
384501
384333
384251
384246
383949
383828
383763
383671
383615
383585
383511
383428
383410
383263
383223
383218
383048
382961
382727
382594
382549
382538
382466
382398
382319
382217
382121
381952
381833
381608
381468
381437
381426
381403
381301
381184
381051
380914
380852
380813
380813
380746
380608
380535
380507
380441
380342
380292
380282
380238
380156
380101
379993
379929
379856
379552
379521
379287
379215
378880
378758
378584
378457
378311
378261
378037
377936
377587
377433
377337
377153
377145
377102
377059
376949
376927
376910
376701
376689
376638
376609
376417
376400
376327
376128
376095
376059
375984
375800
375743
375643
375613
375367
375292
375183
375170
375051
374966
374964
374868
374525
374382
374294
374162
374161
373971
373953
373921
373626
373603
373535
373514
373431
373383
373383
373360
373299
373270
373225
373190
373092
372710
372709
372607
372606
372596
372585
372552
372211
372153
372141
372105
372054
371839
371830
371802
371779
371710
371674
371592
371512
371305
371299
371170
371063
371049
370956
370274
370146
370027
369960
369877
369858
369813
369681
369586
369485
369325
369032
368713
368693
368688
368661
368328
368222
368126
368098
367858
367821
367687
367351
367301
367184
367122
367016
366844
366720
366656
366656
366632
366524
366477
366422
366392
366303
366142
366124
366008
365909
365875
365603
365583
365518
365450
365401
365344
365334
365319
365311
365225
365197
365179
364986
364972
364930
364852
364765
364470
364363
364352
364091
364048
364039
364018
363941
363863
363763
363729
363701
363662
363652
363619
363619
363595
363346
363274
363171
363120
363084
363015
362938
362858
362801
362751
362672
362601
362575
362548
362541
362478
362371
362273
362201
362047
362019
361944
361915
361893
361712
361553
361452
361439
361343
361254
361018
360991
360880
360870
360803
360739
360720
360680
360447
360232
360100
359804
359717
359655
359435
359336
359171
359154
359020
358962
358941
358804
358646
358614
358539
358234
358159
358120
358049
358021
357664
357630
357546
357458
357114
356971
356958
356903
356876
356854
356799
356773
356702
356649
356114
355944
355835
355762
355755
355653
355622
355575
355437
355399
355353
355345
355293
355118
355102
354929
354763
354730
354662
354582
354538
354303
354286
354235
354183
354163
354070
353876
353757
353750
353428
353258
353009
353004
352931
352729
352702
352686
352630
352588
352416
352297
352202
352124
351909
351812
351499
351466
351206
351118
351037
350640
350638
350607
350333
350317
350302
350300
350253
350224
350137
350017
350012
349782
349761
349456
349419
349320
349162
348899
348845
348838
348776
348701
348467
348442
348226
348164
348139
348075
348071
348064
348058
347885
347842
347833
347452
347208
347183
347147
347143
347033
346941
346684
346552
346550
346412
346293
346232
346230
346082
345979
345961
345508
345375
345334
345236
345221
345192
345162
345148
345133
345105
345032
345008
344785
344743
344725
344718
344692
344679
344614
344610
344444
344402
344200
344196
344059
343973
343946
343885
343878
343867
343531
343529
343478
343395
343234
343108
342972
342713
342681
342603
342489
342455
342374
341768
341570
341499
341398
341359
341330
340909
340766
340754
340525
340480
340124
340035
339770
339760
339758
339598
339499
339499
339459
339412
339356
339339
339208
339180
339119
339042
338469
338349
338193
338142
338098
337817
337674
337526
337459
337440
337413
337338
337190
337041
336972
336958
336884
336835
336673
336656
336572
336561
336509
336378
336365
336286
336278
336262
336244
336066
336001
335872
335704
335669
335622
335575
335554
335534
335329
335303
335195
335191
335097
334929
334927
334898
334797
334753
334741
334734
334627
334420
334276
334233
334088
333897
333788
333623
333623
333404
332966
332948
332868
332857
332833
332807
332669
332576
332550
332366
332134
332021
331956
331864
331839
331750
331674
331535
331461
331280
331264
331260
331237
331152
331146
331139
331134
331081
330988
330851
330837
330730
330705
330591
330557
330539
330458
330402
330288
330164
330025
329923
329834
329748
329719
329697
329620
329573
329185
329176
329128
329072
328961
328866
328812
328787
328593
328543
328511
328506
328430
328254
328167
328133
328038
327968
327789
327753
327748
327730
327711
327495
327382
327333
327311
327188
327163
326771
326767
326765
326748
326716
326708
326573
326363
326322
326114
325789
325541
325284
325165
325100
324961
324955
324901
324855
324837
324837
324835
324770
324516
324497
324484
324429
324421
324414
324324
324314
324065
323965
323867
323821
323799
323741
323605
323567
323551
323326
323263
323257
323023
322963
322825
322632
322620
322318
322209
322153
321988
321729
321711
321599
321567
321539
321519
321356
321257
320919
320856
320844
320827
320806
320761
320634
320611
320338
320297
320074
319956
319892
319615
319573
319530
319337
319310
319305
319096
318956
318948
318828
318806
318726
318710
318692
318375
317856
317855
317855
317769
317741
317724
317627
317556
317323
317048
317024
316959
316829
316708
316415
316406
316370
316297
316289
316258
316255
316144
316126
315800
315602
315547
315534
315514
315467
315436
315416
315340
315314
315274
315227
315198
315120
315100
315076
314714
314649
314560
314479
314468
314444
314397
314292
314210
314176
314166
314105
313962
313878
313816
313778
313657
313626
313385
313143
313124
312714
312624
312417
312390
312081
311860
311815
311710
311686
311681
311679
311671
311656
311583
311583
311502
311312
311253
311156
311132
311117
310864
310830
310713
310668
310573
310497
310431
310341
310324
310322
310306
310263
310219
310207
310172
310121
310108
310100
310022
309925
309888
309882
309816
309769
309757
309744
309712
309621
309589
309578
309520
309108
308972
308809
308665
308635
308608
308597
308512
308455
308416
308347
308229
308179
308176
308174
308163
308131
308087
307977
307862
307681
307513
307509
307341
307112
306653
306592
306506
306480
306409
306330
306316
306294
306289
306261
306214
306140
306027
306023
305962
305711
305700
305682
305646
305601
305133
305068
304819
304695
304492
304428
304389
304006
303969
303964
303944
303806
303679
303566
303506
303302
303213
303148
302935
302850
302768
302702
302674
302375
302362
302241
301965
301897
301828
301737
301701
301600
301598
301198
300885
300877
300836
300748
300739
300540
300330
300320
300276
300229
300218
300169
300118
300060
299810
299551
299542
299526
299520
299360
299316
299306
299296
299231
299037
299016
298857
298719
298546
298515
298496
298408
298272
298190
298059
297922
297769
297764
297612
297565
297466
297461
297449
297268
297219
297185
296993
296964
296925
296855
296775
296738
296670
296507
296390
296343
296330
296258
296230
296069
295955
295945
295899
295869
295779
295698
295686
295646
295494
295415
295404
295201
295115
294692
294482
294422
294262
294101
293653
293561
293222
293205
293165
292929
292898
292895
292837
292822
292626
292581
292458
292451
292345
292226
292104
291507
291490
291215
291188
291038
291033
291031
290963
290952
290866
290689
290659
290619
290431
290379
290356
290324
290322
290097
289936
289677
289523
289280
289197
289144
289030
288806
288800
288745
288583
288450
288277
288169
287994
287952
287863
287792
287415
287260
287035
286593
286542
286448
286444
286325
286260
286253
286031
285990
285966
285869
285858
285827
285640
285595
285450
285429
285319
285285
285253
285174
284981
284879
284809
284703
284628
284577
284497
284427
284222
284123
284095
284053
284030
284024
283899
283892
283871
283776
283676
283490
283426
283330
283284
283245
283194
283155
283095
283059
283012
282983
282903
282835
282682
282556
282548
282482
282353
282331
282321
282248
282136
282077
282065
281982
281911
281648
281647
281616
281599
281286
281010
280708
280682
280649
280618
280429
280273
280168
279896
279800
279791
279680
279661
279452
279377
279163
279102
279076
278926
278915
278709
278614
278528
278471
278456
278156
277824
277799
277774
277720
277707
277309
277308
277260
276777
276774
276603
276571
276461
276241
276031
275741
275705
275698
275644
275589
275510
275341
275195
275115
275104
274914
274813
274797
274501
274465
274447
274401
274209
274048
274018
274002
273947
273934
273890
273850
273804
273715
273564
273551
273393
273099
273078
272880
272879
272806
272701
272484
272473
272448
272404
272155
272136
271986
271979
271977
271889
271701
271675
271650
271550
271258
271202
271125
271119
271116
271035
270992
270900
270550
270543
270437
270395
270344
270213
270163
270009
269971
269686
269452
269384
269364
269109
269058
269000
268847
268245
268177
268032
267871
267488
267393
267352
267331
267259
267057
267004
266983
266840
266791
266711
266680
266425
266407
266122
266074
265706
265679
265600
265597
265526
265523
265461
265438
265335
265274
265258
265221
264694
264646
264300
264049
264038
263988
263964
263444
263355
263351
263233
262918
262896
262865
262801
262532
262498
262293
262259
262219
262101
262045
261965
261637
261558
261397
261345
261063
261007
260890
260832
260732
260597
260596
260439
260401
260193
260104
259952
259926
259901
259840
259729
259716
259577
259367
259272
259118
259094
258812
258787
258754
258368
258229
258166
258143
257684
257658
257625
257457
257381
257285
257176
257169
257165
257034
256985
256911
256889
256773
256620
256566
256553
256166
256091
256062
255957
255942
255923
255877
255779
255490
255440
255357
255243
255096
254718
254622
254587
254535
254482
254183
254033
253884
253725
253607
253591
253581
253507
253471
253444
253385
253241
253148
253115
252844
252794
252638
252565
252444
252377
252332
252189
252136
252126
252081
252075
252039
252022
251914
251905
251780
251758
251583
251533
251520
251477
251456
251402
251385
251130
251093
251074
250984
250895
250820
250681
250639
250625
250561
250551
250199
250064
250057
250041
250025
249870
249770
249685
249603
249603
249579
249495
249463
249338
249170
249106
248927
248728
248710
248646
248497
248393
248319
248228
248174
248094
248059
247970
247942
247896
247801
247512
247495
247484
247470
247316
247245
247138
247075
247074
247034
247009
246998
246937
246918
246824
246646
246625
246567
246549
246474
246426
246032
245970
245657
245441
245329
245235
245059
245008
244977
244783
244374
244332
244304
244282
244223
244066
243600
243556
243516
243514
243498
243477
243438
243413
243371
243325
243263
243110
243054
242932
242931
242871
242831
242756
242743
242457
242278
242277
242154
241946
241884
241655
241644
241230
241230
241215
241204
240963
240764
240588
240523
240273
240216
240209
240132
239935
239928
239830
239767
239744
239744
239518
239073
239045
238955
238889
238866
238703
238337
238173
238046
237799
237711
237698
237491
237421
237377
237370
237169
237027
236917
236887
236642
236614
236595
236334
236264
236185
236013
235912
235906
235624
235591
235268
235266
235222
235179
235175
235119
235116
234946
234554
234531
234516
234431
234360
234312
233938
233924
233732
233643
233615
233427
233353
233322
233214
232991
232931
232928
232882
232875
232838
232561
232527
232526
232505
232341
232247
232017
231942
231895
231778
231733
231681
231635
231431
231212
231212
231203
231201
230884
230400
230298
230248
229884
229735
229701
229642
229531
229504
229494
229479
229354
229336
229333
229312
229170
229138
228957
228920
228675
228647
228381
228325
228323
228242
227855
227854
227671
227590
227474
227466
227282
227136
227097
227084
227061
227006
226978
226923
226820
226556
226360
226347
226337
226171
226119
226066
225937
225933
225791
225782
225522
225479
225373
225334
225282
225094
225045
224987
224964
224909
224649
224619
224615
224603
224489
224364
223985
223953
223919
223772
223610
223527
223495
223350
223306
223212
223209
223151
223066
222937
222905
222692
222464
222233
222102
222031
222021
221922
221864
221829
221816
221725
221581
221264
220991
220966
220933
220891
220889
220882
220705
220474
220430
220292
220195
220081
220045
220041
219992
219849
219811
219710
219543
219353
219147
219066
219062
219043
218592
218589
218576
218485
218423
218240
218238
218057
217928
217880
217819
217766
217708
217604
217542
217492
217408
217392
217288
217221
217193
217107
217007
216972
216815
216672
216590
216531
216518
216514
216501
216451
216387
216386
216352
216080
216067
215870
215720
215709
215681
215528
215432
215372
215350
215325
215300
215171
215170
215155
215137
215091
214936
214774
214487
214328
214235
214125
213979
213947
213804
213774
213682
213617
213600
213252
213248
213195
213145
213053
213023
212968
212950
212637
212526
212483
212334
212266
212227
212199
212180
212111
212094
211850
211762
211578
211541
211470
211438
211421
211240
211220
211184
210936
210898
210855
210780
210652
210306
210269
210062
209958
209601
209582
209403
209375
209351
209294
209284
209277
209198
209094
208894
208882
208857
208828
208665
207846
207766
207743
207705
207345
207292
207272
207193
207046
206923
206765
206559
206386
206304
206208
206149
205990
205810
205752
205740
205589
205544
205406
205248
205207
204982
204813
204701
204443
204407
204162
204126
203891
203794
203476
203419
203319
203301
203278
203254
203093
203077
202855
202795
202729
202549
202500
202399
202362
202358
202355
202282
202235
202118
201978
201952
201682
201459
201305
201223
201037
201026
201002
200955
200923
200820
200714
200649
200567
200519
200420
200395
200392
200378
200367
200095
199878
199860
199844
199645
199617
199561
199350
199123
199004
198913
198896
198710
198573
198463
198355
198113
198083
198065
198064
197804
197592
197589
197494
197486
197282
197136
197010
196879
196877
196685
196661
196392
196391
196368
196176
196143
196125
195917
195851
195850
195773
195612
195595
195548
195516
195510
195316
195191
195120
195031
194988
194944
194885
194818
194762
194609
194460
194438
194390
194250
194046
194041
193625
193521
193234
193112
192979
192845
192784
192717
192709
192307
192276
192275
192087
192008
191950
191855
191669
191594
191535
191348
191286
191282
191276
191143
191111
191098
190989
190925
190765
190748
190618
190567
190550
190525
190447
190338
190111
189940
189844
189776
189745
189618
189606
189404
189365
189255
189201
189139
189114
188953
188839
188690
188651
188563
188309
188264
188204
187732
187470
187218
187152
187084
186693
186598
186299
186280
186262
186135
186051
185829
185531
185505
185462
185358
185351
185295
185281
185265
185172
185091
184936
184929
184890
184804
184653
184199
184190
183954
183930
183816
183698
183673
183508
183333
183316
183294
183197
183062
182829
182773
182621
182526
182389
182329
182324
182218
182137
182074
181985
181980
181975
181846
181842
181652
181547
181395
180970
180954
180722
180633
180568
180559
180249
180170
180055
179944
179709
179577
179530
179486
179485
179368
179309
179260
179257
179039
178967
178927
178796
178575
178550
178511
178453
178432
178404
178357
178161
178115
178098
177892
177846
177781
177632
177603
177592
177517
177502
177369
177297
177274
177096
177084
176954
176905
176589
176445
176436
176223
176214
176127
176086
176040
176005
175951
175887
175884
175774
175674
175632
175585
175490
175422
175319
175227
175107
175097
174718
174690
174414
174265
174160
174048
173859
173811
173640
173423
173363
173358
173320
173289
173261
173200
172962
172929
172909
172567
172458
172102
171947
171798
171733
171614
171525
171487
171312
171166
171002
170862
170848
170443
170431
170397
169776
169454
169278
168838
168694
168543
168461
168360
168358
168205
168168
168102
167830
167677
167645
167565
167348
167254
167244
167193
167117
167026
166810
166672
166614
166427
166363
166310
166238
166198
166104
166099
165980
165935
165915
165837
165519
165462
165416
165277
165169
165167
165119
164928
164904
164765
164586
164512
164485
164437
164414
164256
164216
164043
164000
163857
163842
163810
163772
163718
163697
163457
163449
163190
163045
162982
162834
162641
162592
162495
162423
162134
162118
162044
161905
161726
161685
161682
161666
161648
161624
161608
161542
161504
161483
161396
161285
161232
161130
160800
160710
160680
160632
160523
160398
160389
160357
160315
160258
160192
160153
159995
159990
159971
159925
159918
159762
159739
159572
159416
159407
159335
159325
159236
159232
159204
159094
158828
158686
158475
158455
158379
158245
158052
157926
157924
157899
157589
157100
157055
156826
156781
156665
156308
156194
156144
156083
156042
155974
155710
155684
155626
155277
155211
155158
155116
154970
154582
154501
154323
153859
153815
153800
153305
153116
152948
152948
152907
152874
152562
152365
152268
152199
152195
152119
151925
151857
151720
151710
151689
151489
151383
151324
151280
151024
151000
150876
150578
150541
150470
150284
150213
150160
150135
150073
150039
149890
149448
149418
149392
149374
149235
149224
149100
149072
148814
148765
148549
148400
148276
148218
148190
148165
148059
147967
147873
147725
147720
147569
147430
147380
147343
147244
146996
146975
146874
146864
146676
146592
146586
145696
145677
145625
145476
145390
145379
145272
145256
145183
145153
145146
145005
144959
144943
144887
144792
144658
144652
144583
144550
144486
144341
144311
144170
144152
144149
144099
144016
143892
143733
143710
143653
143406
143199
143188
142937
142926
142843
142704
142548
142452
142154
142057
142041
141987
141946
141932
141912
141822
141552
141541
141502
141408
141329
141269
141131
141121
141006
140949
140906
140890
140808
140797
140379
140222
140139
140078
140027
139822
139798
139739
139542
139295
139098
138949
138931
138917
138658
138416
138363
138327
138228
138226
138213
138051
138026
137990
137968
137865
137864
137698
137600
137546
137159
137043
137007
136869
136678
136634
136236
136231
136032
136000
135874
135814
135652
134995
134812
134595
134577
134559
134498
134482
134142
134120
134111
134021
133968
133955
133891
133853
133847
133780
133696
133652
133535
133519
133463
133444
133363
133338
132931
132910
132759
132517
132504
132388
132193
132139
132090
132076
131921
131791
131357
131292
131096
131086
131023
130915
130513
130442
130296
130243
130020
129769
129674
129587
129573
129317
129237
128829
128758
128757
128606
128272
128221
128111
127905
127783
127755
127701
127675
127525
127459
127361
127349
127024
126930
126584
126259
126206
126143
125931
125541
125504
125454
125449
125285
125210
124829
124713
124535
124354
124350
124288
124154
124127
124069
123742
123726
123691
123578
123552
123545
123508
123195
123181
123068
123065
122928
122873
122793
122748
122555
122546
122542
122496
122438
122374
122268
122186
122141
122038
121997
121953
121915
121867
121834
121820
121775
121770
121712
121643
121624
121529
121404
121161
121153
121074
121018
120926
120824
120814
120738
120649
120640
120391
120368
120174
120075
120006
119889
119797
119756
119670
119600
119460
119422
119289
119134
119121
119115
118917
118885
118806
118772
118639
118492
118332
118168
118059
118010
117982
117848
117842
117766
117742
117615
117604
117321
117262
117259
117232
117216
117140
117045
116942
116875
116836
116724
116715
116651
116441
116391
116048
115908
115736
115730
115618
115611
115595
115595
115510
115477
115416
115395
115369
115188
115100
115006
114913
114861
114668
114614
114342
114245
114216
114085
113946
113938
113813
113677
113612
113318
113279
113179
113085
113045
113030
113012
112840
112712
112710
112693
112633
112627
112596
112574
112554
112512
112407
112296
112158
111996
111773
111752
111720
111705
111681
111655
111559
111423
111376
111299
111115
110883
110787
110768
110722
110716
110687
110642
110283
110223
109902
109844
109829
109806
109453
109341
109318
109255
109191
109044
108806
108771
108644
108466
108377
108365
108284
108066
108011
107750
107332
107269
107226
107157
107148
107083
106992
106979
106857
106722
106720
106683
106609
106544
106463
106334
106173
106173
106165
106124
106031
105980
105937
105883
105874
105728
105654
105587
105413
105350
105326
105273
105100
104787
104774
104674
104649
104427
104326
104307
104188
104174
104054
104053
104011
103967
103938
103603
103570
103444
103278
103174
103140
102935
102781
102773
102719
102665
102633
102612
102575
102502
102473
102223
102190
102027
101811
101795
101762
101695
101689
101665
101654
101623
101524
101471
101375
101372
101273
101141
101100
101042
101005
100980
100917
100795
100736
100720
100574
100486
100413
100343
100280
100223
100137
100093
100017
99986
99833
99704
99118
99086
98910
98530
98331
98277
98166
98014
97922
97879
97854
97814
97676
97671
97574
97358
97333
97234
97223
97200
97174
97083
97083
96798
96665
96330
96328
96318
96309
96305
96248
96177
96074
95978
95922
95891
95890
95857
95791
95778
95761
95711
95293
95168
94969
94798
94785
94607
94569
94474
94379
94313
93951
93825
93785
93497
93054
92608
92575
92484
92430
92147
92088
91928
91730
91648
91636
91416
91332
91099
91070
91007
90963
90904
90806
90673
90397
90325
90255
90233
89788
89751
89644
89639
89457
89348
89196
89167
89087
88830
88801
88761
88687
88463
88412
88346
88225
88090
87813
87697
87497
86950
86872
86867
86817
86799
86746
86606
86522
86509
86508
86451
86417
86376
86351
86231
86212
86169
86100
86087
86062
85979
85914
85719
85679
85628
85551
85519
85519
85436
85237
85217
85204
85109
85081
84888
84717
84703
84646
84616
84584
84579
84406
84394
84270
84165
84159
84029
83980
83965
83717
83672
83661
83442
83419
83270
83234
83208
83087
82950
82770
82685
82634
82485
82453
82130
82011
81941
81826
81816
81795
81788
81638
81259
81251
81245
81197
81079
81057
80925
80859
80791
80721
80690
80670
80542
80327
79944
79764
79736
79591
79418
79402
79274
79261
79257
78972
78816
78801
78625
78558
78426
78275
78105
78077
77932
77790
77761
77696
77502
77483
77481
77165
76938
76927
76879
76780
76690
76684
76100
75973
75903
75824
75787
75771
75505
75482
75350
75252
74911
74835
74773
74567
74493
74452
74353
73973
73942
73921
73900
73896
73869
73829
73804
73783
73757
73724
73487
73458
73306
72940
72897
72730
72590
72410
72346
72312
72248
72016
71616
71615
71566
71496
71275
71256
71130
71058
71054
71038
70999
70939
70906
70731
70705
70621
70496
70485
70441
70339
70238
70035
69932
69920
69878
69753
69685
69579
69565
69487
69386
69354
68957
68818
68804
68690
68605
68005
67880
67821
67495
67194
67116
67018
66883
66708
66685
66438
66434
66360
66351
66276
66256
66218
66207
66200
66167
66040
65709
65582
65389
65178
64993
64842
64683
64574
64456
64453
64167
64082
64069
63977
63843
63735
63683
63620
63328
63106
63101
62845
62803
62781
62742
62687
62643
62416
62132
62124
62089
61957
61859
61853
61790
61727
61235
61178
61045
60898
60821
60781
60728
60557
60541
60489
60421
60408
60287
60089
59927
59660
59593
59562
59562
59453
59448
59437
59152
58629
58491
58453
58316
58120
58097
57976
57906
57876
57792
57758
57720
57598
57498
57485
57407
57263
57238
57213
57137
57033
56928
56917
56884
56872
56737
56717
56686
56646
56531
56431
56308
56202
56187
56095
56070
55888
55883
55875
55610
55546
55427
55398
55168
55038
55011
55008
54888
54717
54686
54640
54510
54342
54112
54074
54024
53991
53914
53877
53802
53624
53608
53591
53557
53354
53204
52995
52992
52839
52751
52688
52668
52655
52594
52550
52503
52452
52226
52073
52028
51942
51898
51792
51621
51402
51349
51288
51266
51174
51155
51118
51065
51054
51033
51013
50961
50792
50502
50342
50222
50122
50014
49957
49908
49853
49771
49759
49612
49544
49444
49411
49397
49328
49080
48923
48848
48732
48721
48708
48662
48491
48021
47975
47858
47833
47774
47724
47565
47440
47363
47324
47117
47116
47062
47025
46888
46793
46790
46789
46789
46609
46601
46505
46447
46316
46179
46178
46169
45981
45967
45736
45696
45537
45361
45189
44993
44949
44938
44913
44886
44654
44444
44395
44337
44252
44148
44135
44060
43946
43843
43688
43552
43541
43272
43135
43133
42907
42759
42415
42292
42259
42153
41942
41853
41798
41790
41634
41561
41528
41522
41493
41325
41325
41108
41076
41042
40855
40830
40661
40649
40638
40588
40446
40445
40366
40350
40342
40288
40137
40084
40072
39957
39853
39837
39220
38759
38672
38667
38447
38315
38186
38143
38084
38035
37965
37935
37926
37770
37756
37570
37237
36849
36684
36648
36621
36409
36360
35969
35925
35818
35776
35705
35611
35449
35273
35249
35148
35007
35001
34853
34354
34302
34272
34239
34179
33908
33903
33816
33703
33622
33590
33530
33526
33501
33369
33328
33140
33021
32952
32870
32550
32455
32418
32411
32349
32167
32073
32064
32038
31907
31781
31736
31639
31634
31609
31314
31288
31183
31065
30935
30918
30875
30772
30669
30565
30178
29836
29729
29714
29711
29684
29606
29569
29419
29302
29301
29296
29196
28998
28777
28660
28655
28604
28579
28522
28514
28338
28250
28226
27860
27810
27772
27692
27623
27361
27230
27087
27030
26903
26632
26629
26531
26446
26445
26294
26133
26101
26046
25746
25554
25546
25482
25336
25233
25148
25059
25041
24894
24854
24848
24815
24742
24729
24664
24657
24604
24582
24574
24413
24097
24064
23844
23761
23734
23565
23494
23433
23422
23329
23087
22977
22580
22505
22394
22391
22371
22231
22078
21877
21849
21686
21506
21108
21058
20878
20791
20634
20601
20577
20408
20308
20209
20126
20000
19852
19842
19669
19521
19350
19329
19233
19180
19160
19059
19017
18977
18859
18586
18558
18433
18201
18192
18192
18152
17976
17907
17874
17867
17666
17621
17597
17456
17455
17445
17312
17278
17079
16945
16783
16698
16660
16592
16413
16161
16135
16062
16036
15928
15715
15668
15546
15401
15332
15273
15238
14946
14840
14766
14486
14462
14353
14247
14222
14202
14074
13966
13845
13491
13441
13435
13171
12898
12862
12856
12844
12631
12486
12477
12450
12229
12145
12028
12017
11910
11858
11844
11814
11807
11682
11541
11336
11255
11229
10907
10830
10763
10741
10591
10552
10501
10478
10173
10027
9949
9848
9841
9585
9307
9138
9128
9061
9046
8704
8608
8174
8142
8131
8057
8035
7960
7910
7784
7695
7429
7304
7122
6411
6350
6340
6315
6305
6138
6103
5664
5652
5574
5428
5154
5139
5094
4827
4434
4380
4373
4294
4273
4052
4047
3856
3776
3768
3730
3663
3555
3369
3290
3236
3198
3195
3012
2960
2934
2695
2510
2385
2076
1903
1901
1812
1776
1773
1726
1703
1652
1500
1500
1489
1408
1287
1102
953
887
675
646
523
461
370
337
194
