100
993123
971757
971160
967547
954441
935188
922999
922010
914363
893925
866077
846567
846138
840493
805095
798723
782947
750022
740017
732957
729913
724794
709847
685751
683764
673550
660408
640951
608138
588829
586166
577557
571071
567875
567104
562496
561119
560695
543139
535575
535132
502395
492545
485640
476487
473193
454669
447326
437147
433118
423805
419371
417097
405509
405306
404929
403602
399844
386104
377989
365022
353085
339236
339172
328531
321966
320087
275286
273816
267429
265369
263601
257826
254159
237158
235681
213754
211685
205970
205187
205077
199621
198601
191246
188813
184768
166508
165552
159916
153538
151159
133518
133344
129815
118100
111157
69512
11447
5415
529
