1000
999250
999214
999154
999148
998887
998726
997988
997563
996125
994704
993434
991272
991079
990678
990273
988864
987759
984542
984439
984012
983730
983150
981687
980844
980200
979423
978187
977462
975245
975228
974602
974048
970676
970559
970122
968513
968119
967787
967625
967532
967498
966829
966733
964313
962572
962466
960095
959955
958890
958802
958469
957688
957524
957350
956182
955488
955347
953996
953470
953378
953024
952810
951412
950436
950160
948217
946987
944832
942938
942806
941765
938451
938129
938076
937351
935629
935607
935319
934911
931844
929941
929158
927758
925766
924968
924582
920888
919815
918608
918376
918030
916754
913675
913273
913184
912897
912831
912825
911390
910279
908198
906935
906916
904118
903590
903319
901781
900422
900156
899867
898851
898740
896749
895046
893010
892762
892507
892337
891311
889860
888990
888446
886946
885965
883587
882320
882054
881530
881257
876761
873251
869360
868614
868081
867864
867675
867567
867454
866857
865638
864813
863770
863611
861576
861179
860839
860113
859653
858932
857742
856944
856922
856730
856718
856639
855672
854054
854029
852029
850766
850682
849695
848953
848923
847838
845373
844977
844197
843899
843548
842374
841547
840949
840866
840637
839933
838968
838847
837569
837467
837129
835781
835446
834351
834056
833351
832297
831184
830105
830001
826839
826247
823510
823159
821591
819413
818994
818618
818100
816808
815719
813847
812338
811872
810462
810451
809509
806800
806325
805858
804073
803316
802031
801752
798970
797595
797284
796747
795021
794956
790836
790765
790388
789405
788391
787680
787186
784725
784430
783668
782649
779951
779247
775536
775516
774742
770641
770520
768537
767672
766277
765414
764674
763050
762580
761957
758084
752151
751043
750879
750838
750715
750039
749417
748847
747885
745859
745226
745029
745000
744816
744519
743185
738028
737989
734494
733145
732804
732342
732292
731724
731409
730338
729936
729000
728442
727718
727341
725390
724459
723572
723530
722905
722241
721590
720742
719566
718810
718118
718019
717418
717300
717279
717071
716948
716920
716487
715870
715552
713961
713592
713070
712929
711325
711217
711066
710021
709306
709105
708668
708196
706271
705021
704406
704180
703110
702502
701430
700861
700441
699293
699078
698895
698624
697527
697067
696911
695336
695133
694868
694730
693601
692671
692152
691094
690538
689129
688778
686367
685911
685248
684556
684051
682741
681310
679401
676839
675608
674992
671005
670891
670606
669148
668501
667861
667410
667249
666362
666073
663264
662248
662136
661577
661003
660425
660419
660336
659630
659609
658898
658209
656954
655947
655401
654264
653127
652296
651315
650666
649496
649389
648227
647788
647162
647114
646850
645547
643810
643006
642755
639608
637789
637059
636059
634881
634710
630090
629162
628127
627811
627335
623622
623033
622477
621736
620304
618321
617634
617615
615086
614206
613527
613483
612931
612386
607612
606986
605505
604353
603016
602937
601900
601124
600427
600341
599706
598508
598186
598147
597708
596494
594175
593847
592680
592559
592077
591463
590491
590330
589879
587704
586002
585214
584959
582688
581255
581231
579760
578685
578484
577228
576786
575243
572615
571918
570256
569816
569328
569205
568553
568466
568147
567353
567230
563960
563702
560324
559096
557687
556511
555749
554823
554121
553728
553585
552811
552040
551678
551533
550410
549742
548517
546315
546160
545642
544603
544470
542674
541064
540857
540040
538929
538764
537873
537320
532965
532235
531616
531148
529494
529224
528388
527187
525552
525064
524790
523101
522008
521761
521594
521271
513451
513169
512407
510211
507341
505260
505011
504386
503568
503549
503276
502962
502505
502489
502322
501846
499717
499433
498797
498254
495703
492054
491631
491380
488560
488526
488410
487445
485546
485083
484867
482654
482258
481650
479144
479085
478380
477212
475361
474973
474182
473717
472947
472509
472005
469135
467956
467400
466762
466431
465959
465696
465401
463871
463456
460721
458914
455908
455410
455197
453820
453027
452500
452460
452172
452084
451066
450907
450567
448638
445391
444681
444215
443255
443063
442861
442356
439908
439898
436191
435666
435106
434103
433746
431561
429802
428935
422626
422383
422330
420646
420289
418478
417681
416075
415224
413810
411785
407768
407354
406931
406708
404702
403937
402673
400947
400784
400368
399713
399581
398966
398712
397559
397245
397077
396686
395352
394760
392660
392351
391596
391394
391038
389620
388606
385181
384794
384372
384234
384013
383931
383593
381259
380579
378281
376390
376169
375901
375229
373967
373765
373349
371703
370621
370541
370216
369173
367059
366563
365963
365848
364853
363513
362110
361693
361336
360096
359542
358603
357192
356728
356638
356173
351594
350726
350625
350145
349711
349392
349280
349224
348878
348705
341806
340565
340514
338436
338026
337139
332879
331655
326644
326496
325889
325738
324249
324011
323683
323537
322891
322810
321899
321680
321510
320635
318542
318108
317324
317222
317177
316337
316153
314456
313394
312139
310784
310010
309498
307323
306216
305296
303344
303231
302871
302622
301750
299638
299150
299054
298645
296351
295746
294838
294837
290981
290284
289284
288684
287932
287554
286545
285737
281896
281838
280706
280516
280343
279229
278142
275373
271869
270936
266651
263533
263374
262936
262371
261839
261401
260522
259401
259225
256436
256316
255881
255808
255000
254704
254360
254263
254147
253649
253207
250705
249195
249169
249065
248850
247820
247403
246486
246179
245366
244345
243671
243589
243127
241996
241906
241549
241255
239386
237894
237402
235931
233202
232660
231846
231566
229948
229552
229397
229311
226243
225541
225109
222447
222396
221405
220715
219625
219223
219209
217183
216543
212141
211925
210721
210335
210147
207601
207146
206690
205268
204297
204094
201690
200591
198664
198488
194154
193761
193434
191069
189229
186946
185326
184823
184324
183502
183396
180719
180710
179485
179198
175713
173219
168309
166969
166666
166177
165115
164493
161278
160286
160226
160104
159473
159455
157728
156787
156592
154804
154666
153890
152394
152340
151640
148690
148586
145789
144448
143106
142848
139493
139168
137974
137965
135845
135065
134684
134488
134131
133746
132269
131880
131220
128638
127998
126850
126335
125527
124023
122950
122818
120957
120431
120263
118563
117735
116484
116474
114237
113504
110970
110568
110014
109272
109185
107696
105898
103084
102860
102251
101131
101074
101040
98594
96692
96272
96161
96025
93888
93189
90704
89840
89517
86263
85692
84003
80335
79424
78978
78500
76000
74828
73631
73283
72460
72147
71716
71661
71611
70865
68549
67899
65465
64090
61603
61510
61019
60801
58757
57294
55640
54995
51248
50652
49591
48650
48195
48076
47539
46584
44709
43467
42951
40559
40466
39106
38255
36627
36360
36190
34970
34782
34699
33883
33820
31416
31400
29392
24424
23902
23491
17081
17037
15890
15465
13967
10261
10155
8920
8101
6185
4345
2466
581
355
