100
6506
13622
29418
43597
57137
60733
86065
88740
122799
126234
129317
136704
147135
158829
162744
179284
180333
186059
186141
193686
195156
211947
231438
260489
265814
269719
279085
303183
307337
318804
341743
351466
361889
370176
376886
380613
397030
406392
439887
447523
460066
460817
465531
471888
481882
496184
499409
504517
504560
505752
537127
543066
543601
559975
560763
562519
578342
582577
590332
607515
610387
634492
671215
679258
681762
689536
690608
694700
710286
716931
716949
720797
721243
730662
734146
746198
753154
762572
774502
788663
791934
800452
800630
809572
825330
827610
834719
876902
888134
891892
897586
902243
925442
926710
926782
946169
946884
971899
972520
998411
