10000
112
144
185
222
491
502
544
669
874
1136
1226
1272
1291
1586
1600
1633
1904
1946
2025
2039
2056
2112
2222
2230
2354
2366
2589
2738
2866
3017
3183
3302
3378
3678
3706
3839
3874
3948
4139
4178
4345
4439
4468
4488
4694
4906
4953
5139
5271
5510
5703
6040
6249
6286
6388
6510
6673
6838
6987
6988
7011
7072
7101
7111
7144
7188
7225
7271
7375
7391
7574
7633
7806
7875
7928
8010
8028
8068
8084
8474
8475
8523
8535
8612
8809
8891
9014
9061
9137
9142
9204
9340
9362
9496
9511
9543
9651
9675
9721
9768
9776
9803
9804
9929
10122
10279
10496
10552
10697
10714
10716
11235
11340
11569
11814
11977
12026
12082
12161
12373
12640
12829
12876
12892
12930
12973
13017
13196
13227
13262
13333
13457
13469
13550
13630
13712
13804
13822
13931
13956
14033
14130
14148
14294
14378
14606
14648
14731
14738
14747
14748
14761
14940
15937
15973
15979
16129
16172
16228
16633
16826
16963
16965
16998
17142
17361
17383
17571
17584
17594
17595
17682
17685
17758
17792
17909
18064
18305
18659
18814
18862
18941
19140
19171
19178
19332
19369
19425
19606
19674
19792
19974
20110
20114
20395
20469
20486
20527
20544
20615
20627
20700
20722
20743
20766
20807
20871
21046
21111
21150
21193
21223
21268
21499
21574
21606
21652
21676
21827
21900
22280
22382
22676
22976
22982
23024
23143
23424
23554
23587
23805
23836
23876
23904
24302
24311
24505
24512
24525
24582
24782
24811
24929
24967
25086
25212
25221
25314
25374
25491
25562
25653
25797
25846
26040
26133
26144
26240
26350
26384
26634
26650
26654
26694
26811
26925
26977
27234
27286
27411
27425
27471
27490
27697
27721
28004
28025
28108
28179
28323
28410
28648
28658
28703
28975
28981
29025
29151
29297
29322
29380
29412
29496
29530
29535
29616
29821
30001
30231
30344
30456
30495
30523
30568
30588
30614
30648
30687
30755
30780
30789
30795
30946
31031
31344
31490
31577
31624
31634
31655
31904
31928
32311
32460
32496
32638
32774
33145
33195
33462
33509
33662
33842
34060
34071
34418
34420
34810
34843
34905
34920
34983
35055
35111
35155
35183
35225
35366
35401
35451
35487
35556
35648
35750
36102
36147
36160
36181
36232
36255
36330
36353
36479
36606
36756
37066
37073
37080
37256
37315
37336
37378
37418
37421
37488
37536
37563
37647
38180
38395
38473
38501
38530
38587
38712
38938
38980
39014
39027
39162
39264
39391
39405
39464
39522
39577
39865
39866
39874
39988
40018
40247
40263
40285
40353
40373
40469
40556
40782
40936
40950
41035
41113
41397
41491
41904
41931
41981
42013
42123
42127
42521
42551
42554
42703
42706
42800
42911
42926
42939
43138
43209
43322
43470
43472
43708
43751
43964
43988
43992
44051
44134
44148
44154
44233
44270
44547
44647
44836
44883
44939
45159
45203
45307
45329
45357
45375
45526
45531
45656
45947
45956
45983
46116
46222
46254
46328
46541
46658
46740
46863
46991
47049
47127
47349
47366
47369
47512
47523
47530
47615
47622
48158
48363
48366
48470
48477
48500
48577
48657
48677
48802
49007
49076
49113
49134
49319
49326
49481
49530
49716
49804
49904
49917
49948
50051
50246
50409
50948
51181
51283
51334
51614
51798
51804
51875
52023
52380
52425
52578
52598
52951
52960
53116
53197
53214
53218
53249
53303
53496
53581
53676
53725
53998
54029
54461
54606
54640
54783
55105
55152
55212
55245
55253
55347
55364
55387
55492
55675
55699
55853
55945
56114
56245
56255
56417
56526
56579
56650
56848
56902
56923
57023
57217
57245
57340
57347
57549
57564
58011
58032
58187
58453
58701
58730
58800
58842
59084
59126
59288
59309
59411
59555
59745
59760
59768
59838
59880
59984
60066
60087
60209
60408
60509
60589
60655
60684
60740
60751
60850
60899
61096
61298
61357
61453
61577
61578
61677
61909
61916
62009
62026
62092
62307
62436
62532
63044
63127
63146
63215
63263
63268
63307
63329
63675
63752
63788
63797
63798
63825
63911
64017
64058
64061
64065
64081
64144
64342
64415
64669
64669
64747
64815
64904
64905
65026
65072
65124
65153
65787
65844
65852
66102
66469
66497
66633
66784
66927
67119
67266
67371
68021
68325
68417
68489
68577
68579
68723
68761
68797
68826
68844
68893
69102
69336
69443
69482
69625
69688
69933
70053
70165
70192
70209
70308
70458
70507
70570
70687
70691
70725
70739
70789
70801
70843
70850
70855
71087
71256
71367
71540
71555
71782
71807
71822
71835
71857
71987
72048
72056
72162
72368
72485
72610
72783
72834
73006
73076
73391
73417
73480
73574
73686
73794
73800
73816
73844
73915
74125
74396
74433
74540
74695
74714
74784
74914
75078
75179
75398
75490
75631
75765
75769
75847
76096
76154
76155
76196
76464
76667
76780
76880
76901
77167
77180
77195
77238
77260
77556
77659
77740
77765
77840
77866
78196
78246
78260
78458
78535
78592
78609
78868
78951
79292
79356
79679
79799
79814
79848
79942
80175
80228
80229
80241
80349
80418
80440
80522
80788
80798
81257
81287
81296
82118
82237
82586
82588
82796
82817
82882
83380
83470
83520
83776
83814
83940
84016
84061
84090
84122
84193
84289
84340
84360
84390
84482
84639
84708
84731
84974
84985
85003
85052
85117
85161
85379
85636
85794
85838
86132
86392
86613
86647
86961
87026
87161
87184
87191
87312
87350
87458
87537
87589
87732
87758
87772
87798
87824
87879
88052
88057
88159
88558
88579
88631
88742
88860
88882
88889
89079
89211
89245
89275
89286
89466
89629
89848
89890
89941
89987
90082
90103
90410
90662
90682
90722
90853
90892
90968
91045
91060
91123
91256
91547
91649
91772
91858
91951
92114
92473
92488
92672
92947
92982
92993
93069
93079
93079
93231
93470
93535
93791
93880
93903
93949
94082
94118
94172
94337
94395
94635
94832
94873
94951
94967
94999
95042
95050
95108
95130
95147
95154
95164
95539
95638
95643
95650
95730
95906
96018
96043
96070
96109
96114
96202
96265
96449
96496
96506
96507
96596
96751
96838
96951
96965
97067
97403
97672
97803
97948
98011
98206
98212
98321
98675
98838
99285
99286
99501
99563
99660
99671
99735
99762
99848
99935
100051
100214
100227
100239
100339
100462
100468
100601
100656
100714
100777
101175
101323
101358
101364
101598
101610
101623
101628
101752
101761
102121
102145
102169
102174
102178
102198
102427
102479
102570
102579
102593
102670
102985
103011
103037
103061
103236
103343
103384
103409
103446
103447
103599
103827
103862
103932
104008
104010
104192
104193
104253
104510
104570
104598
104623
104627
104628
104684
104732
105026
105092
105162
105473
105810
105850
105855
105918
106051
106059
106169
106316
106418
106888
106948
106949
107010
107138
107367
107380
107514
107539
107574
107707
108039
108188
108225
108749
109055
109061
109083
109091
109126
109149
109281
109350
109397
109499
109523
109647
109726
109747
109787
109893
110118
110205
110259
110482
110560
110578
110627
110785
110790
110893
110957
110966
111102
111228
111366
111387
111406
111461
111648
111668
111809
111814
111837
111902
111979
112066
112211
112441
112475
112634
112654
112750
112829
112933
112956
113234
113265
113284
113287
113316
113363
113391
113489
113491
113567
113614
113812
113879
113977
114049
114123
114330
114387
114434
114501
114576
114619
114829
114961
115049
115173
115403
115541
115556
115952
115966
116422
116431
116447
116618
116628
116719
116790
116859
117146
117218
117450
117646
117798
118004
118209
118214
118229
118290
118447
118466
118478
118659
118708
118747
118820
118836
118881
118935
119352
119427
119467
119498
119602
119603
119642
119659
120183
120310
120344
120515
120614
120837
120965
121088
121136
121166
121386
121416
121641
121708
121713
121727
121964
121974
121998
122053
122054
122079
122155
122277
122760
122936
123106
123146
123258
123296
123323
123486
123534
123595
123937
123962
124030
124133
124138
124217
124403
124413
124477
124812
124922
125099
125116
125497
125566
125827
125911
125961
125961
126164
126544
126609
126719
126904
127282
127308
127551
127586
127760
128038
128109
128345
128437
128476
128548
128609
128625
128741
128795
128946
129065
129108
129167
129182
129228
129543
129799
129851
129889
129953
129986
130074
130304
130414
130680
130715
130717
131059
131136
131342
131375
131440
131442
131453
131505
131575
131783
131847
131897
131976
132046
132181
132279
132535
132571
132916
132931
133293
133679
133687
133788
133877
134265
134283
134495
134574
134575
135028
135038
135281
135397
135555
135745
135770
135784
135883
136043
136068
136109
136320
136372
136388
136494
136533
136756
136784
136804
136873
137337
137507
137588
137690
137813
137814
137938
137955
138239
138258
138293
138329
138588
138806
138886
138904
138941
138947
139293
139454
139502
139572
139910
139946
140478
140724
140747
140878
140947
141068
141244
141278
141294
141430
141531
141635
141672
141748
141821
141852
142008
142036
142225
142623
142692
142708
142802
142873
142950
143020
143108
143197
143476
143493
143624
143873
144019
144079
144134
144233
144257
144370
144614
144721
144743
144783
144948
145727
145754
145800
145888
145935
146039
146115
146279
146318
146415
146749
146784
146796
146868
146905
146919
147037
147049
147073
147100
147155
147202
147266
147294
147379
147599
147601
147774
147780
148306
148342
148400
148484
148591
148630
148642
148655
148668
148799
148814
148926
149027
149031
149081
149228
149284
149289
149330
149380
149563
149615
149651
149758
149794
149798
149926
150084
150093
150403
150426
150555
150557
150604
150685
150774
150845
150913
150962
150994
150995
151129
151154
151182
151458
151533
152090
152090
152107
152119
152155
152223
152225
152492
152526
152769
152798
152855
152861
152910
153005
153115
153301
153384
153409
153600
153679
153765
153867
153933
153976
154099
154181
154244
154378
154415
154434
154461
154464
154621
154637
154904
155215
155224
155234
155269
155353
155471
155500
155549
155575
155669
155719
155942
156040
156091
156169
156405
156418
156468
156568
156597
156741
156750
157071
157124
157182
157279
157417
157471
157483
157744
157839
157971
158001
158058
158085
158094
158242
158382
158402
158421
158429
158747
158883
158904
158905
159051
159084
159280
159287
159334
159470
159485
159678
159868
159927
159966
159969
160000
160088
160139
160275
160859
161044
161331
161450
161669
161676
161930
162032
162147
162211
162212
162342
162439
162494
162650
162955
163056
163353
163389
163437
163473
163597
163660
163799
163902
163941
164000
164018
164054
164250
164278
164324
164506
164604
164827
164850
164892
164902
164928
165135
165232
165304
165468
165586
165684
165776
165968
165978
166168
166375
166496
166598
166632
166638
166783
166960
167084
167129
167314
167316
167459
167522
167774
167799
167819
167969
168075
168140
168442
168566
168760
168874
168955
169061
169323
169441
169464
169509
169700
169801
169875
169903
169933
170123
170171
170357
170374
170408
170502
170792
170931
171043
171557
171562
171690
171826
171867
171877
171896
172129
172276
172433
172653
172656
172664
172691
172961
173089
173272
173407
173457
173559
173620
173641
173718
173954
174078
174307
174349
174513
174857
174929
175316
175397
175619
175655
175726
175928
176001
176141
176242
176264
176302
176401
176519
176598
176829
177010
177315
177337
177411
177417
177608
177677
177834
177977
178011
178185
178249
178375
178517
178603
178655
179008
179050
179280
179311
179774
179781
179781
179912
179933
179981
180161
180189
180416
180494
180533
180640
180666
180682
180804
181021
181156
181223
181338
181721
181815
181860
181946
182072
182095
182230
182336
182409
182427
182460
182550
182726
182726
182735
182779
182791
182839
182895
182972
183163
183348
183390
183436
183641
183664
183719
183959
184013
184022
184038
184113
184133
184629
184712
184773
184800
184989
184996
185078
185116
185213
185322
185339
185385
185454
185554
185713
186075
186081
186116
186131
186174
186324
186391
186555
186593
186620
186968
187116
187242
187290
187296
187378
187392
187401
187456
187569
187589
187646
187689
187703
187781
187821
187925
188158
188158
188197
188214
188312
188335
188756
188759
188784
188807
188847
189027
189208
189248
189290
189298
189300
189367
189405
189765
189808
189943
190030
190089
190216
190274
190489
190575
190793
191029
191081
191402
191573
191678
191942
192093
192153
192183
192245
192490
192494
192528
192562
192652
192676
192803
192835
192856
192929
192984
192989
193183
193300
193404
193494
193568
193585
193609
193754
193797
193921
193986
194022
194145
194406
194430
194624
194772
194817
195225
195248
195258
195327
195346
195389
195486
195556
195637
195690
195798
195922
196192
196247
196339
196434
196537
196542
196732
196743
197000
197033
197062
197170
197302
197386
197673
197860
197880
197946
198012
198064
198203
198207
198221
198261
198298
198595
198642
198922
198998
199091
199092
199169
199203
199414
199456
199581
199588
200007
200014
200229
200309
200531
200554
200623
200681
200924
200962
201074
201096
201110
201149
201176
201178
201254
201509
201516
201692
202051
202162
202167
202345
202638
202716
202809
202922
203127
203179
203273
203333
203353
203462
203488
203497
203577
203775
203853
204119
204120
204156
204180
204213
204239
204304
204419
204453
204748
204764
204845
204846
204873
204925
205046
205267
205299
205533
205553
205563
205607
205862
205862
205941
206258
206363
206406
206507
206525
206630
206647
206654
206700
206715
206877
206925
206962
207112
207131
207437
207677
207687
207731
207778
207812
208098
208130
208369
208409
208418
208558
208581
208602
208611
208814
208971
209047
209053
209183
209521
209687
209852
209915
209943
210063
210078
210133
210457
210525
210624
210831
210937
210946
210976
211188
211227
211314
211406
211513
211835
211983
212144
212291
212309
212437
212479
212505
212813
212949
213143
213177
213301
213361
213591
213614
213723
213735
213795
213891
213975
214032
214342
214350
214561
214618
214688
214746
214854
214869
214914
215060
215167
215361
215395
215510
215619
215620
215718
215780
215866
215930
216137
216174
216252
216343
216428
216487
216632
216771
216993
217012
217087
217091
217152
217177
217222
217249
217508
217517
217531
217697
217718
217745
217940
217948
217967
218277
218306
218312
218398
218474
218500
218504
218702
218749
218796
218946
218972
219022
219027
219161
219338
219467
219481
219558
219657
219749
219852
219924
219938
220010
220155
220181
220221
220385
220442
220531
220566
220667
221155
221209
221423
221606
221625
221688
221921
222004
222010
222015
222018
222024
222094
222149
222162
222436
222515
222523
222559
222602
222717
222801
222948
223003
223116
223309
223465
223476
223487
223656
223704
223750
223828
223942
224039
224075
224101
224226
224299
224320
224538
224609
224694
224724
224788
224954
224974
224985
224993
225002
225034
225240
225488
225496
225609
225792
225926
226029
226052
226107
226110
226147
226312
226386
226529
226531
226604
226644
226736
226763
226777
226878
226896
226907
227164
227244
227254
227378
227563
227579
227664
227706
227889
227895
227942
228050
228209
228302
228413
228439
228444
228446
228601
228607
228722
228826
229021
229068
229187
229256
229355
229595
229694
229895
230444
230650
230938
231081
231102
231562
231670
231784
231949
231956
232034
232063
232279
232322
232327
232633
232862
232870
232938
232958
232988
232994
233064
233225
233306
233356
233452
233557
233656
233914
233928
233931
234017
234174
234181
234252
234469
234734
234874
235122
235311
235340
235470
235499
235675
235723
235872
235964
236047
236206
236375
236430
236506
236583
236615
236633
236638
236706
236952
236995
237024
237143
237308
237424
237483
237579
237584
237727
237832
237985
238016
238200
238311
238383
238515
238792
238874
238993
239126
239131
239191
239200
239209
239300
239339
239523
239802
239993
240092
240204
240305
240507
240522
240662
240747
240900
240991
241054
241073
241076
241278
241292
241620
241728
241875
242089
242406
242604
242678
242763
242886
243033
243150
243155
243382
243482
243496
243505
243568
243598
243661
243672
243704
243802
243961
244325
244382
244558
244667
244777
244813
244818
244836
245087
245203
245269
245339
245350
245543
245602
245672
245731
245873
245896
245923
245975
246065
246165
246183
246310
246455
246486
246556
246580
246674
246769
246815
247058
247138
247190
247267
247307
247461
247800
247854
247931
248100
248113
248262
248438
248530
248549
248657
248723
248767
248911
249008
249161
249165
249501
249564
249830
249931
249962
250058
250284
250411
250748
250776
250839
250886
250908
251123
251266
251387
251414
251442
251445
251648
251679
251750
251759
251906
251906
252120
252169
252176
252181
252365
252401
252510
252570
252646
252694
252952
253149
253158
253212
253409
253505
253539
253576
253756
253845
253867
253925
253985
254038
254069
254075
254281
254470
254498
254531
254919
254929
255324
255327
255369
255395
255465
255504
255866
255887
256100
256189
256196
256252
256295
256337
256541
256579
256615
256688
256782
256797
257007
257059
257300
257472
257581
257708
257818
257820
258015
258035
258073
258115
258171
258176
258192
258236
258313
258540
258540
258615
258795
259025
259172
259206
259254
259446
259448
259617
259740
259776
259890
259914
260221
260245
260611
260713
260726
260850
260867
260898
261005
261146
261246
261286
261316
261357
261448
261478
261514
261752
261847
261913
261930
261980
261995
262000
262039
262243
262470
262549
262595
262598
262655
262832
262905
262908
263066
263080
263154
263177
263484
263504
263668
263912
263972
264038
264039
264180
264245
264333
264334
264586
264697
264713
264960
264997
265030
265280
265374
265485
265761
265776
265809
265897
265912
265932
265944
266006
266021
266216
266296
266340
266361
266423
266482
266637
267071
267273
267355
267412
267428
267506
267616
267630
267640
267698
267866
268164
268204
268388
268443
268521
268591
268598
268865
268932
268956
269380
269589
269755
270256
270285
270290
270374
270470
270516
270529
270548
270615
270649
270707
270814
270875
271047
271251
271298
271304
271429
271511
271533
271722
271773
271796
271857
272073
272198
272243
272310
272346
272668
272702
272706
272980
273004
273009
273525
273730
273756
273765
273832
273843
273856
273989
274043
274063
274068
274298
274675
274718
274727
274908
275046
275189
275249
275325
275503
275678
275790
275913
276031
276152
276174
276219
276270
276298
276378
276388
276466
276612
276910
276927
276940
276969
277055
277146
277185
277204
277217
277387
277505
277517
277534
277646
277896
278175
278270
278286
278333
278511
278512
278633
278638
278660
278812
278837
278867
278894
278963
278996
279208
279229
279295
279421
279627
279698
279713
279765
279803
279837
279916
279940
279984
280030
280121
280202
280267
280605
280622
280635
280636
280640
280648
280740
280847
280911
281085
281345
281371
281379
281595
281609
281663
281967
281991
282009
282161
282280
282511
282529
282701
282883
283218
283282
283319
283356
283682
283852
283874
283897
284135
284343
284381
284387
284760
284840
284901
284976
285047
285062
285342
285348
285484
285757
285923
285925
285961
285975
286018
286303
286311
286364
286485
286495
286500
286734
286866
286887
287103
287271
287309
287316
287675
287896
288025
288036
288225
288236
288357
288422
288423
288452
288501
288574
288661
288670
288759
288766
288800
288964
288969
289036
289133
289167
289341
289480
289587
289798
289862
289911
289948
290093
290181
290216
290237
290285
290287
290304
290375
290524
290618
290766
290890
291077
291098
291173
291236
291469
291505
291606
291638
291690
291801
292072
292080
292160
292163
292287
292396
292429
292452
292552
292557
292580
292756
292937
293107
293225
293227
293463
293526
293595
293636
293651
293698
293854
293865
293944
294289
294289
294292
294334
294365
294383
294557
294873
294883
294915
295001
295141
295294
295347
295399
295556
295651
295999
296006
296025
296059
296123
296139
296166
296241
296342
296398
296438
296633
296904
296992
297005
297098
297180
297224
297449
297480
297512
297535
298000
298034
298435
298543
298595
298745
298791
299101
299195
299230
299325
299458
299483
299611
299666
299679
299886
299952
300008
300039
300057
300122
300194
300253
300318
300600
300656
300709
300739
300804
300804
301000
301084
301443
301530
301585
301661
301795
301839
301963
302004
302085
302120
302135
302214
302258
302458
302467
302489
302638
302730
302738
302747
302772
302810
302957
302961
303054
303575
303638
303707
303741
303932
303994
304024
304061
304109
304142
304334
304401
304450
304538
304584
304738
304789
304808
304872
304925
304963
304989
305186
305331
305396
305429
305440
305906
306094
306304
306312
306400
306469
306517
306552
306613
306613
306707
306957
307045
307216
307265
307273
307447
307451
307724
307794
307857
308051
308081
308302
308574
308620
308836
308859
308892
309044
309170
309338
309506
309584
309908
309967
310165
310188
310248
310258
310376
310421
310454
310471
310617
310671
310705
310743
310821
310865
310871
310889
310991
311042
311077
311218
311219
311280
311405
311527
311530
311624
311644
311755
311836
311878
311928
312058
312117
312307
312309
312445
312468
312506
312763
312912
312931
312954
313057
313140
313197
313445
313576
313586
313638
313839
313919
314183
314336
314519
314585
314704
314840
314862
314915
314933
315042
315059
315069
315094
315152
315282
315310
315327
315454
315479
315582
315676
315691
315727
315810
315897
316028
316119
316153
316180
316248
316429
316466
316494
316674
316722
316780
316860
317060
317135
317207
317393
317604
317772
317937
317951
317999
318010
318090
318278
318307
318329
318436
318498
318864
318886
318959
319085
319446
319563
319578
319744
319747
319883
320185
320518
320535
320568
320581
320587
320847
321046
321068
321101
321129
321424
321514
321598
321685
321716
321728
322063
322156
322298
322416
322431
322545
322634
322663
322696
322766
323167
323228
323332
323452
323552
323663
323728
323810
323847
323872
323976
324197
324213
324360
324507
324528
324702
324813
324898
324945
324998
325068
325134
325154
325192
325334
325479
325498
325737
326104
326106
326133
326142
326315
326394
326502
326509
326540
326560
326721
326842
326866
326968
326998
327081
327104
327459
327515
327567
327605
327625
327654
327689
327707
327758
327954
327998
328196
328259
328702
328797
328810
328834
328864
328878
328911
328987
329000
329197
329223
329286
329288
329448
329493
329620
329723
329801
330001
330048
330220
330260
330335
330436
330906
330955
331028
331191
331244
331396
331489
331599
331886
332016
332026
332212
332303
332393
332403
332449
332482
332495
332535
332622
332794
332832
333009
333041
333051
333119
333122
333180
333249
333452
333578
333687
333798
333893
334021
334295
334313
334471
334860
334937
335176
335239
335466
335478
335524
335532
335584
335722
335762
335941
335951
336048
336309
336372
336421
336616
336665
336722
336745
336751
336764
336865
337096
337158
337175
337221
337335
337486
337668
337895
337915
337952
338138
338143
338148
338198
338250
338278
338287
338331
338362
338438
338502
338529
338561
338580
338631
338827
338979
338980
339022
339164
339182
339399
339443
339578
339668
339723
339974
340015
340208
340243
340307
340324
340536
340682
340820
340853
341061
341296
341597
341659
341880
341898
342026
342125
342512
342613
342619
342660
342692
342924
342948
343142
343199
343416
343451
343477
343521
343772
343832
343873
343936
344085
344121
344122
344270
344567
344606
344631
344710
344861
345210
345236
345288
345330
345445
345525
345692
345912
345946
346193
346195
346225
346241
346314
346363
346655
346661
346727
346834
347016
347201
347319
347599
347676
347682
347986
348025
348122
348129
348220
348333
348371
348626
348735
348896
349064
349120
349160
349275
349334
349405
349537
349655
349766
350088
350318
350344
350492
350602
350647
350818
350894
350928
351516
351558
351605
352061
352248
352506
352552
352696
352747
352945
353064
353126
353203
353263
353540
353623
353711
353829
353853
353988
354099
354145
354160
354170
354275
354292
354368
354436
354452
354623
354777
354831
355024
355064
355293
355304
355458
355576
355598
355684
355826
355850
356299
356349
356441
356493
356539
356942
357120
357153
357165
357182
357369
357407
357414
357458
357470
357531
357532
357653
357699
357996
358103
358135
358410
358481
358709
358765
358779
358939
358946
359105
359139
359352
359383
359416
359446
359462
359580
359768
359912
359986
360088
360090
360116
360121
360206
360339
360360
360431
360550
360644
360687
360708
360782
360871
360999
361514
361836
362126
362244
362380
362387
362502
362531
362534
362537
362553
362592
362600
362657
362717
362814
362874
362882
363038
363058
363109
363175
363179
363186
363298
363369
363464
363506
363593
363696
363845
363875
363896
363900
363954
363965
363970
364147
364175
364484
364672
364835
364837
365059
365102
365173
365232
365255
365333
365464
365589
365618
365633
365708
365718
365787
365818
366064
366376
366525
366549
366711
366747
366824
366927
367007
367083
367161
367170
367247
367300
367440
367483
367607
367617
367658
367826
367832
367959
368058
368179
368302
368582
368679
368826
368854
369128
369172
369191
369600
369602
369657
369773
369815
369831
369872
369947
370178
370227
370241
370264
370445
370652
370780
370781
370814
370852
371144
371231
371257
371338
371345
371430
371654
371787
371951
372093
372158
372255
372338
372727
372799
372815
373007
373069
373310
373331
373386
373395
373445
373505
373579
373647
373712
373771
373786
373923
374048
374299
374335
374375
374389
374547
374774
375233
375238
375333
375380
375439
375530
375606
375608
375854
375925
375953
375970
375978
376021
376044
376149
376400
376951
377091
377173
377184
377233
377321
377387
377402
377461
377506
377530
377568
377569
377587
377607
377690
377745
377901
377940
378145
378174
378277
378380
378446
378446
378530
378550
378627
378637
378668
378672
378802
378865
378869
378879
379272
379315
379391
379397
379435
379701
379796
380056
380171
380198
380384
380508
380544
380554
380615
380679
380891
380995
381016
381050
381362
381477
381562
381607
381617
381659
381666
381830
382190
382214
382297
382306
382473
382513
382658
382803
382880
382932
382959
382973
383079
383134
383165
383223
383263
383388
383414
383420
383464
383508
383533
383747
384113
384117
384145
384155
384318
384430
384505
384516
384691
384815
384950
385065
385135
385387
385390
385483
385775
385798
385849
385854
385886
385902
386021
386049
386244
386357
386371
386470
386477
386584
386628
386629
386726
386761
386836
386941
386948
386972
387028
387186
387271
387468
387568
387606
387645
387656
387698
387771
387915
387951
388086
388106
388116
388151
388226
388340
388418
388452
388610
388693
389033
389113
389167
389424
389463
389515
389537
389560
389572
389593
389850
389860
389970
390083
390179
390319
390375
390452
390579
391430
391646
391680
391761
391825
392124
392151
392224
392328
392605
392619
392634
392689
392751
392814
392855
392891
392929
392947
392986
393357
393482
393519
393592
393626
393750
394008
394114
394193
394222
394310
394330
394383
394407
394432
394479
394698
394821
395070
395244
395286
395486
395594
395731
395740
395844
395927
396260
396292
396332
396426
396458
396527
396679
396697
396717
396806
396850
397225
397271
397280
397307
397399
397591
397676
397782
398018
398022
398112
398206
398222
398231
398319
398362
398388
398678
399032
399056
399073
399093
399337
399406
399682
399717
399812
399843
399885
399902
399915
399931
400013
400297
400315
400419
400427
400473
400692
401158
401386
401486
401577
401787
402045
402179
402222
402295
402330
402453
402611
402883
402969
402979
403663
403673
403709
403767
403946
404071
404258
404513
404574
404653
404735
404896
404984
405052
405127
405199
405218
405342
405375
405601
405616
405961
405968
406200
406414
406478
406532
406567
406610
406654
406654
406685
406707
406944
407018
407056
407160
407178
407270
407324
407374
407420
407557
407572
407696
407826
407853
407941
408139
408213
408299
408416
408575
408622
408645
408649
408660
408660
408705
408744
409023
409163
409262
409402
409527
409581
409675
409869
409900
409927
410105
410159
410163
410244
410304
410381
410559
410635
410651
410844
411011
411073
411092
411170
411185
411203
411303
411330
411330
411357
411457
411460
411584
411866
411990
412061
412087
412128
412305
412392
412427
412508
413008
413058
413122
413446
413606
413613
413805
413824
413921
413969
414117
414333
414669
414723
414738
414816
414849
414942
415028
415034
415103
415354
415519
415546
415831
415927
415981
416051
416068
416226
416351
416361
416363
416364
416376
416412
416461
416466
416470
416593
416696
416773
416917
416977
417107
417195
417465
417504
417684
417728
417762
417849
417971
418096
418316
418351
418553
418599
418780
418793
418920
418925
419049
419136
419216
419331
419388
419520
419728
419757
419871
420044
420142
420153
420240
420289
420305
420376
420387
420480
420574
420611
420740
420808
420842
420922
421227
421301
421307
421346
421496
421560
421607
421745
421825
421967
421973
421992
422048
422064
422208
422211
422230
422242
422355
422462
422854
423029
423077
423092
423160
423218
423271
423303
423318
423361
423438
423457
423579
423653
423658
423681
423740
423851
423895
423916
423953
424131
424206
424215
424323
424358
424567
424624
424781
424871
424976
425117
425132
425252
425333
425453
425485
425488
425575
425687
425791
425828
425842
425855
425889
425990
426010
426018
426178
426394
426436
426465
426622
426834
426874
426916
426954
426981
427174
427190
427194
427701
427742
427789
427840
427845
427920
427933
428059
428104
428126
428160
428322
428323
428329
428433
428636
428768
428785
428791
428996
429016
429089
429095
429240
429240
429295
429381
429394
429456
429458
429595
429722
429766
429845
429915
430026
430193
430290
430321
430641
430802
430880
431008
431164
431384
431408
431449
431543
431743
431917
432035
432167
432201
432286
432301
432413
432617
432629
432644
432663
433308
433310
433316
433598
433602
433679
433711
433744
433749
433759
433849
433905
434009
434149
434251
434531
434803
434836
434897
435057
435212
435335
435434
435499
435574
435690
436098
436203
436325
436494
436535
436573
436769
436841
437050
437073
437168
437185
437271
437273
437448
437464
437475
437541
437757
437764
437787
437793
438007
438081
438125
438414
438435
438526
438623
438627
438699
438879
438937
439115
439316
439486
439728
439751
439755
439757
439821
440041
440168
440172
440230
440303
440541
440601
440628
440726
441296
441486
441609
441687
441750
441900
441924
441959
442079
442139
442310
442337
442369
442636
442744
442878
442917
443297
443549
443832
443913
444066
444345
444400
444685
444737
444782
444896
444947
444969
444986
445023
445073
445079
445090
445094
445209
445322
445382
445484
445557
445561
445591
445609
445667
445736
445739
445821
445859
446061
446083
446143
446210
446505
446732
447110
447201
447218
447244
447268
447373
447664
447708
447712
447847
447930
448069
448070
448173
448223
448303
448452
448477
448813
449038
449152
449179
449227
449300
449393
449407
449533
449548
449844
449993
450047
450109
450457
450509
450742
450743
450762
450911
451079
451116
451150
451242
451346
451461
451595
451656
451739
451821
451857
451919
451938
452049
452051
452081
452132
452193
452290
452333
452392
452646
452728
452818
452827
453010
453029
453248
453295
453945
454113
454249
454500
454575
454610
454768
454877
454899
454921
454948
455067
455360
455460
455462
455476
455564
455573
455673
455865
455895
455907
455929
456090
456218
456231
456332
456348
456589
456707
456755
456866
457028
457064
457076
457189
457249
457322
457431
457445
457462
457769
457809
457916
458047
458217
458245
458337
458441
458450
458451
458553
458614
458630
458755
458865
458882
459003
459121
459125
459139
459211
459401
459404
459517
459610
459739
459794
459897
460076
460081
460198
460266
460336
460547
460707
460727
460822
460865
460912
460928
461436
461589
461622
461696
461734
461762
461778
461963
461985
461996
462061
462123
462367
462471
462488
462488
462491
462547
462629
462637
462727
462757
462924
462943
462998
463176
463392
463443
463487
463744
463962
464063
464270
464337
464448
464574
464614
464695
464793
464850
464863
464939
464947
465619
465649
465678
465727
465772
465812
465930
465999
466223
466226
466392
466522
466522
466649
466691
466739
467019
467105
467296
467307
467521
467531
467538
467641
467726
467728
467740
467740
467760
467765
467909
467959
468132
468262
468335
468525
468596
468619
468695
468816
468820
469004
469045
469050
469167
469177
469242
469509
469524
469542
469543
469597
469690
469744
470026
470119
470329
470400
470438
470457
470700
470860
470921
470948
471084
471127
471152
471186
471198
471247
471471
471636
471702
471708
471864
472038
472147
472187
472251
472256
472880
472999
473080
473271
473475
473495
473601
473712
473925
474073
474424
474709
474777
475041
475130
475225
475316
475385
475508
475673
475707
475879
475965
475980
475984
475994
476056
476280
476424
476604
476731
476784
477014
477133
477264
477317
477329
477416
477650
477719
477830
477889
478101
478273
478641
478865
479049
479078
479523
479540
479644
479968
480080
480223
480276
480330
480350
480386
480396
480421
480541
480831
480910
481139
481148
481219
481250
481485
481718
481802
481838
481871
481931
481957
482078
482220
482240
482416
482556
482675
482961
483006
483210
483223
483368
483371
483378
483440
483598
483614
483669
483850
484252
484293
484584
484601
484757
484787
484861
485200
485272
485361
485451
485602
485663
485740
485934
486058
486072
486273
486297
486549
486671
486826
487002
487032
487251
487418
487446
487452
487618
487656
487861
487979
488010
488042
488065
488088
488154
488163
488196
488228
488272
488397
488445
488665
488732
488732
488771
488966
489004
489340
489617
489730
489731
489773
489806
489813
490133
490182
490193
490307
490409
490610
490647
490789
490830
490919
490977
491158
491182
491308
491335
491403
491709
491853
492331
492369
492407
492501
492653
492700
492903
493071
493075
493181
493288
493833
494172
494189
494367
494427
494435
494631
494653
494694
494700
494705
494728
494743
494998
495067
495078
495127
495181
495268
495527
495670
495771
495773
495838
496166
496180
496247
496332
496335
496436
496483
496641
496684
496687
496818
496826
496881
497169
497422
497467
497633
497636
497828
497932
498020
498158
498266
498409
498423
498472
498507
498649
498780
498796
499060
499148
499205
499224
499404
499451
499460
499579
499659
499772
500110
500392
500398
500491
500495
500582
500605
500765
500766
501016
501165
501169
501234
501282
501416
501445
501456
501556
501766
501794
501829
502036
502088
502316
502386
502414
502516
502735
502773
502795
502978
503245
503275
503702
503730
503941
503981
504192
504212
504427
504430
504509
504573
504585
504589
504683
504720
504761
504834
504842
504946
505007
505049
505093
505364
505568
505634
505644
505695
505757
505954
505964
505994
506254
506453
506474
506712
506735
506821
506912
506940
506985
506999
507003
507059
507241
507570
507597
507685
507687
507768
507810
507864
508061
508448
508566
508696
508740
508749
508802
509283
509517
509832
510277
510292
510306
510325
510478
510519
510539
510636
510638
510800
510811
510888
510916
511049
511155
511294
511400
511498
511695
511726
511799
511846
511896
511952
512233
512326
512369
512400
512590
512702
512777
512786
512799
512936
513023
513051
513117
513142
513225
513280
513315
513330
513383
513528
513567
513678
513806
513859
513909
513964
514082
514137
514140
514421
514762
514778
514778
514920
514994
515025
515173
515464
515522
515845
515950
515985
516106
516226
516378
516417
516458
516533
516598
516601
516685
516820
516831
516929
516956
516990
517160
517162
517273
517324
517333
517524
517602
517611
517705
517782
517916
517979
518092
518121
518201
518227
518377
518545
518909
518984
519027
519110
519133
519239
519937
519980
519989
520017
520172
520233
520294
520323
520375
520435
520438
520459
520578
520638
520724
520760
520918
521039
521260
521340
521411
521618
521636
521784
521951
522043
522534
522701
522719
522728
522849
522866
523068
523149
523199
523252
523272
523503
523509
523556
523612
523704
523814
523893
524501
524508
524519
525075
525116
525154
525170
525199
525367
525484
525500
525746
525790
525863
525882
526113
526127
526388
526443
526709
526765
526920
526956
527119
527241
527300
527338
527543
527668
527897
528053
528133
528302
528327
528670
528743
528777
528921
529278
529469
529562
529582
530073
530098
530168
530175
530243
530343
530372
530503
530561
530671
530696
530738
530748
530773
530778
530812
530876
530945
531240
531260
531361
531395
531549
531695
531737
531857
531960
532004
532128
532225
532260
532483
532500
532566
532641
532710
533050
533377
533484
533524
533556
533631
533694
533827
533934
533941
533982
534314
534333
534681
534686
534750
535000
535036
535269
535387
535486
535701
535818
535828
535953
536040
536247
536510
536638
536668
536817
536822
536910
536978
536981
536993
537180
537183
537224
537226
537251
537299
537517
537757
537873
537901
537930
537956
537990
537995
538123
538189
538269
538430
538569
538646
538991
539065
539112
539130
539211
539240
539318
539336
539421
539424
539462
539642
539654
539955
539958
540078
540117
540124
540135
540385
540631
540722
541234
541291
541341
541564
541624
542245
542523
542893
543019
543020
543056
543058
543495
543523
543562
543688
544131
544255
544273
544441
544675
544684
544968
545020
545135
545391
545443
545500
545532
545611
545731
545798
545884
545921
546306
546420
546468
546680
546720
546742
546791
546888
546970
547051
547078
547130
547135
547279
547390
547428
547444
547554
547582
547736
547799
547810
547815
547909
548006
548201
548471
548505
548835
548856
548978
549031
549107
549258
549405
549523
549575
549711
549724
549745
549878
549947
549981
549992
550015
550137
550210
550345
550413
550610
550690
550716
550774
550904
550919
551006
551123
551180
551237
551285
551771
551824
552188
552192
552222
552300
552392
552402
552593
552594
552620
552733
552997
553043
553141
553701
553721
553760
554035
554349
554359
554373
554406
554497
554611
554670
554909
554915
555045
555157
555160
555183
555198
555454
555532
555595
555638
555660
555689
555742
555860
555958
556297
556343
556460
556829
556832
556888
556894
556921
556976
556992
557043
557744
557780
557846
557911
557983
558097
558172
558213
558498
558611
558616
558630
558685
558689
558803
558980
559184
559507
559704
559768
559781
559877
560111
560115
560161
560347
560427
560431
560504
560546
560581
560618
560641
560735
560779
560891
560905
560913
561207
561277
561313
561350
561378
561383
561432
561700
561714
561823
561823
561926
562099
562120
562136
562161
562213
562336
562359
562368
562433
562485
562535
562640
562649
562704
562862
562879
563021
563048
563063
563297
563535
563708
563710
563735
563864
563952
564016
564218
564288
564383
564393
564443
564495
564643
564965
565011
565049
565057
565166
565199
565269
565301
565485
565499
565500
565675
565705
565752
565819
565822
565888
565895
565918
565953
566523
566597
566693
566713
566724
566729
566753
566793
566890
566932
566934
567214
567365
567464
567657
567673
567683
567875
567893
568002
568176
568184
568226
568392
568471
568535
568550
568622
568650
568761
568834
568938
569224
569392
569465
569550
569576
569737
569789
570066
570108
570142
570228
570249
570326
570404
570430
570462
570503
570813
570846
570922
570939
571022
571130
571148
571167
571290
571324
571566
571959
572059
572113
572429
572462
572619
572651
572786
572958
573057
573195
573256
573260
573532
573615
573640
573696
573886
573906
574093
574102
574138
574239
574256
574325
574410
574428
574533
574543
574571
574655
574734
574940
575053
575064
575199
575232
575255
575362
575591
575601
575727
575753
575854
575995
576023
576104
576385
576416
576418
576722
576778
576819
576832
576876
576983
577124
577188
577240
577359
577372
577484
577585
577619
577653
577663
577905
577989
578307
578340
578481
578488
578509
578593
578899
579020
579109
579181
579299
579344
579588
579690
579726
579981
580162
580187
580404
580432
580626
580731
580991
581595
581765
581823
581831
581886
581920
581957
582051
582103
582148
582202
582265
582354
582426
582474
582487
582580
582642
582669
582744
582763
582765
582815
583085
583103
583267
583277
583347
583369
583398
583428
583514
583626
583690
583690
583707
583715
583862
583872
584068
584143
584289
584344
584404
584539
584591
584781
584975
585143
585154
585203
585323
585425
585540
585636
585700
585714
585869
586106
586354
586414
586477
586508
586608
586716
586727
586737
586960
587088
587175
587197
587323
587340
587834
587857
587955
587972
587975
588001
588071
588140
588222
588232
588258
588309
588325
588397
588411
588416
588422
588644
588693
588758
588843
588879
588989
589052
589388
589451
589659
589822
590125
590126
590200
590228
590299
590415
590416
591032
591129
591137
591164
591220
591420
591474
591566
591590
591611
591927
591956
591962
592010
592014
592175
592371
592500
592508
592517
592623
592679
592719
592841
592937
592956
593093
593128
593177
593254
593316
593363
593401
593473
593515
593526
593800
594253
594404
594500
594544
594629
594811
594885
595001
595065
595071
595425
595437
595453
595457
595578
595608
595641
595809
595849
595955
596062
596295
596879
596886
596975
597149
597197
597298
597301
597329
597387
597390
597419
597453
597544
597799
598086
598131
598396
598399
598732
598785
598989
599258
599318
599345
599392
599452
599490
599663
599684
599690
599721
599847
600136
600203
600262
600422
600430
600506
600689
600738
600742
600864
600901
600921
601225
601239
601298
601332
601564
601721
601876
601917
602005
602106
602248
602433
602531
602538
602577
602602
602613
602634
602642
602723
602772
602818
602847
602909
603370
603669
604127
604232
604335
604678
604726
604745
604887
604926
605304
605568
605727
605915
606041
606132
606285
606353
606428
606465
606888
606926
607002
607006
607018
607120
607198
607241
607272
607293
607439
607637
607874
607888
607960
607980
608030
608069
608219
608236
608359
608571
608592
608636
608818
608859
608878
609194
609262
609273
609297
609485
609494
609615
609913
610146
610269
610278
610392
610397
610566
610891
610961
611037
611083
611119
611261
611558
611808
612020
612064
612149
612192
612229
612258
612313
612381
612402
612522
612741
612894
612920
612981
613145
613180
613235
613313
613545
613653
613682
613793
613891
613958
614057
614136
614145
614178
614286
614362
614379
614444
614796
614923
614928
615034
615158
615313
615400
615429
615485
615532
615738
615854
615857
616000
616044
616137
616149
616229
616403
617294
617383
617681
617761
617908
617955
618125
618221
618468
618567
618602
618680
618683
618778
618903
619019
619289
619340
619439
619466
619548
619762
619786
619930
619982
619990
620012
620029
620033
620033
620179
620388
620461
620476
620595
620608
620632
621021
621066
621243
621262
621314
621349
621423
621425
621639
621688
622053
622306
622609
622632
622645
622874
622954
622960
623023
623180
623209
623260
623294
623396
623520
623551
623686
623725
623947
624097
624149
624224
624230
624260
624313
624332
624351
624438
624565
624575
624689
624826
624912
624925
624974
625052
625193
625205
625207
625293
625304
625482
625555
625676
626124
626235
626242
626436
626488
626590
627005
627033
627201
627264
627346
627482
627607
627692
627707
627778
627850
627982
628165
628243
628290
628382
628385
628694
628754
629119
629306
629337
629404
629472
629556
629624
629817
629826
629967
630204
630299
630657
630660
630788
630838
630847
630860
630923
631033
631234
631606
631666
631895
632025
632102
632256
632421
632434
632446
632519
632709
632741
632783
632806
632840
632853
632885
633095
633130
633179
633199
633293
633315
633395
633471
633548
633612
633957
634052
634087
634087
634215
634301
634429
634476
634510
634517
634546
634564
634604
634795
634944
634960
634976
635015
635092
635130
635163
635169
635293
635297
635452
635900
635953
636112
636506
636512
636579
636651
636908
636964
636975
637139
637177
637355
637471
637507
637600
637620
637803
637885
637991
638044
638150
638372
638413
638438
639340
639348
639417
639724
640160
640218
640250
640290
640347
640420
640434
640473
640510
640544
640559
640563
640593
640681
640684
640881
640917
641301
641483
641500
641517
641526
641564
641736
641763
641815
642113
642268
642294
642307
642314
642387
642400
642514
642768
642999
643062
643084
643262
643292
643334
643363
643404
643745
643874
643880
643894
643899
644005
644261
644310
644352
644430
644451
644468
644692
644786
644791
644798
644932
645475
645510
645617
645634
645704
645745
645789
645846
645941
646147
646207
646312
646365
646507
646537
646645
646720
646789
646931
647178
647186
647256
647259
647278
647560
647640
647645
647698
647730
647787
647850
647879
647881
647891
647901
647934
648029
648061
648089
648501
648612
648680
649289
649367
649448
649454
649528
649607
649635
649696
649776
649813
649888
649931
649984
650001
650095
650226
650342
650481
650593
650713
650714
650946
650956
650980
651090
651314
651420
651688
651705
651799
651868
651878
652564
652599
652656
652692
652746
652861
652933
653057
653075
653138
653228
653564
653623
653730
653793
653829
653867
653900
653945
653954
654240
654397
654615
654656
654745
654829
654853
654871
655102
655167
655215
655425
655618
655643
655695
655855
655864
655942
655948
656118
656124
656175
656212
656223
656528
656566
656608
656797
656848
656976
657070
657072
657158
657296
657362
657366
657724
657928
658009
658113
658336
658376
658420
658591
658604
658611
658848
658928
659160
659224
659341
659359
659387
659428
659603
659882
659894
659920
659948
659994
660101
660129
660182
660184
660222
660526
660630
660865
660953
660967
660970
661048
661191
661230
661244
661259
661278
661306
661368
661432
661444
661477
661487
661527
661885
661904
661906
662016
662071
662117
662227
662297
662343
662617
662706
662778
662824
662943
662986
663024
663115
663210
663228
663381
663384
663391
663440
663602
663627
663695
663902
663977
663985
664096
664183
664242
664341
664464
664717
664752
664821
664859
664928
664958
664988
665077
665269
665283
665336
665383
665547
665776
666258
666378
666580
666637
666754
666791
666808
666822
667009
667102
667126
667182
667242
667438
667790
667817
667993
668117
668321
668402
668425
668500
668545
668589
668630
668659
668755
668852
669004
669125
669214
669495
669516
669594
669672
669768
669994
670084
670122
670129
670217
670287
670516
670542
670564
670775
670868
670914
670975
671110
671204
671364
671452
671475
671494
671623
671801
672171
672237
672404
672430
672483
672593
672640
672738
673017
673021
673154
673213
673247
673262
673318
673553
673652
673903
673923
674086
674140
674181
674363
674373
674425
674598
674618
674670
674722
675066
675130
675204
675340
675394
675448
675499
675617
675778
675792
675842
675865
675890
675919
675947
676050
676189
676264
676334
676429
676485
676630
676683
676690
676760
676889
676985
677054
677119
677121
677235
677256
677267
677361
677720
677758
677768
677775
677934
677951
678331
678407
678682
678744
678773
679216
679324
679448
679669
679820
679909
679939
679982
680296
680298
680299
680363
680374
680467
680839
680859
681064
681182
681251
681613
681671
681677
681815
681963
682099
682189
682611
682614
682639
682721
682730
682916
683052
683279
683318
683325
683369
683466
683585
683683
683693
683970
684148
684169
684199
684402
684573
684690
684737
685097
685139
685207
685273
685450
685460
685482
685498
685614
685708
685811
685971
685973
686052
686243
686273
686333
686479
686777
686780
686811
686980
687240
687335
687505
687581
687664
687873
687959
687982
687988
688047
688195
688278
688291
688295
688296
688327
688428
688551
688693
688825
688852
688900
688900
689006
689122
689293
689331
689378
689431
689445
689445
689493
689521
689852
690251
690505
690518
690677
690752
690910
690951
691112
691171
691180
691452
691468
691770
691827
691846
692031
692117
692119
692242
692289
692303
692379
692409
692413
692448
692455
692500
692721
692728
692755
693007
693081
693142
693330
693372
693418
693442
693564
693688
693904
693968
694009
694375
694457
694523
694836
694902
695196
695249
695263
695448
695540
695868
696281
696409
696466
696711
696737
696766
697001
697009
697235
697267
697456
697741
697848
698016
698021
698051
698370
698386
698482
698509
698588
698645
698773
699039
699142
699204
699252
699285
699412
699512
699777
699789
699826
700070
700082
700201
700313
700324
700494
700508
700630
700745
700770
700792
700859
700874
700897
701112
701318
701403
701506
701724
701762
701875
701992
702115
702128
702241
702318
702389
702500
702607
702636
702751
702753
702784
702796
703106
703108
703240
703284
703307
703343
703493
703588
704056
704090
704114
704178
704192
704233
704313
704315
704356
704379
704623
704683
704683
704766
704876
704907
705016
705124
705201
705413
705469
705517
705708
705853
706017
706104
706114
706129
706175
706273
706467
706473
706503
706632
706655
707089
707314
707496
707848
707859
708015
708143
708258
708367
708494
708510
708563
708591
708842
709019
709113
709116
709452
709540
709634
709776
709895
709900
709911
710150
710316
710461
710494
710600
710969
711152
711171
711377
711508
711595
711597
711847
711922
711937
711958
712253
712259
712434
712444
712511
712579
712619
712818
712837
712903
712937
713029
713047
713061
713086
713132
713142
713218
713379
713429
713454
713487
713662
713708
713805
714277
714302
714504
714540
714628
714659
714814
714925
714935
715003
715043
715056
715100
715180
715296
715601
715613
715910
716003
716507
716925
717123
717228
717301
717381
717388
717426
717490
717644
717698
717709
717730
717861
717895
717933
718063
718171
718443
718448
718548
718568
718792
718834
718867
718959
719082
719298
719465
719538
719865
720075
720222
720422
720732
720817
720921
720927
720944
721009
721108
721142
721559
721748
722059
722229
722265
722319
722341
722368
722384
722414
722468
722529
722857
722975
723042
723199
723563
723566
723596
723625
723704
723761
723803
723918
723950
724118
724284
724292
724336
724383
724394
724431
724443
724511
724574
724606
724686
724897
725051
725160
725289
725314
725432
725553
725739
725768
725863
725878
725949
725951
726121
726310
726327
726391
726405
726568
726649
726743
726776
726875
727003
727079
727095
727144
727228
727238
727369
727474
727562
727582
727629
728036
728099
728103
728130
728149
728176
728203
728262
728282
728318
728415
728426
728471
728946
728975
729105
729117
729251
729283
729393
729407
729600
729620
729971
730040
730314
730315
730359
730414
730432
730438
730508
730585
730719
730745
730795
730816
730915
731045
731146
731183
731237
731261
731311
731411
731414
731742
732051
732144
732432
732475
732664
732859
732871
732917
733231
733257
733281
733421
733497
733580
733653
733668
734000
734054
734320
734458
734547
734562
734581
734631
734926
735081
735129
735131
735270
735357
735402
735663
735776
735815
735867
735935
736096
736285
736506
736727
736771
736906
736908
736911
736978
736985
737147
737163
737316
737330
737380
737438
737503
737647
737652
737668
737806
737887
738156
738616
738616
738812
738885
738916
739047
739142
739154
739234
739254
739279
739421
739489
739623
739663
739777
739912
740220
740402
740654
740745
740754
740799
740916
741094
741168
741215
741284
741297
741337
741385
741419
741435
741536
741849
742032
742095
742147
742160
742360
742424
742701
742778
742962
742966
743061
743114
743347
743363
743552
743572
743666
743667
743669
743864
743887
744027
744031
744156
744288
744393
744476
744598
744720
744817
744869
744951
745088
745091
745171
745205
745311
745351
745386
745425
746042
746045
746351
746365
746854
747006
747040
747125
747218
747443
747461
747462
747581
747592
747609
748016
748034
748051
748124
748171
748352
748460
748759
748810
748876
749170
749189
749311
749486
749569
749799
749885
749916
750130
750169
750224
750303
750443
750586
750593
750596
750762
750868
750989
751282
751301
751355
751473
751680
751862
752026
752083
752180
752260
752266
752305
752364
752535
752560
752584
752677
752678
752680
752688
752768
752795
752802
752916
752942
753018
753110
753245
753402
753408
753427
753495
753561
753866
754147
754361
754400
754525
754623
754625
754632
754706
754737
754787
754802
754927
754948
755026
755065
755302
755311
755435
755888
756023
756056
756076
756121
756145
756191
756327
756362
756731
756732
756817
756877
756879
757126
757129
757196
757305
757324
757378
757506
757532
757709
757719
757730
758022
758271
758346
758412
758489
758529
758600
758731
758758
758984
759172
759175
759182
759307
759348
759529
759586
759707
759723
759729
759749
759832
759908
759957
760526
760579
760648
760904
761283
761368
761634
761696
762143
762266
762318
762377
762568
762595
762922
763059
763070
763263
763318
763551
763581
763606
763679
763703
763838
763860
764040
764127
764169
764343
764835
764841
765368
765456
765521
765537
765677
766028
766090
766093
766122
766174
766311
766550
766582
766614
766776
766933
766953
766985
767132
767239
767282
767310
767332
767357
767422
767572
767632
767787
767818
768206
768251
768268
768451
768648
768708
768919
768978
769176
769193
769342
769424
769528
769606
769650
769785
770164
770165
770228
770399
770407
770509
770510
770554
770558
770582
770589
770624
770741
770751
770757
770759
770762
770766
770801
770914
770985
771060
771247
771291
771394
771420
771499
771603
771692
771722
771730
772022
772041
772176
772328
772586
772588
772648
772806
772902
772910
772928
772940
773051
773226
773338
773452
773470
773480
773584
773646
773684
773994
774004
774216
774335
774406
774668
774845
775151
775178
775273
775536
775609
775726
775737
775750
775923
776297
776312
776321
776374
776690
776728
776879
776892
777015
777075
777100
777112
777260
777331
777334
777353
777547
777615
777716
778173
778212
778253
778281
778321
778322
778328
778519
778891
778964
779069
779313
779405
779407
779468
779642
779689
779748
779802
779853
780064
780260
780309
780417
780420
780457
780532
780587
780650
780963
781053
781124
781342
781471
781477
781480
781670
781705
782040
782058
782107
782230
782251
782275
782355
782414
782460
782544
782603
782636
782681
782758
782911
782974
783182
783197
783245
783306
783416
783425
783488
783637
783721
783745
783838
783912
783946
783991
784201
784521
784523
785094
785108
785211
785254
785265
785499
785556
785813
785926
785946
786018
786137
786149
786158
786183
786209
786318
786395
786508
786539
786578
786623
786679
786724
786769
787025
787225
787348
787373
787591
787724
787764
787788
788012
788146
788359
788675
788750
788819
788846
788880
788936
788948
789030
789046
789084
789200
789244
789299
789311
789360
789405
789445
789455
789728
789759
789823
789907
790164
790368
790479
790517
790726
790910
790957
790966
791118
791167
791271
791290
791364
791368
791378
791398
791444
791754
791817
791861
792133
792287
792337
792339
792390
792576
792828
792872
792896
792963
793010
793023
793166
793343
793563
793607
793615
793745
793773
793913
793941
793946
793951
793971
793991
794037
794298
794363
794417
794532
794596
794685
794711
794741
794744
794854
794893
794968
795443
795619
795703
795708
795749
796214
796662
796669
796702
796742
796763
796957
797027
797074
797197
797224
797409
797517
797622
797719
797756
797770
797797
797806
797873
797892
797895
798066
798411
798413
798578
798617
798706
798857
799066
799296
799368
799874
799885
800209
800383
800411
800631
800637
800685
800792
800823
800931
801051
801064
801167
801424
801430
801431
801499
801516
801519
801596
801661
801704
801718
801758
801847
801898
801949
801970
802108
802505
802689
802807
802821
802863
802995
803029
803129
803215
803276
803348
803386
803774
803783
803892
803928
803974
804000
804062
804100
804171
804265
804523
804587
804673
804859
804879
804909
804935
805099
805117
805242
805414
805467
805505
805656
805718
805941
806019
806209
806283
806398
806434
806564
806568
806622
806623
806702
806800
806824
806978
807132
807146
807182
807264
807344
807386
807391
807478
807541
807814
807835
807885
808108
808159
808180
808248
808310
808400
808445
808679
808716
808745
808791
808946
808971
808996
809075
809111
809246
809346
809457
809505
809510
809551
809613
809645
809831
809901
809969
810057
810290
810993
811158
811328
811410
811412
811491
811518
811732
811753
811828
812261
812530
812543
812771
812811
812816
813047
813129
813252
813334
813342
813343
813597
813805
813935
814002
814129
814137
814157
814167
814278
814290
814469
814583
814812
814814
815128
815224
815261
815512
815584
815661
815668
815901
815910
816175
816276
816321
816378
816469
816573
816636
816868
817052
817087
817099
817146
817251
817290
817496
817670
817679
817707
817866
818131
818174
818659
818671
818695
818702
818751
818760
818992
818992
819036
819256
819533
819694
819836
819920
819947
819955
820292
820300
820314
820357
820548
820602
820615
820650
820761
820769
820841
821003
821062
821122
821275
821358
821596
821614
821622
821714
821775
821916
822104
822128
822164
822399
822479
822489
822551
822602
822607
822625
822682
822860
822929
822954
823047
823185
823248
823456
823546
823596
823661
823759
823767
823776
823804
823885
823955
824124
824132
824151
824375
824453
824538
824539
824568
824642
824686
824694
824707
824771
824852
824885
824968
824999
825028
825169
825238
825281
825444
825494
825731
826147
826237
826330
826363
826368
826372
826406
826419
826596
826652
826728
826790
826802
827007
827045
827189
827213
827320
827434
827447
827571
827590
827682
827711
827848
827902
828244
828346
828601
828625
828834
828861
828984
828987
829174
829270
829811
830049
830223
830301
830375
830513
830662
830701
830720
830810
830836
830903
830980
831005
831078
831241
831324
831336
831376
831401
831431
831615
831732
831872
831899
831942
831948
832015
832230
832495
832590
832628
832695
832867
832902
832941
833126
833168
833188
833276
833286
833305
833496
833514
833683
833733
833754
833851
833885
833967
834061
834206
834301
834351
834536
834852
835283
835287
835513
835726
835790
835794
836018
836062
836108
836250
836290
836359
836511
836811
836824
836949
836959
836995
837141
837288
837379
837486
837742
837753
837779
837925
837979
838079
838145
838154
838175
838502
838554
838568
838571
838595
838765
838784
838797
838806
838812
839030
839031
839092
839244
839281
839337
839337
839382
839570
839750
839774
839893
839925
840032
840278
840544
840557
840569
840846
840876
840899
840960
841005
841020
841143
841151
841242
841248
841255
841570
841626
841634
841664
841881
842085
842146
842289
842415
842436
842459
842556
842644
842681
842926
842928
842985
843019
843031
843094
843219
843304
843441
843443
843447
843700
843706
843764
843857
843903
843955
843962
844009
844095
844380
844523
844547
844778
844815
844870
844872
845048
845073
845102
845193
845206
845322
845345
845362
845466
845476
845520
845570
845630
845647
845724
845753
845854
845949
845988
846006
846175
846201
846344
846374
846426
846497
846575
846660
846683
846710
846912
847162
847219
847365
847380
847407
847490
847540
847545
847691
847824
847895
847914
847941
847984
848084
848126
848186
848203
848303
848315
848347
848415
848928
849026
849048
849055
849111
849197
849276
849354
849556
849692
849693
849770
849819
849855
849863
849919
849953
849991
850007
850162
850330
850350
850413
850435
850499
850596
850744
850761
850767
850864
850983
851164
851286
851345
851441
851519
851543
851695
851705
851725
851739
851763
851885
851900
851967
851997
852252
852363
852378
852709
852758
852883
852952
852969
853386
853453
853561
853708
853760
853895
853896
853965
854018
854075
854278
854461
854572
854580
854590
854808
854816
854932
855072
855103
855166
855173
855403
855451
855502
855557
855645
855720
856094
856237
856435
856465
856903
857072
857251
857348
857362
857403
857452
857694
857760
857767
857976
857977
857991
858042
858060
858120
858140
858185
858235
858382
858430
858601
858693
858768
858947
858981
859117
859301
859308
859324
859422
859577
859602
859706
859786
859897
860417
860472
860864
860968
861002
861053
861075
861272
861399
861402
861429
861500
861517
861554
861714
861827
861872
861892
861967
862004
862321
862395
862529
862570
862586
862708
862894
862944
863055
863132
863192
863216
863308
863309
863553
863582
863788
863828
863860
863903
863911
864171
864319
864604
864613
864881
864914
864937
864978
865281
865323
865422
865453
865528
865692
865938
865952
865981
866138
866300
866382
866526
866537
866740
867058
867073
867172
867294
867307
867339
867440
867530
867534
867713
867795
867924
867939
867970
867991
868142
868224
868359
868444
868675
868764
869135
869321
869398
869532
869737
869859
869993
870136
870190
870211
870300
870377
870396
870443
870491
870573
870597
870718
870803
871066
871069
871089
871121
871443
871607
871630
871657
871848
871888
871941
871963
872051
872307
872319
872320
872427
872482
872490
872638
872659
872661
872785
872824
872833
872856
872987
873011
873200
873236
873266
873283
873305
873456
873482
873512
873548
873726
873801
873918
874184
874220
874272
874284
874319
874624
874842
875038
875282
875405
875441
875443
875622
875694
875714
875816
875948
875957
876115
876265
876409
876414
876539
876786
876830
876848
876964
877042
877159
877175
877175
877216
877431
877434
877522
877526
877560
877710
877946
878054
878060
878093
878147
878152
878252
878361
878380
878405
878427
878755
878758
878953
879062
879069
879308
879516
879725
879878
880036
880759
880786
880883
880937
881075
881223
881261
881283
881347
881395
881569
881639
881665
881817
881844
881927
881990
881998
882029
882103
882105
882118
882215
882425
882427
882476
882517
882632
882666
882710
882736
882964
883063
883078
883376
883411
883430
883455
883499
883570
883901
883910
883935
884366
884634
884653
884698
884718
884803
884847
884855
885025
885153
885273
885288
885538
885608
885728
885751
885817
885857
885863
885871
885879
885988
886028
886076
886210
886409
886516
886716
886849
887404
887419
887440
887664
887718
887815
887849
887912
887946
888060
888077
888123
888257
888357
888411
888474
888574
888649
888665
888695
888853
888984
889027
889066
889270
889404
889567
889599
889724
889964
890059
890080
890125
890167
890170
890175
890323
890368
890422
890454
890533
890576
890648
890789
890960
890975
890981
891019
891173
891198
891350
891494
891509
891530
891620
891660
891666
891842
891920
891951
892037
892117
892167
892382
892620
892719
892800
892816
892916
893054
893086
893341
893499
893588
893713
893762
893865
894049
894114
894232
894325
894332
894436
894456
894555
894655
894709
894749
894789
894809
894885
895120
895329
895382
895397
895448
895802
895868
895947
895981
895986
895993
896280
896361
896395
896416
896457
896528
896657
896665
896809
896899
896902
896972
896985
897127
897265
897277
897291
897294
897355
897384
897403
897478
897541
897728
897805
898028
898083
898224
898327
898334
898369
898466
898509
898753
899080
899342
899347
899393
899492
899513
899551
899552
899578
899698
899786
899878
900243
900249
900277
900374
900414
900543
900572
900577
900682
900717
900750
900767
900770
900820
900863
900864
901176
901183
901412
901420
901474
901490
901564
901630
901680
901721
901857
902008
902158
902246
902302
902330
902352
902354
902425
902540
902722
902738
902752
902793
903155
903250
903410
903547
903753
903819
903825
904266
904293
904331
904360
904517
904518
904587
904615
904641
904763
904771
904868
905249
905362
905385
905387
905395
905522
905662
905761
905992
906021
906098
906109
906162
906164
906313
906353
906499
906558
906582
906685
907256
907285
907504
907629
907672
907824
908025
908129
908330
908343
908502
908578
908626
908657
908675
909063
909252
909340
909725
909754
909786
909820
909875
909948
910060
910078
910141
910272
910280
910311
910331
910364
910510
910518
910546
910613
910627
910679
910848
910860
911038
911123
911167
911218
911319
911355
912107
912367
912458
912661
912764
912873
912911
912915
912992
913127
913181
913452
913770
913853
913951
914024
914077
914175
914228
914291
914343
914378
914529
914609
914659
914806
915342
915429
915463
915543
915662
915689
915906
916239
916317
916506
916515
916814
916985
917103
917175
917367
917544
917651
917663
917769
918068
918072
918147
918540
918830
918869
919035
919241
919369
919539
919584
919818
919858
919956
919968
919981
920109
920123
920208
920312
920319
920419
920550
920562
920732
920745
920880
920960
921101
921186
921256
921258
921433
921454
921598
921732
921818
921856
921897
922291
922458
922649
922715
922802
922815
922883
923306
923379
923464
923490
923644
923732
923952
924177
924195
924535
924561
924629
924878
924898
924916
924941
924954
925035
925204
925297
925303
925438
925576
925641
925794
925854
925861
925872
926048
926077
926140
926321
926347
926401
926408
926634
926663
926758
926769
926775
926937
927135
927340
927532
927820
927930
928138
928197
928220
928404
928437
928465
928491
928509
928513
928529
928583
928605
928763
928794
928871
928917
929060
929143
929375
929406
929508
929708
929847
929954
930149
930302
930393
930548
930587
930590
930721
930776
931212
931214
931305
931328
931399
931426
931467
931614
931761
931801
931874
931955
932229
932464
932468
932640
932688
932788
932880
932930
932931
933125
933163
933300
933326
933373
933492
933570
933580
933592
933627
933747
933879
934269
934356
934464
934579
934625
934731
934796
934829
934859
934945
934972
935083
935120
935179
935262
935490
935497
935512
935523
935582
935850
936001
936034
936077
936087
936159
936252
936413
936516
936592
936693
936698
936776
936931
936947
937142
937147
937232
937235
937252
937287
937404
937470
937545
937865
937917
937954
937957
938398
938459
938575
938832
939250
939252
939281
939470
939508
939515
939564
940122
940130
940172
940477
940950
941037
941111
941150
941171
941173
941207
941285
941296
941473
941933
942063
942112
942740
942863
943046
943050
943347
943468
943468
943499
943531
943556
943639
943734
943988
944006
944098
944354
944356
944394
944463
944499
944511
944744
944870
944881
944990
945122
945156
945322
945390
945452
945608
945708
945821
945925
946028
946151
946318
946354
946668
946692
946785
946799
946807
946826
946924
947085
947089
947148
947207
947402
947497
947874
948020
948158
948263
948371
948374
948401
948420
948566
948776
948780
949152
949165
949280
949309
949378
949398
949404
949423
949456
949546
949603
949615
949664
949806
950025
950259
950305
950419
950453
950504
950533
950828
950878
950982
951049
951058
951315
951445
951672
951711
951743
951974
952075
952079
952114
952160
952559
952653
952683
952815
953013
953040
953168
953205
953220
953291
953291
953426
953817
953844
953849
953959
954113
954182
954323
954438
954455
954814
954972
954996
955035
955110
955418
955579
955742
955746
955824
955843
955874
955998
956056
956102
956215
956350
956369
956629
956857
956864
957014
957128
957192
957206
957207
957245
957285
957351
957369
957507
957941
958080
958161
958636
958641
958832
959285
959294
959377
959403
959471
959481
959603
959791
959812
959849
960010
960182
960397
960408
960538
960601
960604
960623
960724
960742
960912
961010
961070
961256
961264
961382
961404
961412
961594
961623
961735
961909
962072
962163
962308
962334
962457
962786
962796
962864
962871
962913
963060
963113
963191
963272
963326
963421
963771
964014
964287
964314
964343
964400
964408
964624
964652
964664
964824
964866
965086
965102
965203
965208
965306
965460
965821
965863
965913
966071
966105
966382
966526
966585
966603
966610
966611
966624
966693
966782
966790
967170
967186
967391
967479
967512
967533
967547
967670
967982
968262
968285
968367
968526
968563
968763
968770
969071
969273
969432
969534
969542
969550
969588
969602
969906
970005
970016
970130
970216
970269
970416
970551
970685
970706
970932
970981
971046
971059
971384
971440
971545
971626
971644
971712
971842
971845
971954
971997
972004
972050
972281
972447
972675
972944
972949
973212
973224
973289
973460
973465
973478
973482
973495
973518
973741
973875
973915
974078
974153
974184
974190
974214
974552
974794
974938
974981
975032
975049
975348
975520
975608
975655
975771
975865
976242
976255
976294
976299
976431
976445
976511
976681
976763
976833
976929
976977
976983
977062
977069
977075
977079
977092
977139
977152
977157
977172
977257
977341
977389
977445
977485
977538
977717
977734
977747
978152
978256
978347
978515
978554
978618
978993
979127
979302
979305
979450
979491
979641
979660
979757
980076
980157
980417
980508
980512
980523
980551
980566
980683
980739
980746
980757
980962
980988
980990
981415
981423
981430
981492
981727
982002
982079
982220
982303
982351
982436
982765
982809
982957
983055
983247
983275
983608
983808
983865
983900
984057
984113
984200
984277
984394
984445
984464
984631
984724
984870
984963
985138
985167
985183
985289
985311
985413
985674
985957
986165
986190
986260
986488
986510
986552
986614
986662
986676
986687
986707
986830
986927
986963
987036
987071
987139
987347
987452
987582
987588
987879
987969
988016
988144
988281
988284
988584
988777
988940
988953
989267
989303
989510
989629
989714
989754
989807
989838
989845
989890
989984
990057
990384
990579
990593
990747
990830
990904
990912
990935
991137
991160
991214
991384
991462
991593
991596
991706
991799
991809
991878
992046
992101
992125
992265
992267
992301
992320
992331
992806
992873
993132
993137
993250
993404
993425
993478
993498
993613
993618
993876
994147
994319
994593
994614
994681
994727
994821
994893
994988
995067
995096
995104
995129
995149
995153
995162
995386
995394
995403
995457
995501
995679
995833
995953
995973
996115
996350
996522
996638
996647
996656
996658
996672
996759
996823
997101
997138
997249
997324
997661
997691
997738
997933
998037
998062
998066
998279
998327
998341
998620
998774
998951
999108
999152
999175
999176
999204
999270
999385
999462
999483
999483
999603
999613
999665
999691
999800
999829
999844
999923
999962
