1000
366
1127
3721
4073
4114
7894
8120
8207
8478
8501
11156
12398
14516
14890
16000
17096
17481
17567
18426
21427
21432
21491
22011
22528
22637
24193
25628
26086
26322
28126
29429
31290
31716
32054
33439
34304
37666
40315
43601
44207
44557
45604
46695
47924
48122
48545
49118
50173
51467
51719
52159
53066
53330
53997
54235
54456
54803
54847
55682
55899
55904
56884
56934
57815
58175
60379
61061
62146
62300
63132
63851
64469
66283
68075
68884
68947
73633
74199
74862
76939
80411
82342
83920
85900
89348
89871
90720
92663
98366
100135
100354
101652
103649
103725
103991
106870
107648
107662
109820
110112
113301
113997
114049
114318
115137
115642
116855
119384
120879
122408
122511
122567
123741
126573
126977
128035
129090
129707
130346
130587
131153
132434
133300
134552
134760
135731
136595
137785
143455
145923
148331
148478
152998
153868
154018
155521
155803
155946
156484
158174
159685
160138
161054
163893
165875
166991
167315
168737
169209
169682
171152
171343
171863
172808
173488
174113
177822
180442
180706
182295
183670
184764
185181
186681
187144
187444
187557
188114
189347
191398
191581
192090
194517
194889
200575
200642
201831
201858
204199
204751
204757
205161
205295
205782
205827
206453
206622
209441
212433
213087
213704
215400
215488
217779
219006
220713
223258
224284
225450
225854
226340
226838
227004
227040
229058
230159
233607
233624
233660
234116
234932
238080
239223
239805
240691
241450
242155
242779
242869
243290
243809
244167
244631
245290
247265
247765
248737
249492
249641
252742
252783
253273
253374
253492
254691
254909
257727
257804
258193
259014
259559
259976
262249
263464
265901
266267
266630
269900
270202
270892
273383
273681
274417
274935
276884
278348
280001
282131
283647
283749
284439
284469
284987
285285
288875
290315
290531
291329
292687
293587
296419
299252
299455
301185
302070
302321
303168
303219
304230
304316
304459
304601
304642
305160
305620
306396
306722
307565
309035
310181
313584
313714
315429
316631
317984
318110
318757
319091
319898
320238
322466
323039
323933
325837
326724
326847
329976
332374
333365
334083
334349
336176
336275
336300
336394
337674
337929
338104
338909
341983
343114
345565
346660
346729
347761
349984
350951
353283
353703
353854
354386
354862
356341
358700
359105
359530
360082
360456
362613
364134
365568
366535
368557
369711
369943
371704
372659
372803
373830
374095
374387
374439
374842
375700
376524
378965
379717
380123
380156
380720
381012
381828
382456
383493
383567
385547
386738
387216
387528
387986
389461
390523
391965
393235
395125
395901
399742
400551
403025
403381
406045
406377
407244
407251
408153
410493
410738
410989
413474
413803
415635
415928
417498
418638
418757
419328
419535
419939
420442
421607
422914
422997
424037
424949
425760
426472
427296
427953
433235
435284
436123
437235
437941
440078
440096
440139
440896
441069
442027
443354
443766
444565
444856
444897
445373
447826
448056
449071
449745
453170
454078
454262
454412
457248
459986
460051
461315
461360
463312
464694
465462
468995
469950
471273
473290
473385
473421
474418
474609
475690
476443
476674
478350
479035
479835
479902
480107
480116
480363
480429
482768
483040
484652
485361
488373
489084
490087
490194
491674
491810
494289
495697
496659
496988
497269
497382
498732
499422
499666
500191
500301
500904
500982
501606
503974
505788
506409
507358
507374
507720
508203
510854
511262
512128
512271
513277
515104
516554
516786
516982
518920
521451
521583
522844
523042
523678
523903
524296
524306
526764
527165
527564
528241
529468
530052
530856
531397
531510
531556
532347
533299
533303
533609
535958
537083
537229
537561
537579
539040
539364
544314
544522
544993
545260
547751
548372
548704
548961
549647
550038
550366
552354
552914
553281
553545
553590
554822
556654
558926
559347
559949
564588
564881
567562
567592
568106
568191
568641
568669
568892
570219
570443
570809
571014
571728
573278
575760
576306
576433
577770
581105
581285
583154
583610
584884
585613
588253
591223
592728
594148
594168
594649
594653
595229
596645
599923
601001
603075
610449
611484
612225
613109
614045
614754
615642
615749
618085
618231
621780
621976
624471
625294
626506
627544
628184
628731
631268
632315
633488
637657
637737
639184
639796
639816
642714
643566
644567
644772
645146
646677
647477
650407
651760
652044
652616
653309
655853
655979
657884
658622
659536
660169
662004
662401
662587
663194
663250
664854
665468
665952
670232
671793
672678
672692
673196
673576
673771
673899
674431
674500
675291
675675
676084
676110
678718
679782
680131
680668
680874
681534
681955
682082
684011
684516
684655
685493
685780
687219
687564
687793
687967
691193
691796
692641
693061
695380
697216
698838
699590
700420
701817
703596
703686
704988
705725
706086
706652
707433
709094
710111
710113
710878
711394
713330
713784
714614
714963
715215
716848
717982
719193
719365
719540
721716
723182
723380
724342
724504
726254
727951
728274
728732
730441
733633
735324
736065
738196
738438
738463
739830
743726
745377
745679
747623
747836
748533
750663
751179
751236
751315
754468
754982
755681
755924
755971
756127
757470
757999
758107
758274
758801
759318
759997
761707
762454
763440
763558
764527
764795
765016
765394
766641
766909
768411
769435
774464
775723
776444
778784
779997
781343
782108
782422
782949
783402
785000
785973
786898
787237
790320
791832
793277
793726
794492
798133
798215
799329
800253
801943
802487
804018
804619
804643
805934
807450
807947
807973
808810
809342
809406
809731
810009
810045
810145
810443
810582
811753
811923
812980
813054
814376
814532
815617
815825
818085
818201
820624
821580
822615
822820
824964
826058
826381
827684
830314
832072
832892
833025
834031
834511
835102
835208
835916
836450
837117
837899
839118
839973
840623
842354
842976
845890
847421
848279
848433
848895
849652
850799
852785
854495
854726
855186
855455
856389
859210
859351
861091
861182
861871
863040
864902
868256
868781
869313
870185
870418
871055
871210
872180
872438
873099
873322
874488
875497
875514
876823
878275
879534
880061
882345
882433
883323
884104
884175
886087
887465
887941
889720
894486
895152
895481
895555
895818
896238
896437
896598
898492
898570
899243
899700
900134
900996
901650
901704
902816
904137
904737
905079
907201
907761
908121
911740
912021
913285
913384
913457
913924
914050
914136
914772
916099
919111
920616
922157
923560
923977
925955
926383
928011
929497
929606
929759
930392
930538
930631
933367
933533
935450
935649
935929
936696
937666
939955
940541
941346
943028
943054
943085
944156
944462
945832
949813
950417
951076
951278
952653
953278
957373
959394
959633
960492
961698
961961
963445
963632
963707
964132
964547
964677
966010
966577
966804
967462
967839
968926
969088
969180
969883
970170
971314
971363
971614
972447
972977
973340
975300
975948
977170
977547
981517
981857
982424
982955
983580
984314
985601
987899
989896
991356
992046
992762
993339
993938
994344
994468
996516
996726
997113
998786
999133
