10000
999952
999952
999920
999903
999683
999591
999384
999276
999152
998902
998881
998771
998453
998313
998099
998080
998029
997912
997729
997682
997584
997519
997491
997475
997417
997330
997303
997294
997199
997157
997013
996981
996960
996845
996826
996676
996634
996424
996105
996005
995913
995571
995408
995397
995266
995229
995226
995123
995013
994875
994624
994535
994429
994390
994347
994141
994140
994103
993931
993843
993827
993801
993774
993433
993431
993370
992760
992711
992666
992482
992332
992315
992292
992211
992147
992146
992010
991732
991708
991706
991404
991189
991074
991022
990725
990467
990448
990438
990420
990387
990315
990314
990102
989809
989751
989677
989497
989434
989283
989179
989097
989059
988925
988762
988729
988567
988455
988404
988370
988286
988241
988104
987827
987791
987726
987635
987620
987392
987378
987180
986913
986885
986806
986711
986645
986586
986581
986504
986459
986429
986344
986329
986225
986224
986070
985912
985870
985846
985599
985573
985451
985211
984984
984547
984521
984497
984486
984472
984366
983974
983764
983729
983460
983431
983409
983302
983100
983070
982990
982792
982700
982570
982508
982304
982127
982047
981840
981556
981525
981459
981414
981380
981297
981259
981204
981147
981046
980933
980788
980747
980737
980701
980597
980381
980167
980160
980117
979916
979908
979802
979798
979796
979528
979457
979299
979298
979226
979145
979003
978952
978661
978494
978411
978386
978305
978094
977970
977878
977781
977451
977156
977130
977095
976845
976766
976760
976691
976293
976032
976031
975887
975776
975664
975604
975587
975542
975538
975491
975357
975138
975049
975046
974928
974901
974876
974146
974019
973921
973794
973785
973749
973685
973573
973540
973488
973405
973354
973105
972910
972903
972704
972439
972357
972224
972137
971807
971685
971582
971571
971472
971173
971063
971028
971019
970999
970926
970716
970697
970640
970588
970310
970158
970136
970096
970001
969963
969849
969780
969749
969700
969520
969231
969016
969004
968920
968728
968575
968526
968199
967762
967745
967743
967643
967609
967573
967516
967278
967273
967265
967228
967178
967144
967017
966949
966928
966883
966830
966730
966525
966517
966404
966391
966235
966195
966192
966130
966029
965880
965856
965856
965829
965770
965764
965745
965732
965648
965568
965542
965501
965387
965222
965106
965092
965011
964888
964716
964563
964400
964192
964179
964021
963924
963834
963713
963642
963540
963453
963426
963330
963321
963159
962981
962957
962856
962765
962584
962478
962112
962001
961995
961903
961856
961811
961723
961669
961618
961574
961550
961369
961338
961316
961174
961173
960868
960854
960824
960739
960557
960508
960163
959826
959782
959662
959510
959378
958897
958855
958799
958402
958381
958366
958272
958266
958243
958229
958210
958048
958036
957804
957714
957666
957649
957639
957606
957462
957415
957341
957321
957099
957081
956954
956861
956787
956719
956479
956472
956363
956279
956034
956032
955952
955688
955669
955636
955610
955595
955431
955412
955202
955129
955122
955065
955055
954995
954835
954795
954743
954692
954675
954328
954297
953987
953973
953907
953839
953756
953634
953629
953573
953341
953336
953282
953265
953052
953026
953007
952954
952877
952811
952377
952335
952157
952117
952078
952056
951982
951968
951963
951905
951837
951785
951624
951584
951542
951158
951052
950941
950811
950557
950496
950332
950259
950244
949991
949938
949816
949791
949646
949609
949558
949409
949301
949277
949135
949077
948916
948900
948838
948830
948757
948424
948404
948301
947988
947965
947932
947796
947727
947675
947673
947223
946937
946808
946745
946703
946697
946509
945720
945714
945556
945233
945187
945108
944935
944833
944643
944409
944360
944081
944058
944056
944019
944000
943885
943542
943396
943223
943123
943023
942887
942855
942833
942676
942624
942401
942358
942252
942213
942202
942197
942157
942037
941988
941965
941953
941941
941334
941307
941249
941236
941204
940998
940896
940881
940823
940712
940589
940522
940419
940412
940362
940316
940146
940057
939974
939964
939906
939640
939639
939393
939385
939266
939043
938932
938880
938805
938547
938512
938424
938265
938237
938236
938225
938171
937972
937726
937414
937335
937287
937196
937142
937044
936958
936806
936568
936339
936324
935937
935927
935925
935750
935644
935633
935509
935441
935231
935146
934937
934926
934916
934582
934392
933841
933735
933562
933529
933300
933278
932941
932932
932909
932887
932660
932559
932523
932422
932139
932093
931872
931852
931742
931692
931411
931398
931391
931380
931353
931307
931286
931229
931139
931068
931033
931010
930971
930877
930794
930789
930749
930649
930369
930342
930167
930065
929970
929962
929940
929878
929339
929333
929213
929112
928761
928579
928469
928398
928111
927991
927782
927761
927634
927534
927494
927440
927391
927371
927299
927290
927231
927044
926982
926870
926800
926712
926431
926023
925867
925783
925771
925714
925692
925666
925579
925578
925523
925378
925376
925274
925238
925214
925193
925106
925015
924929
924927
924738
924658
924518
924516
924370
924346
924207
924170
923815
923720
923533
923381
923324
923044
923010
922996
922931
922780
922614
922612
922611
922520
922478
922393
922342
922055
922024
921624
921379
921200
921191
920939
920688
920606
920426
920185
920091
919931
919877
919815
919771
919766
919755
919683
919591
919502
919501
919451
919337
919322
919232
919190
919123
919071
919050
918945
918884
918852
918775
918763
918708
918302
918235
918176
917980
917973
917831
917805
917681
917562
917536
917289
917274
917225
917207
916859
916741
916565
916507
916425
916345
916343
916334
915996
915996
915756
915717
915669
915507
915498
915429
915374
915336
915196
915073
914714
914626
914545
914426
914182
914133
914118
913657
913630
913415
913389
913216
913132
912942
912920
912825
912772
912756
912744
912599
912593
912477
912266
912008
911992
911871
911808
911756
911753
911750
911700
911507
911328
911290
911169
911039
910875
910817
910788
910733
910726
910520
910249
910029
909983
909770
909555
909507
909365
909222
909146
909146
909138
909042
908871
908870
908824
908660
908644
908584
908581
908559
908216
908189
908029
907979
907762
907459
907404
907361
907350
907337
907166
907118
907021
906903
906756
906566
906550
906547
906492
906190
906164
906013
905935
905927
905783
905746
905629
905624
905577
905538
905494
905419
905415
905319
905203
905008
904884
904727
904715
904642
904592
904362
904234
904134
903975
903951
903928
903881
903852
903739
903508
903398
903214
903027
902941
902832
902691
902431
902177
902135
902003
901944
901888
901810
901666
901494
901443
901436
901358
901128
901087
900941
900871
900866
900790
900778
900647
900534
900491
900094
900077
899855
899747
899505
899484
899266
899211
899086
898836
898781
898772
898715
898175
897976
897964
897867
897792
897529
897038
896830
896747
896680
896634
896511
896493
896489
896483
896308
896240
896239
896226
895991
895961
895900
895865
895400
895300
895132
895078
894993
894599
894478
894365
894319
894243
894242
894236
894204
893805
893340
893220
893199
893130
893025
892888
892783
892669
892655
892644
892578
892520
892405
892226
892148
892142
892138
891850
891786
891664
891464
891274
890999
890965
890856
890844
890785
890629
890561
890498
890487
890339
890320
890203
890113
890060
889915
889782
889751
889716
889640
889582
889246
889240
888951
888847
888773
888754
888697
888670
887995
887971
887607
887516
887467
887413
887403
887365
887119
887028
886902
886814
886750
886616
886431
886363
886301
886228
886226
886051
886015
885972
885904
885875
885745
885724
885701
885690
885650
885649
885584
885529
885490
885270
885270
885213
885187
885063
884567
884428
884322
883974
883854
883579
883475
883340
883194
883181
883131
883050
882990
882831
882175
881892
881832
881792
881710
881692
881621
881531
881356
881337
881272
881120
880930
880758
880463
880436
880353
880298
880250
880118
879878
879834
879817
879765
879763
879679
879674
879641
879586
879386
879362
879279
879140
879061
878682
878604
877937
877907
877901
877697
877566
877441
877276
877234
877191
877090
877057
877050
877041
877014
876822
876569
876485
876315
876003
875961
875944
875898
875871
875853
875700
875587
875489
875204
875136
875048
874929
874672
874624
874568
874315
874231
874155
874146
873955
873925
873808
873740
873570
873488
873385
873162
872981
872640
872222
872206
872036
872027
871932
871873
871817
871591
871582
871579
871534
871386
871376
871273
871227
871107
871083
870846
870614
870540
870458
870413
870243
870108
870103
870075
869949
869911
869809
869360
869294
868908
868589
868488
868393
868291
867700
867431
867410
867400
867375
867368
867358
867281
867240
867162
867073
866688
866592
866460
866308
866194
865793
865769
865700
865535
865349
865321
865284
865157
865150
865052
864930
864828
864742
864724
864646
864565
864447
864363
864238
864136
864119
864073
864012
863742
863466
863296
863242
863213
863118
863059
863041
863028
862938
862788
862712
862542
862292
862163
862053
862000
861988
861873
861572
861534
861340
861156
861115
861080
861032
860790
860729
860727
860723
860650
860384
860301
860263
860251
860079
860059
859932
859873
859813
859798
859764
859727
859689
859568
859450
859288
859219
859215
859174
859082
858931
858887
858847
858661
858577
858549
858467
858130
857720
857553
857538
857306
857300
857277
857274
857232
857046
857006
856753
856479
856451
856389
856384
856374
856332
856318
856224
856215
856133
855906
855878
855841
855792
855781
855777
855600
855546
855423
855405
855354
855275
855183
855158
854915
854869
854680
854637
854548
854363
854350
854212
854087
853881
853880
853812
853718
853643
853620
853528
853372
853275
853203
853151
853088
852970
852846
852753
852438
852361
852349
852348
852306
852295
852289
852234
852126
852070
852044
852024
851708
851542
851493
851491
851350
851260
851214
851208
850945
850867
850716
850371
850051
849953
849685
849681
849577
849499
849421
849385
849377
849257
849106
849043
849010
848800
848784
848735
848645
848625
848401
848392
848375
848357
848297
848271
848109
848070
847760
847734
847571
847510
847468
847442
847369
847262
847241
847163
847154
846944
846938
846874
846835
846730
846728
846674
846570
846437
846350
846081
846079
846040
846022
846001
845888
845856
845834
845736
845447
845254
845247
845204
845092
845079
845031
844962
844762
844709
844514
844372
844277
844276
844169
844094
843629
843506
843393
843046
842626
842565
842493
842383
842380
842365
842272
841930
841874
841823
841735
841715
841636
841407
841406
841298
841190
841164
841151
840958
840626
840593
840593
840581
840434
840324
840057
839968
839930
839752
839713
839616
839483
839467
839464
839454
839282
839249
839112
839093
838922
838862
838602
838416
838405
838227
838131
838085
838067
838005
837875
837838
837834
837819
837790
837487
837462
837413
837048
836921
836904
836741
836450
836390
836113
836031
835862
835670
835564
835532
835498
835443
835084
835029
834884
834858
834807
834695
834565
834482
834385
834160
834065
834056
833972
833871
833779
833775
833741
833678
833574
833483
833445
833418
833361
833306
833283
833171
833110
832925
832913
832792
832758
832671
832656
832655
832524
832197
832105
832027
831972
831954
831830
831776
831657
831604
831570
831180
831153
831083
830992
830780
830709
830692
830468
830461
830355
830324
830176
830101
830075
829849
829837
829816
829723
829707
829633
829535
829500
829493
829493
829480
829114
829086
828921
828863
828665
828637
828613
828539
828508
828254
827719
827561
827483
827242
827123
827119
826929
826256
826240
825735
825716
825483
825465
825435
825260
825084
825026
825005
824842
824256
824250
824224
824172
824127
824120
824109
823757
823756
823721
823657
823555
823437
823157
823125
822926
822676
822457
822420
822291
822285
821819
821810
821783
821561
821552
821456
821285
821238
821225
820938
820794
820606
820588
820582
820391
820329
820284
819944
819943
819685
818996
818983
818746
818694
818692
818525
818203
818076
818072
817757
817733
817547
817267
817232
817158
817038
816907
816872
816827
816826
816664
816651
816486
816293
816072
816026
816009
815883
815737
815683
815595
815542
815417
815373
815356
815323
815286
815189
815142
815104
815059
815035
814890
814872
814852
814790
814608
814593
814534
814493
814448
814446
814385
814374
814368
814326
814255
814107
813922
813900
813831
813452
813343
813134
813103
813103
813084
812863
812847
812814
812797
812675
812644
812424
812421
812384
812270
812229
812196
812122
812116
811762
811710
811707
811683
811455
811382
811245
810935
810767
810684
810641
810390
810369
810329
810196
810128
810122
809986
809971
809812
809733
809678
809599
809488
809406
809376
809186
809098
808914
808827
808821
808752
808685
808630
808528
808344
807996
807910
807910
807849
807828
807745
807618
807614
807586
807462
807175
806961
806952
806911
806828
806792
806782
806704
806555
806360
806174
805880
805789
805673
805603
805555
805310
805104
804967
804738
804723
804476
804425
804382
804363
803844
803643
803627
803618
803508
803434
803121
802994
802974
802971
802949
802590
802527
802493
802264
802219
801895
801876
801838
801808
801744
801740
801398
801338
801259
801241
801007
800931
800833
800626
800567
800557
800528
800372
800326
800263
800244
800222
800145
800072
799930
799823
799758
799745
799602
799239
799213
799196
799174
799009
798920
798805
798689
798666
798578
798373
798356
798220
798066
798035
798010
797970
797953
797821
797800
797688
797556
797294
797278
797218
797092
797091
796967
796966
796856
796712
796682
796662
796550
796480
796449
796311
796234
796195
796126
796090
795941
795869
795756
795740
795733
795474
795234
795232
795154
794938
794795
794546
794418
794265
794231
794162
794158
794067
793868
793789
793696
793526
793312
793254
793225
793067
793022
792969
792944
792936
792898
792865
792849
792793
792745
792717
792701
792554
792509
792415
792351
792330
792329
792185
792143
792084
792072
792049
792041
792028
791927
791800
791711
791698
791687
791617
791445
791377
791376
791258
790923
790780
790775
790718
790715
790665
790322
790238
790163
789971
789882
789880
789668
789667
789637
789505
789343
789295
788915
788835
788272
788257
788073
787978
787711
787365
787265
787250
787237
787080
786991
786911
786834
786832
786781
786611
786182
786164
786062
786039
786027
786006
785880
785817
785813
785501
785355
785336
785314
785301
785236
785233
785143
784848
784769
784749
784579
784523
784439
784403
784027
783977
783877
783817
783790
783607
783425
783343
782922
782866
782789
782717
782701
782686
782605
782601
782587
782546
782496
782375
782138
782080
781866
781785
781755
781563
781449
781394
781335
781205
781092
780833
780767
780597
780538
780347
780208
780113
780064
780063
779987
779843
779633
779616
779594
779540
779459
779415
779392
779094
779054
778891
778750
778677
778428
778346
778278
778191
778119
777912
777866
777729
777595
777460
777367
777335
777320
777144
776970
776930
776804
776757
776695
776625
776514
776423
776412
775968
775909
775891
775844
775746
775730
775670
775668
775618
775467
775399
775269
775211
775156
775103
774519
774480
774291
774273
773981
773979
773957
773928
773848
773845
773706
773633
773619
773504
773504
773433
773370
773337
773274
773184
773052
772845
772830
772610
772607
772534
772486
772470
772198
772048
771999
771917
771787
771776
771706
771697
771683
771663
771629
771489
771462
771329
771307
771039
771031
770984
770745
770664
770474
770227
770223
770064
769969
769935
769867
769807
769739
769689
769627
769598
769535
769452
769387
769346
769331
769308
769218
769163
769162
769129
768940
768926
768917
768857
768558
768509
768432
768238
768236
767971
767942
767933
767799
767739
767702
767572
767487
767287
767062
766938
766931
766910
766854
766791
766732
766588
766522
766512
766120
766000
765833
765789
765473
765421
765244
764994
764893
764769
764662
764653
764634
764614
764567
764509
764475
764392
763981
763976
763836
763831
763711
763524
763507
763452
763294
763241
763001
762917
762869
762814
762780
762765
762627
762443
762380
762368
762151
762039
761982
761960
761944
761880
761858
761777
761750
761729
761660
761468
761416
761403
761200
761001
760875
760750
760707
760436
760185
760177
760145
760089
760049
760014
759763
759730
759647
759503
759408
759393
759355
759257
759176
759149
759093
759021
759019
758965
758900
758768
758185
758081
757927
757650
757464
757210
757083
756976
756885
756836
756743
756681
756619
756589
756384
756068
755863
755863
755768
755579
755572
755161
755146
755078
754980
754841
754719
754563
754549
754484
754340
753863
753650
753649
753570
753506
752947
752774
752733
752627
752623
752500
752482
752317
752096
751954
751651
751546
751286
751251
751238
751235
751015
750974
750957
750920
750876
750850
750721
750590
750152
750138
750086
750035
750033
749881
749836
749712
749531
749417
749165
749155
749142
749067
749037
748973
748922
748582
748580
748528
748480
748364
748176
748114
748028
747968
747710
747558
747531
747496
747449
747435
747408
747258
746735
746713
746697
746585
746321
746124
746046
745997
745982
745827
745622
745587
745555
745420
745384
745353
745313
745233
745200
745052
744963
744844
744827
744757
744666
744563
744552
744503
744497
744399
744336
744332
744260
744059
743806
743620
743532
743450
743441
743315
743306
743306
743264
743070
743068
743013
742774
742773
742644
742567
742537
742456
742362
742328
742325
742319
742265
742088
741971
741649
741486
741352
741052
740884
740871
740865
740735
740542
740477
740475
740445
740164
740073
740038
739934
739844
739562
739461
739337
739249
739223
739137
739096
739091
739089
739048
739003
738974
738876
738796
738695
738657
738569
738548
738160
738139
738109
738093
737810
737755
737723
737695
737685
737659
737589
737577
737550
737430
737331
737231
737223
737197
736863
736337
736282
736214
736091
735928
735919
735844
735800
735623
735508
735281
734865
734581
734440
734257
734227
734213
734205
734177
734075
734065
734062
733927
733742
733653
733619
733603
733536
733428
733415
733286
733156
733039
732922
732803
732617
732592
732349
732322
732253
732170
732156
732016
731963
731808
731724
731599
731568
731313
731168
730702
730646
730643
730613
730550
730425
730354
730289
730185
730161
730146
729613
729593
729490
729420
729331
729217
729084
729012
728919
728840
728760
728745
728718
728652
728579
728561
728249
728139
728102
728028
728023
728005
727957
727955
727953
727938
727795
727627
727623
727592
727476
727423
727409
727310
727301
727264
727220
727130
727099
727027
727019
727002
726957
726912
726908
726845
726831
726744
726495
726471
726466
726413
726375
726242
726224
726214
726151
726139
726133
726095
726045
726044
725920
725821
725811
725697
725594
725422
725352
725277
725237
725078
724898
724844
724775
724768
724608
724602
724415
724391
724373
724307
724226
724034
723974
723804
723597
723544
723439
723387
723338
723274
723204
723145
723108
723016
722876
722641
722637
722414
722211
722156
721934
721900
721816
721766
721694
721578
721497
721448
721445
721372
721325
721091
720986
720964
720845
720828
720733
720726
720641
720555
720537
720485
720465
720361
720360
720133
719748
719738
719711
719593
719465
719423
719216
719054
718929
718782
718764
718749
718573
718572
718542
718508
718444
718422
718369
717991
717989
717937
717931
717856
717768
717736
717723
717360
717324
717288
717249
717120
717008
716668
716644
716552
716364
716234
716222
716199
716103
715901
715876
715871
715762
715693
715629
715562
715424
715340
715237
715015
714997
714973
714899
714742
714695
714555
714411
714391
714245
714204
714168
713958
713907
713834
713618
713587
713331
713291
713233
713064
712638
712605
712577
712507
712303
712224
712090
711663
711482
711393
711365
711349
711343
711030
711014
710871
710858
710548
710418
710393
710339
710260
710188
710146
710144
710120
710111
710058
709988
709904
709708
709580
709497
709389
709287
709237
709129
709110
708954
708947
708843
708572
708496
708322
708078
707977
707942
707756
707679
707567
707372
707355
707285
706988
706855
706848
706755
706733
706705
706679
706445
706371
706266
706227
706204
706164
706091
705991
705832
705673
705586
705299
705068
705038
704961
704956
704948
704945
704724
704584
704533
704531
704321
704263
704163
704109
704038
704025
704000
703877
703864
703674
703649
703614
703590
703561
703520
703423
703373
703220
703218
703178
703144
702922
702859
702803
702549
702472
702450
702289
702246
702174
702084
702009
701891
701783
701783
701712
701702
701631
701607
701560
701226
701116
701046
700858
700831
700775
700721
700708
700639
700635
700609
700553
700495
700276
700263
700096
699906
699720
699630
699531
699506
699111
699091
699057
699005
698871
698838
698720
698669
698617
698510
698505
698417
698415
698123
698037
697816
697745
697725
697662
697641
697542
697413
697386
697353
697330
697299
697294
697235
697115
697058
696933
696846
696835
696742
696728
696154
696085
696009
695787
695606
695463
695444
695427
695423
694853
694797
694795
694781
694662
694551
694548
694465
694400
694185
694169
694134
694125
694066
694041
693922
693756
693527
693429
693425
693405
693339
693263
693205
693046
692886
692841
692624
692547
692450
692350
692205
692018
692005
691947
691785
691711
691695
691630
691134
691113
690979
690799
690777
690676
690570
690529
690526
690476
690452
690414
690413
690405
690218
690155
689999
689992
689876
689717
689577
689224
689192
689072
689009
688972
688726
688660
688408
688328
688122
688109
687721
687697
687657
687519
687423
687305
687221
687115
687043
686850
686736
686733
686217
686158
686063
685867
685852
685726
685715
685533
685267
685256
685136
685123
684987
684785
684697
684572
684218
684147
684104
684052
683842
683826
683811
683797
683674
683501
683485
683387
683258
683220
683055
682602
682478
682385
682269
682264
682102
681997
681917
681628
681603
681580
681337
681013
680900
680738
680627
680510
680440
680352
680325
680270
680250
680167
679949
679929
679846
679768
679745
679478
679453
679127
679071
679053
678779
678647
678639
678633
678564
678413
678226
678218
678188
678121
677897
677892
677787
677546
677362
677167
677153
677138
677084
676742
676716
676329
676271
676103
676070
675703
675533
675449
675245
675123
674998
674987
674787
674759
674739
674382
674367
674216
674164
673805
673787
673784
673714
673700
673600
673500
673467
673427
673402
673334
673182
673098
672985
672962
672935
672933
672901
672875
672864
672727
672698
672685
672605
672596
672548
672435
672364
672355
672321
672087
671897
671892
671780
671726
671559
671352
671332
671275
671168
671142
671014
670899
670872
670806
670795
670645
670560
670558
670440
670418
670407
670365
670265
670119
670051
670020
669761
669659
669631
669528
669514
669241
669084
668938
668898
668812
668657
668614
668546
668422
668401
668386
668323
668225
668045
668044
667989
667977
667930
667830
667821
667758
667587
667577
667477
667469
667455
667446
667070
666966
666893
666667
666596
666517
666403
666345
666337
666293
666285
666217
666131
666118
666081
666060
666025
665982
665915
665820
665745
665554
665424
665141
665065
664915
664640
664474
664351
664313
664231
664051
663957
663921
663829
663808
663623
663492
663447
663351
663318
663223
663188
663147
663146
663069
663036
663010
663006
662805
662579
662433
662342
662271
662261
662124
661967
661937
661752
661654
661620
661620
661522
661482
661432
661357
661262
661205
661032
661008
660998
660835
660819
660775
660748
660603
660572
660557
660440
660318
660309
660064
659921
659845
659829
659667
659553
659502
659433
659380
659061
659054
659012
658815
658704
658614
658401
658373
658337
658312
658042
658022
657909
657893
657870
657720
657605
657543
657485
657194
657180
657088
657047
656982
656951
656907
656901
656882
656673
656621
656559
656540
656417
656386
656368
656289
655914
655852
655825
655702
655611
655606
655431
655423
654917
654772
654732
654724
654703
654672
654645
654611
654537
654436
654431
654246
654131
654117
654009
653801
653355
653309
653284
652928
652904
652754
652654
652533
652507
652444
652301
652247
652104
652067
652010
651969
651911
651783
651737
651704
651693
651661
651540
651026
650739
650662
650582
650509
650487
650470
650422
650416
650260
650252
650220
649853
649830
649823
649822
649749
649504
649433
649244
649226
649112
649051
649041
648793
648754
648749
648655
648598
648587
648571
648489
648472
648432
648390
648382
648313
648301
647814
647553
647542
647539
647336
647289
647269
647239
647204
647068
646872
646866
646781
646707
646697
646679
646647
646617
646593
646560
646452
646406
646285
646173
646004
645613
645587
645531
645390
645386
645357
645274
645058
645003
644989
644915
644897
644749
644737
644617
644569
644544
644476
644262
643973
643948
643935
643854
643849
643576
643472
643338
643308
643256
643167
642986
642718
642715
642458
642429
642343
642060
641986
641966
641807
641802
641770
641713
641701
641684
641667
641579
641457
641403
641330
640955
640947
640924
640873
640677
640675
640428
640385
640306
640254
640252
639883
639788
639743
639640
639473
639468
639453
639395
639356
639292
639163
639108
639006
638951
638610
638560
638513
638403
638384
638231
638231
638186
638173
638171
638086
638018
638017
637998
637980
637966
637841
637754
637737
637720
637716
637387
637285
637147
637055
636843
636727
636724
636723
636522
636504
636435
636307
636234
636179
635967
635849
635704
635673
635642
635641
635573
635518
635459
635406
635401
635329
635227
635211
635191
635131
635040
635039
635037
635035
634873
634807
634800
634783
634699
634658
634622
634535
634362
634141
634055
633875
633839
633815
633738
633733
633592
633270
633023
632697
632342
632319
632286
632028
631991
631843
631548
631388
631275
631228
631116
631081
630929
630896
630702
630588
630495
630481
630410
630285
630204
630124
629882
629861
629690
629634
629551
629498
629238
629199
629169
629151
629076
629055
629015
628799
628723
628563
628512
628470
628467
628433
628400
628397
628074
627730
627718
627717
627680
627651
627643
627549
627535
627476
627450
627428
627246
627148
626997
626944
626818
626789
626760
626625
626495
626374
626349
626309
626297
626143
626136
625869
625754
625692
625663
625636
625601
625566
625558
625445
625424
625337
625184
625143
624974
624937
624723
624706
624695
624094
624076
624043
623854
623823
623775
623593
623483
622655
622570
622565
622505
622119
622096
622007
621976
621863
621838
621666
621423
621153
620977
620974
620781
620405
620365
620306
620261
620218
620140
620081
619849
619554
619315
619306
619224
619123
618939
618919
618853
618812
618658
618431
618416
618365
618331
618179
618111
617932
617665
617278
617255
617215
617176
617169
616898
616876
616872
616766
616757
616749
616732
616721
616683
616532
616010
615866
615664
615447
615337
615174
614987
614873
614864
614793
614687
614659
614585
614505
614448
614415
614231
614113
613638
613541
613437
613426
613272
613250
613195
613161
613141
613139
613110
613062
612957
612874
612669
612586
612495
612420
612388
612386
612263
612240
612207
612140
611985
611980
611695
611636
611585
611567
611540
611374
611339
611323
611131
611127
611065
610963
610733
610709
610075
609841
609802
609642
609478
609389
609384
609121
608954
608944
608943
608925
608908
608776
608712
608607
608598
608423
608250
608238
608124
607962
607672
607666
607599
607502
607338
607207
607176
607168
606895
606808
606190
606170
606138
605958
605925
605913
605778
605756
605668
605613
605571
605409
605335
605285
605245
605149
605118
605065
604876
604754
604599
604556
604513
604491
604413
604373
604100
604085
603938
603883
603487
603450
603327
602932
602776
602575
602509
602466
602204
602095
602065
601955
601841
601832
601572
601544
601522
601489
601411
601385
601338
601305
601299
601183
601151
601095
601032
601009
600925
600893
600889
600414
600365
600362
600314
599872
599840
599772
599695
599595
599506
599493
599338
599252
599123
598979
598964
598943
598649
598630
598583
598463
598375
598364
598340
598211
598178
598139
598025
597899
597803
597673
597657
597609
597560
597450
597430
597328
597221
597041
596703
596443
596231
596024
595851
595806
595529
595526
595480
595352
595102
595085
594929
594793
594630
594495
594291
594202
594195
594004
594002
593948
593842
593689
593579
593357
593263
593075
593006
592845
592637
592282
592273
592248
592190
592135
592119
591863
591835
591831
591780
591616
591238
591222
591211
591141
591123
591055
591022
590924
590835
590776
590652
590494
590358
590341
589975
589944
589888
589855
589664
589553
589511
589364
588887
588883
588673
588560
588485
588433
588407
588327
588291
587888
587860
587834
587823
587688
587628
587363
587279
587268
587098
587098
586971
586873
586783
586748
586664
586630
586562
586517
586462
586410
586343
585952
585913
585209
585039
585038
585026
584904
584887
584733
584696
584632
584607
584563
584541
584520
584502
584221
584080
583968
583955
583903
583633
583613
583585
583495
583427
583230
583002
582998
582943
582898
582813
582807
582718
582323
582157
582109
581905
581781
581673
581601
581502
581472
581434
581225
581016
580949
580862
580861
580810
580766
580594
580533
580397
580053
580003
579956
579941
579729
579641
579539
579445
578927
578857
578845
578785
578580
578527
578423
578288
578237
578049
578042
577976
577959
577741
577533
577296
577253
577153
577132
577081
576989
576937
576692
576541
576370
576187
576080
576056
576027
575973
575911
575714
575612
575535
575185
575173
575050
574968
574866
574709
574624
574589
574560
574115
573969
573940
573802
573740
573729
573477
573264
573191
573151
573038
573012
572965
572927
572391
572323
572272
572099
572043
571828
571799
571261
571056
571046
570993
570970
570880
570789
570744
570491
570474
570342
570199
570093
570040
569919
569587
569525
569360
569050
568926
568902
568791
568783
568735
568661
568558
568525
568273
568100
568084
568034
567970
567968
567944
567856
567772
567591
567406
567272
567219
567202
567088
566855
566793
566707
566537
566209
566023
566017
565997
565876
565856
565740
565525
565335
565322
565194
565047
564914
564759
564736
564735
564362
564321
564284
564263
564241
564080
563949
563912
563749
563677
563647
563625
563609
563329
563222
563200
563187
562924
562886
562886
562655
562332
561879
561875
561869
561729
561701
561697
561597
561516
561293
561176
561166
560961
560757
560744
560724
560453
560438
560424
560344
560233
560191
560131
560128
560122
560007
559998
559827
559805
559697
559508
559406
559401
559387
559360
559237
558961
558889
558842
558766
558595
558561
558475
558292
558226
558221
558191
558163
558155
558054
558018
557900
557883
557875
557730
557700
557624
557586
557532
557359
557242
557109
557089
557033
556936
556905
556881
556766
556749
556494
556326
556223
556113
556082
556016
555951
555791
555549
555517
555461
555386
555240
555055
554983
554878
554759
554710
554659
554606
554437
554348
554310
554211
554111
554106
554053
553981
553975
553704
553666
553448
553365
553333
553315
553257
552905
552584
552545
552431
552302
552272
552112
552077
551899
551895
551893
551892
551870
551807
551551
551368
551284
551224
551130
551043
550850
550744
550718
550677
550631
550596
550506
550413
550237
550050
549913
549870
549654
549649
549172
549161
549058
549054
549011
548995
548788
548758
548752
548702
548685
548414
548288
548125
547968
547948
547764
547630
547300
546995
546976
546953
546894
546833
546816
546693
546612
546571
546354
546252
546188
545911
545628
545618
545590
545437
545339
545030
544664
544657
544199
544040
543812
543801
543672
543445
543224
543217
542918
542741
542439
542438
542400
542108
542041
541954
541692
541690
541572
541495
541396
541259
541155
541091
540922
540836
540781
540602
540523
540374
540305
540249
540151
539997
539904
539892
539737
539201
539183
538968
538609
538505
538328
538279
538259
538034
538003
537922
537880
537731
537360
537285
537204
537111
536870
536528
536513
536244
536207
536147
535834
535743
535638
535626
535492
535450
535444
535440
535306
534904
534800
534481
534354
534346
534342
534227
534027
533964
533916
533789
533756
533625
533464
533368
533367
533223
533220
533206
533130
532828
532761
532578
532508
532438
532330
532324
532294
532131
531952
531938
531907
531898
531849
531765
531602
531515
531470
531463
531217
531215
531159
531064
530974
530955
530915
530893
530780
530688
530639
530450
530338
530218
530188
530016
529951
529872
529860
529860
529670
529362
529359
529356
529189
529177
529141
529030
528663
528649
528451
528423
528361
528303
528282
528262
528179
527880
527808
527675
527604
527574
527165
526590
526453
526378
526245
526108
526100
526080
525962
525844
525634
525611
525587
525583
525513
525339
525283
525198
525183
525145
525124
525044
524998
524978
524927
524845
524465
524335
524325
524143
523952
523921
523871
523781
523531
523313
523135
523009
523009
523004
522935
522832
522674
522665
522636
522606
522567
522498
522374
522286
522281
522137
521811
521494
521418
521404
521351
520894
520834
520813
520793
520632
520629
520499
520484
520369
520277
520246
520076
520050
520007
519969
519755
519540
519422
519273
519213
519179
519176
519161
519143
519029
518989
518969
518759
518734
518732
518676
518592
518578
518161
518099
518043
517905
517853
517774
517741
517707
517649
517573
517516
517289
517248
517151
517061
517056
517040
516749
516614
516545
516466
516458
516400
516292
516278
516242
516127
516080
516027
515914
515775
515719
515562
515481
515307
514914
514881
514667
514588
514582
514465
514417
514272
514245
514079
514034
513862
513802
513783
513735
513522
513482
513338
513322
513304
513119
513072
512927
512880
512865
512785
512615
512578
512527
512448
512408
512147
512071
512036
511781
511710
511683
511662
511476
511455
511382
511101
511041
510804
510636
510635
510617
510523
510461
510456
510356
510308
510211
510160
510008
510002
509959
509947
509872
509715
509609
509355
509097
509083
508983
508744
508459
508436
508420
508403
508368
507922
507851
507817
507568
507520
507515
507307
507136
507069
506901
506688
506648
506524
506503
506500
506164
506134
506113
506006
505995
505964
505853
505787
505633
505617
505531
505525
505471
505449
505162
505157
505091
504861
504765
504620
504537
504523
504488
504332
504320
504144
504025
503976
503917
503902
503771
503590
503515
503497
503274
503221
503029
502842
502754
502705
502488
502435
502412
502168
501885
501873
501818
501763
501730
501721
501718
501650
501427
501400
501329
501248
501222
501129
501000
500788
500722
500710
500483
500474
500442
500177
500105
499993
499929
499837
499677
499546
499234
499187
498985
498983
498952
498619
498596
498474
498409
498255
498159
498110
498077
497698
497528
497498
497493
497440
497249
497028
496873
496786
496767
496765
496630
496499
496492
496479
496434
496361
496278
496178
496070
496021
495898
495631
495514
495379
495073
494879
494839
494800
494728
494518
494333
494174
493987
493980
493854
493798
493635
493597
493570
493537
493471
493260
493242
493191
493161
493142
493075
492996
492992
492819
492815
492737
492691
492652
492446
492365
492099
491997
491978
491937
491878
491818
491800
491697
491696
491147
490719
490681
490670
490583
490398
490179
490108
490041
489909
489824
489798
489771
489767
489584
489477
489424
489403
489287
489237
489167
489104
489074
489026
488947
488911
488910
488864
488814
488794
488733
488680
488499
488320
488204
488114
487881
487866
487721
487568
487450
487328
487291
487222
487099
487088
486945
486893
486703
486621
486528
486427
486405
486341
486266
486246
486216
486171
486131
486103
485977
485937
485925
485916
485644
485399
485397
485394
485246
485218
485143
484968
484951
484864
484621
484566
484545
484545
484304
484303
484275
484048
483957
483767
483754
483676
483516
483399
483359
483336
483331
483306
483284
483234
483072
482850
482846
482808
482757
482720
482711
482583
482477
482460
482306
482280
482112
482079
482072
482066
482064
482042
481848
481213
481116
480997
480835
480822
480660
480603
480452
480400
480233
480165
480022
480011
479893
479883
479790
479757
479691
479678
479425
479259
479207
479190
478869
478603
478593
478585
478543
478355
478238
478213
478022
477984
477955
477873
477872
477864
477744
477616
477567
477532
477492
477433
477424
477399
477324
477246
476945
476921
476755
476716
476701
476646
476601
476524
476299
476087
475744
475615
475534
475509
475502
475455
475455
475443
475332
475315
475311
475307
475163
475126
475046
474843
474713
474669
474661
474597
474527
474465
474287
474009
473448
473358
473358
473268
473235
473108
472993
472897
472745
472716
472566
472349
472261
472252
472201
472163
471865
471834
471810
471750
471745
471734
471708
471453
471406
471379
471297
471280
470948
470723
470655
470522
470362
470220
470176
469967
469963
469760
469728
469671
469641
469596
469499
469434
469362
469132
469062
469056
469040
468971
468970
468968
468838
468641
468576
468540
468490
468184
468172
468168
468131
468008
467665
467568
467531
467449
467289
467170
467166
467020
466940
466826
466821
466814
466793
466772
466711
466566
466525
466275
466209
466090
466076
465969
465957
465653
465122
464935
464926
464889
464826
464817
464671
464622
464588
464538
464393
464314
464280
464131
464118
464101
464030
463854
463587
463572
463322
463318
463273
462966
462636
462537
462485
462406
462404
462074
461813
461530
461528
461407
461350
461111
461097
461051
460968
460871
460835
460716
460573
460441
460279
460126
459870
459839
459695
459695
459541
459390
459323
458969
458946
458943
458887
458800
458752
458564
458458
458372
458173
458059
458045
457855
457841
457789
457584
457316
457312
456974
456919
456895
456858
456810
456744
456554
456220
456123
456059
456043
455936
455922
455872
455862
455755
455629
455616
455394
455365
455224
455208
455144
455116
454544
454457
454306
454005
453876
453841
453823
453757
453753
453743
453664
453522
453482
453367
453325
453103
453088
453023
452990
452955
452871
452701
452695
452554
452486
452480
452303
452282
452118
452113
451871
451824
451806
451740
451506
451424
451419
451419
451336
451130
451087
451016
450994
450599
450530
450510
450328
450314
450300
450277
450217
450153
450105
450034
450004
449838
449649
449532
449441
449423
449145
449075
448984
448953
448805
448772
448726
448693
448690
448490
448462
448452
448345
448246
448243
448237
447988
447921
447900
447720
447691
447633
447465
447422
447255
447181
447009
446986
446918
446825
446680
446560
446389
446380
446150
445919
445886
445817
445802
445745
445648
445611
445600
445440
445393
445368
445326
445250
445002
444941
444825
444706
444572
444504
444286
444273
444218
443944
443866
443726
443585
443504
443405
443325
443126
443114
443045
442994
442971
442878
442873
442814
442558
442488
442381
442367
442273
442044
441916
441894
441842
441819
441747
441499
441392
441289
441288
440903
440896
440765
440571
440540
440538
440524
440456
440433
440428
440313
440298
440249
440203
440122
440095
440070
439893
439782
439779
439712
439666
439098
438976
438817
438805
438749
438623
438581
438494
438487
438375
438177
438121
438001
437923
437796
437552
437521
437349
437247
437150
437039
436975
436925
436891
436805
436751
436685
436596
436542
436507
436487
436423
436404
436383
436229
436227
436187
435953
435745
435664
435628
435600
435491
435372
435327
435302
434943
434893
434845
434760
434702
434412
434281
434275
434251
434234
434231
434044
433984
433951
433934
433919
433832
433793
433742
433710
433687
433645
433483
433388
433092
432971
432950
432933
432785
432763
432716
432668
432612
432393
432357
432212
431924
431657
431570
431510
431481
431411
431403
431332
431188
431019
430997
430924
430850
430822
430589
430067
429968
429866
429829
429795
429783
429759
429712
429702
429637
429598
429436
429419
429038
429018
429011
428928
428782
428724
428509
428495
428326
428070
428017
427946
427744
427693
427683
427621
427558
427311
427246
427239
427117
427046
426941
426923
426695
426510
426409
426182
426100
425994
425937
425884
425866
425684
425679
425634
425518
425474
425469
425446
425196
425119
424806
424718
424624
424611
424409
424353
423722
423552
423468
423426
423340
423318
423312
423290
423223
423152
423149
423127
423102
423019
422900
422810
422794
422788
422776
422600
422599
422540
422483
422463
422360
422340
422336
422168
421819
421700
421583
421393
421375
421242
421044
421006
420848
420609
420576
420355
420352
420173
420084
419999
419993
419989
419846
419640
419638
419605
419553
419384
419374
419368
419346
418772
418658
418289
418117
418022
417918
417858
417685
417565
417557
417511
417387
417384
417191
417037
416916
416891
416890
416839
416774
416578
416493
416453
416370
416324
416258
416243
416120
416106
415976
415786
415628
415201
414991
414716
414703
414518
414238
414223
414117
413981
413817
413738
413619
413592
413449
413424
413212
413137
413029
412973
412917
412895
412823
412822
412791
412781
412760
412746
412641
412507
412368
412038
411973
411911
411881
411607
411578
411533
411499
411480
411460
411449
411077
410900
410682
410656
410581
410533
410429
410205
410078
409998
409973
409934
409916
409854
409795
409713
409617
409605
409564
409484
409316
409214
409190
409027
409023
408989
408866
408820
408795
408387
408383
408350
408236
408097
408016
407975
407805
407803
407728
407676
407668
407638
407500
407356
407333
407249
407172
406794
406745
406741
406091
406034
405985
405878
405798
405649
405556
405507
405487
405340
405327
405266
405045
404817
404516
404501
404464
404460
404292
404273
404226
404223
404210
404075
403557
403351
403342
403296
403140
403133
403108
403085
402896
402828
402495
402451
402427
402326
402303
402264
402232
402209
402198
402189
402074
401971
401948
401916
401814
401721
401640
401563
401551
401302
401144
401047
401027
400913
400902
400601
400513
400464
400457
400304
400003
399966
399952
399946
399944
399937
399708
399687
399535
399471
399463
399356
399356
399097
399028
399018
398898
398781
398694
398382
398323
398308
398299
398291
398285
398068
398002
397826
397550
397341
397314
397248
397172
397101
397055
397039
397023
397021
396992
396712
396637
396542
396379
396340
396238
396231
396201
395836
395794
395693
395634
395439
395321
395300
395248
394969
394824
394774
394726
394616
394383
394310
394302
394223
394190
394072
394001
393993
393870
393827
393709
393571
393407
393404
393178
393113
393042
393009
392924
392693
392408
392357
392213
392185
392103
392102
391984
391866
391839
391697
391565
391556
391499
391444
391433
391375
391332
391291
391285
391283
391276
391234
391221
391148
391115
390950
390886
390830
390687
390615
390445
390362
390271
390231
389773
389684
389623
389406
389355
389255
389192
388850
388843
388795
388556
388411
388247
388155
388043
387940
387881
387849
387605
387469
387360
387271
387226
387198
387169
386976
386918
386634
386574
386501
386358
385918
385876
385646
385636
385476
385474
385250
385186
385129
385020
384903
384803
384749
384591
384553
384551
384543
384289
384265
384232
384168
384001
383581
383180
383149
382925
382849
382550
382223
382215
382191
382054
381615
381607
381490
381361
381342
381280
381204
381110
380762
380758
380623
380588
380561
380210
380184
380140
380051
380025
379973
379943
379901
379813
379742
379720
379142
378866
378846
378710
378624
378585
378407
378357
378335
377922
377288
377274
377166
376832
376730
376618
376495
376369
376360
376234
376211
376177
376141
376013
375968
375829
375731
375649
375575
375480
375362
375260
375216
375101
375043
375009
374934
374924
374601
374529
374186
374179
374077
373931
373877
373517
373408
373286
373274
373241
373202
373168
373042
373027
372821
372790
372589
372585
372438
372437
372392
372360
371889
371663
371610
371604
371406
371300
371119
370900
370860
370654
370587
370565
370265
370133
369929
369816
369437
369424
369373
369348
369131
369049
368892
368863
368717
368677
368540
368483
368442
368357
368356
368218
368034
367867
367609
367579
367425
367333
367087
367005
366828
366827
366595
366582
366483
366439
366354
366177
366086
366005
365938
365924
365806
365673
365559
365431
365388
365316
365194
365126
365080
365021
364818
364790
364282
364177
363966
363812
363622
363557
363476
363416
363298
363262
363230
363117
362922
362597
362442
362231
362196
361772
361626
361587
361426
361259
361223
361119
361030
360994
360874
360728
360501
360451
360423
360282
360141
360085
359974
359956
359822
359765
359705
359631
359567
359506
359334
359227
359119
359092
359027
358720
358572
358487
358336
358312
358301
358300
358263
358201
357932
357924
357808
357751
357735
357730
357659
357553
357509
357476
357325
357297
357153
357094
357091
356995
356832
356814
356690
356626
356454
356221
356169
356120
356020
355951
355901
355871
355830
355697
355697
355688
355666
355647
355365
355185
355133
354861
354777
354773
354762
354743
354606
354489
354487
354446
354352
354229
354217
354192
354092
354060
353995
353895
353816
353775
353752
353477
353396
353271
353250
353207
353177
353101
353067
352960
352634
352606
352491
352310
352249
352232
352122
352043
351981
351959
351800
351550
351545
351512
351477
351416
351359
351328
351126
351041
351008
350998
350927
350886
350649
350626
350553
350175
350141
349813
349773
349772
349647
349624
349474
349373
349286
349119
349056
348622
348513
348435
348414
348344
348247
348101
348087
347978
347835
347568
347425
347370
347326
347295
347178
347074
346868
346862
346839
346736
346732
346645
346598
346424
346291
346180
345640
345573
345398
345381
345152
345051
344933
344763
344706
344701
344563
344463
344288
344117
343983
343724
343630
343551
343441
343403
343185
343171
343111
342954
342830
342829
342806
342778
342726
342719
342688
342675
342581
342553
342514
342511
342482
342286
342252
342168
342099
342013
341974
341900
341807
341634
341566
341419
341316
341177
341173
341091
341042
341036
340953
340845
340702
340603
340601
340486
340452
340435
340386
340347
340318
340029
339559
339553
339457
339260
339029
338801
338683
338656
338609
338572
338508
338462
338333
338207
338193
338169
338020
337757
337565
337499
337397
337371
337336
337254
337154
337114
337076
337053
337047
336965
336948
336790
336738
336694
336677
336575
336407
336363
336165
336138
336118
335916
335742
335672
335612
335554
335552
335303
335300
335294
335136
335094
334677
334611
334611
334591
334589
334557
334476
334465
334460
334443
334431
334202
334165
334025
334020
333960
333950
333932
333875
333851
333835
333780
333647
333640
333615
333615
333501
333401
333400
333394
333242
333229
333161
333123
333093
333090
333065
333043
332920
332813
332729
332671
332617
332540
332538
332526
332423
332379
332305
332221
332081
332037
332023
331912
331730
331577
331571
331563
331479
331478
331347
331186
331168
331149
331090
330995
330775
330773
330762
330646
330427
330092
330089
330044
330035
329946
329749
329711
329394
329336
329209
329048
328993
328851
328709
328602
328422
328412
328144
328081
328068
327955
327921
327902
327886
327843
327689
327627
327623
327276
326644
326513
326449
326372
325915
325873
325742
325593
325578
325494
325491
325437
325433
325289
325130
325042
324995
324975
324961
324836
324574
324554
324524
324490
324348
324338
324274
324233
323978
323948
323863
323836
323624
323355
323304
323196
322912
322731
322711
322015
321791
321702
321699
321519
321260
321257
321221
321123
320986
320933
320850
320600
320406
320318
320253
320172
320164
319807
319744
319485
319414
319343
319108
319033
318439
318408
318315
318231
318167
318164
318125
318093
317868
317638
317625
317602
317548
317262
317198
317067
317049
316942
316741
316566
316523
316436
316206
316197
316188
316026
315809
315733
315565
315491
315385
315364
315272
315220
315023
314956
314930
314922
314916
314884
314760
314685
314539
314431
314404
314217
313826
313768
313763
313721
313582
313539
313486
313481
313456
313388
313333
313257
313251
313184
312898
312878
312812
312779
312696
312531
312527
312409
312342
312124
312111
311904
311895
311806
311701
311556
311534
311522
311495
311469
311448
311314
311186
311090
310697
310595
310487
310411
310353
310314
310170
310027
309996
309643
309477
309420
309360
309306
309301
309293
309260
309249
309214
309113
309091
308879
308793
308754
308420
308373
308276
308214
308121
307965
307886
307727
307703
307691
307682
307645
307467
307433
307301
307005
306926
306793
306618
306599
306367
306262
306165
306094
305956
305915
305825
305681
305482
305465
305394
304716
304703
304534
304392
304343
304174
304094
304029
303531
303413
303188
303160
303110
302974
302902
302747
302646
302606
302575
302567
302333
302219
302151
302139
301734
301644
301525
301358
301315
301176
300783
300748
300706
300686
300640
300580
300517
300486
300476
300445
300415
300406
300356
300189
300143
300076
300061
299985
299929
299762
299713
299703
299668
299634
299537
299234
298989
298968
298944
298905
298686
298661
298517
298490
298477
298436
298323
298209
298051
298049
297992
297956
297947
297839
297800
297669
297508
297412
297389
297347
297268
297087
297060
296916
296800
296717
296668
296633
296629
296564
296523
296431
296425
296033
296005
295960
295812
295795
295768
295723
295708
295571
295425
295389
295300
295277
295245
294980
294587
294551
294519
294375
294366
294201
294059
293849
293749
293656
293626
293537
293432
293387
293348
293313
293189
293099
293064
293055
293004
292981
292804
292653
292627
292359
292093
292073
292046
291944
291888
291719
291628
291508
291504
291489
291488
291359
291329
291098
291054
291011
290959
290636
290632
290252
290050
289926
289872
289726
289422
289218
289148
288762
288648
288614
288566
288515
288377
288339
288327
288246
288232
288200
288148
288136
288078
287779
287739
287634
287492
287417
287291
287290
286997
286985
286930
286892
286842
286807
286780
286558
286500
286357
286305
286228
286170
285977
285890
285875
285805
285668
285486
285460
285438
285385
285148
284907
284899
284746
284737
284289
284271
284258
284248
284150
283735
283594
283592
283578
283410
283390
283334
283122
282819
282812
282787
282772
282406
282376
282374
282354
282156
282153
282053
281950
281929
281913
281764
281662
281567
281549
281527
281486
281355
281068
280881
280793
280522
280205
279863
279853
279785
279655
279590
279563
279519
279405
279284
279195
279129
278919
278879
278820
278809
278772
278634
278564
278428
278332
278264
278205
278030
277893
277852
277823
277763
277657
277641
277366
277267
277244
277102
277069
277062
276978
276889
276852
276823
276748
276718
276645
276509
276406
276155
276124
276105
276025
276000
275986
275774
275771
275732
275631
275467
275221
275142
274928
274794
274790
274722
274667
274621
274462
274433
274264
274244
274153
274139
274068
274049
274039
273961
273905
273899
273872
273851
273825
273646
273544
273509
273428
273321
273015
272767
272740
272679
272548
272530
272507
272338
272035
271974
271962
271901
271815
271800
271775
271685
271178
271003
270925
270836
270657
270653
270475
270473
270318
270263
270211
270000
269957
269940
269912
269875
269785
269669
269563
269252
269150
269050
268737
268611
268563
268540
268525
268357
268177
268135
268129
268109
268004
267908
267791
267785
267660
267479
267466
267373
267323
267151
267069
266898
266790
266703
266678
266472
266408
266192
266172
266123
266041
266023
266022
265782
265737
265584
265385
265328
265308
265286
265189
264789
264202
264122
264118
263909
263779
263725
263701
263561
263541
263485
263470
263456
263313
263130
262968
262853
262797
262717
262654
262580
262501
262498
262487
262142
261980
261859
261714
261434
261401
261391
261366
261283
260984
260888
260861
260729
260690
260607
260526
260449
260388
260351
260088
260010
259954
259953
259940
259851
259835
259773
259722
259674
259605
259443
259422
259381
259306
259094
258980
258685
258656
258600
258552
258317
258266
258244
258131
258094
257881
257868
257486
257306
257215
257210
257125
257083
256902
256786
256762
256736
256631
256578
256299
256289
256161
256119
256097
256072
256019
255971
255843
255758
255507
255485
255480
255255
255117
254957
254792
254755
254722
254706
254560
254487
254444
254423
254383
254369
254322
254286
254165
254160
254151
254109
253965
253832
253655
253598
253528
253298
253199
252885
252851
252667
252449
252367
252359
252209
252187
252031
251834
251783
251712
251646
251537
251303
251150
251135
251089
250951
250895
250566
250490
250461
250297
250231
250191
250027
250009
249873
249824
249762
249660
249571
249472
249462
249345
249321
249227
249203
248813
248695
248661
248590
248493
248468
248455
248356
247982
247834
247554
247495
247305
247264
247158
246956
246769
246605
246517
246461
246394
246320
246069
246005
245956
245921
245617
245491
245447
245315
245302
245211
245093
245091
245044
244950
244815
244619
244571
244568
244565
244530
244356
244338
244139
244122
244034
243770
243747
243571
243552
243495
243485
243375
243356
243261
243236
243202
242907
242675
242632
242501
242478
242242
241927
241883
241617
241604
241235
241200
241144
241128
240918
240874
240831
240825
240685
240671
240576
240504
240459
240458
240330
240121
240106
240033
240022
239944
239902
239895
239744
239727
239688
239617
239539
239328
239219
239048
238990
238970
238896
238694
238657
238612
238519
238345
238319
238270
238214
238152
237982
237966
237878
237771
237689
237620
237513
237513
237441
237395
237320
237186
237126
236992
236755
236671
236602
236597
236505
236502
236422
236334
235991
235947
235753
235708
235696
235472
235459
235363
235275
235222
234993
234830
234778
234654
234638
234446
234348
234255
234252
234111
234083
234012
233966
233851
233465
233279
233274
233171
233111
233093
233023
232898
232873
232682
232598
232557
232410
232207
232168
232087
231901
231854
231698
231575
231519
231479
231415
231335
231226
231139
231059
231045
230980
230878
230812
230785
230600
230142
230000
229937
229893
229867
229803
229728
229647
229516
229474
229350
229336
229328
229129
229121
228791
228755
228576
228510
228229
228201
228101
228074
228005
227920
227782
227504
227376
227272
227115
227040
227010
226922
226805
226738
226699
226535
226317
226310
225811
225810
225762
225608
225606
225533
225486
224824
224766
224695
224633
224531
224516
224240
224153
224066
224005
223958
223909
223841
223747
223675
223589
223549
223522
223484
223460
223262
223011
222984
222789
222785
222731
222723
222667
222555
222554
222505
222456
222280
222266
222203
222147
222056
221963
221884
221882
221823
221715
221442
221245
221159
221148
221044
221040
220954
220939
220935
220869
220843
220752
220744
220644
220608
220458
220381
220365
220213
220032
220009
220004
219979
219951
219912
219861
219823
219718
219422
219212
218948
218728
218508
218420
218313
218236
218034
217984
217961
217908
217855
217835
217699
217689
217569
217500
217461
217271
217263
216940
216889
216811
216159
215982
215945
215774
215754
215732
215428
215132
215102
215061
215056
215032
214374
214371
214369
214332
214208
214189
214187
214137
214115
214054
213918
213855
213702
213659
213608
213453
213204
213158
213061
212975
212923
212866
212745
212744
212714
212670
212505
212495
212285
212182
212091
212063
212013
211979
211941
211826
211795
211415
211324
211073
210999
210946
210918
210823
210822
210765
210562
210552
210542
210528
210297
210261
210109
209919
209830
209778
209454
209330
209279
209251
209185
209077
208921
208883
208740
208630
208530
208516
208512
208475
208454
208373
208218
208106
208073
208064
208047
207877
207827
207752
207745
207718
207628
207622
207582
207522
207353
207189
207081
206901
206831
206704
206661
206608
206599
206534
206514
206503
206462
206371
206303
206256
206245
206240
206035
205994
205878
205854
205774
205736
205735
205710
205668
205624
205510
205375
205018
204961
204863
204791
204705
204646
204630
204602
204533
204402
204375
204258
204244
204044
203841
203828
203713
203668
203643
203629
203612
203346
203230
203162
203149
203111
202651
202529
202486
202405
202353
202309
202191
202162
202139
202109
201981
201898
201819
201790
201742
201617
201582
201569
201406
201395
201377
201232
201025
200859
200846
200795
200787
200584
200453
200420
200234
200232
200215
200037
199884
199849
199812
199737
199426
199369
199176
199156
199123
199068
199050
199040
198680
198657
198515
198493
198395
198334
198228
198030
197850
197834
197533
197455
197365
197360
197305
197034
197010
196989
196988
196957
196953
196941
196722
196721
196609
196590
196482
196299
196205
196143
196067
196032
195977
195965
195901
195544
195464
195387
195377
195340
195225
195098
195076
195028
194929
194877
194730
194577
194217
194166
194156
194147
193757
193587
193563
193539
193482
193421
193347
193311
193152
193013
192623
192506
192324
192263
191961
191796
191568
191515
191281
191252
191172
191103
191040
190886
190726
190718
190621
190620
190594
190566
190247
190123
190020
189919
189879
189780
189748
189407
189272
189269
189131
189024
189022
188958
188946
188930
188873
188806
188707
188675
188495
188481
188432
188263
188181
188053
187947
187726
187684
187521
187312
187253
187109
187092
187082
186990
186939
186778
186622
186480
186468
186467
186368
186029
186021
185974
185770
185758
185727
185723
185710
185707
185667
185580
185548
185481
185413
185358
185328
185106
185066
184891
184823
184701
184651
184637
184515
184454
184449
184290
184205
184022
183608
183517
183440
183376
183209
183183
183160
183032
182914
182775
182761
182709
182348
182309
182217
182196
182019
182002
181841
181553
181070
180768
180547
180501
180391
180363
180347
180338
180287
180251
180169
180130
180035
179882
179756
179712
179678
179589
179303
179277
179136
179050
178982
178917
178755
178580
178528
178459
178415
178176
178123
178074
177983
177842
177834
177785
177602
177562
177552
177546
177490
177486
177442
177418
177273
177248
177173
177110
176732
176705
176625
176485
176457
176449
176340
176317
176296
176267
175889
175856
175691
175688
175461
175316
175273
175271
175166
174959
174914
174848
174809
174673
174594
174409
174384
174038
173769
173583
173564
173497
173480
173468
173367
173151
172975
172651
172563
172505
172477
172376
172297
172200
172132
172027
171814
171477
171432
171344
171340
171064
170910
170891
170873
170663
170598
170406
170078
169617
169373
169173
169147
168911
168751
168675
168669
168576
168565
168521
168519
168245
168173
168094
168088
167920
167845
167599
167488
167362
167285
167270
167203
167119
166821
166743
166731
166728
166648
166457
166098
166079
165915
165903
165848
165808
165460
165184
165179
165178
165101
165065
164985
164873
164857
164798
164740
164581
164521
164450
164202
164185
164011
163991
163847
163625
163508
163496
163437
163376
163375
163338
163140
163080
163053
162989
162584
162577
162534
162375
162339
162310
162107
162071
161692
161633
161612
161439
161411
161189
161090
160827
160787
160618
160246
160194
160143
160101
160090
159863
159861
159590
159469
159287
159236
159177
158921
158746
158705
158610
158582
158555
158501
158415
158373
158297
158216
157977
157966
157732
157721
157662
157566
157429
157360
157221
157124
156956
156779
156686
156616
156567
156301
156274
156092
156051
155845
155830
155696
155673
155470
155457
155440
155416
155282
155249
155232
155075
154970
154841
154783
154686
154672
154548
154370
153919
153828
153791
153736
153719
153705
153549
153456
153455
153440
153272
153186
153003
152921
152836
152574
152404
152077
152054
151923
151770
151701
151670
151667
151608
151600
151572
151536
151348
151274
151270
151262
150953
150767
150571
150559
150527
150519
150366
150361
150331
150301
150138
150022
149917
149875
149838
149742
149731
149526
149523
149516
149377
149167
149050
148823
148759
148419
148344
148297
148122
147931
147896
147395
147334
147187
147131
147097
147038
146985
146934
146877
146812
146811
146781
146763
146698
146678
146671
146592
146580
146477
146357
146261
146127
146057
145903
145856
145797
145786
145304
145254
144969
144865
144636
144544
144323
144302
144143
144060
144009
143973
143915
143871
143733
143703
143685
143672
143394
143323
143094
143062
143045
142929
142861
142818
142770
142385
142248
142136
142120
142107
141682
141650
141631
141622
141522
141424
141416
140860
140766
140642
140599
140566
140563
140259
140120
139976
139930
139928
139880
139833
139751
139746
139678
139674
139590
139540
139373
139214
139043
138922
138790
138775
138705
138453
138265
138194
138163
138118
138093
138087
137998
137995
137896
137892
137835
137719
137605
137510
137414
137358
137175
137109
137086
137016
136981
136692
136689
136615
136359
136314
136005
135784
135651
135497
135475
135407
135391
135253
135221
135114
135107
135092
135089
135069
135021
134907
134806
134658
134654
134635
134613
134248
134036
133980
133960
133739
133712
133678
133241
133212
132952
132945
132931
132922
132837
132757
132656
132619
132515
132289
132098
131666
131519
131497
131453
131321
131256
131212
131212
131206
131192
131178
131064
130942
130897
130838
130743
130522
130504
130502
130269
129963
129944
129704
129661
129602
129398
129371
129311
129266
129250
129235
128979
128845
128822
128668
128434
128417
128320
128289
128241
128161
128084
128071
127976
127915
127753
127706
127667
127615
127499
127484
127463
127230
127190
127170
127004
126956
126951
126893
126868
126861
126598
126591
126557
126500
126485
126354
126285
126282
126274
126250
126109
126035
125987
125959
125951
125712
125653
125592
125513
125466
125276
125203
125196
125059
124899
124857
124504
124498
124428
124242
124191
124094
124072
124006
123930
123917
123886
123831
123827
123784
123650
123429
123384
123172
123170
123138
122868
122866
122615
122562
122510
122489
122464
122457
122425
122141
122038
122023
122023
121841
121831
121774
121629
121566
121492
121485
121239
121089
121008
121001
120574
120543
120497
120080
120062
119787
119779
119746
119697
119625
119567
119465
119407
119264
119241
119190
119034
119020
118958
118955
118836
118702
118670
118643
118535
118491
118487
118463
118456
118449
118400
118397
118394
118370
118348
118343
118175
118070
117719
117664
117472
117308
117239
117232
116947
116750
116745
116744
116501
116492
116402
116322
116266
116264
116243
116043
115879
115755
115658
115581
115270
115242
115130
115000
114866
114756
114651
114549
114476
114460
114402
114368
114246
114194
114066
113935
113800
113672
113659
113656
113503
113472
113428
113360
113279
113141
113100
113075
112840
112830
112722
112681
112658
112568
112547
112399
112304
112297
112244
112215
112123
112077
111996
111652
111563
111378
111327
111229
111053
110918
110812
110754
110650
110646
110383
110330
110233
110024
109906
109894
109879
109695
109673
109586
109261
109242
109156
109149
109124
109091
109016
108927
108868
108616
108580
108557
108417
108368
108074
108058
107937
107914
107698
107428
107189
107099
106875
106765
106430
106429
106356
106335
106094
106077
105703
105579
105567
105545
105541
105488
105449
105419
105393
105311
105252
104759
104733
104687
104574
104548
104510
104415
104230
104061
103933
103919
103836
103805
103764
103685
103527
103435
103122
102954
102781
102762
102702
102413
102352
102269
102233
102194
102179
102162
102157
102094
101987
101968
101760
101697
101620
101578
101466
101393
101350
101330
101253
101233
101220
101209
101136
101109
101075
100940
100893
100694
100670
100519
100402
100337
100236
100230
100214
100060
99922
99653
99475
99429
99023
99017
98912
98586
98399
98301
98287
98173
98022
97919
97901
97885
97824
97797
97686
97660
97497
97473
97408
97302
97223
97208
96982
96946
96911
96902
96874
96692
96630
96605
96573
96567
96556
96507
96446
96431
96381
96250
96235
96139
96114
95981
95891
95752
95625
95623
95424
95389
95343
95337
95265
95131
95092
95077
95048
95022
94752
94639
94537
94444
94433
94359
94343
94296
94187
94021
93950
93949
93932
93845
93816
93769
93729
93602
93562
93297
93279
93175
92995
92961
92919
92867
92853
92767
92710
92581
92544
92439
92400
92263
92235
92217
92194
92158
92154
91994
91985
91982
91842
91839
91838
91778
91774
91642
91618
91590
91350
91302
91112
91084
91003
90956
90893
90443
90438
90399
90373
90245
90079
90027
89959
89940
89904
89769
89676
89401
89222
89033
88864
88636
88622
88272
88227
88152
88101
87865
87810
87773
87659
87483
87456
87415
86951
86858
86798
86697
86653
86619
86491
86445
86418
86352
86269
86142
86135
85871
85410
84835
84691
84671
84655
84524
84197
84180
84049
83964
83826
83774
83719
83575
83511
83339
83331
83320
83131
82838
82824
82818
82781
82508
82480
82402
82330
82282
82280
82180
82100
81942
81922
81720
81646
81591
81019
80872
80855
80809
80711
80581
80437
80376
80325
80242
80062
79984
79965
79456
79455
79286
79278
79130
78866
78843
78754
78737
78735
78695
78442
78406
78150
78045
78036
77933
77915
77899
77849
77845
77695
77676
77635
77597
77521
77278
77250
77062
77061
76689
76664
76572
76495
76430
76373
76326
76301
76285
76233
76180
75973
75878
75835
75825
75765
75698
75601
75430
75285
75062
75002
74979
74959
74788
74626
74623
74616
74468
74315
74242
74240
74208
74176
74133
73852
73827
73721
73677
73533
73526
73428
73049
72985
72805
72782
72779
72743
72601
72428
72402
72310
72250
72136
71875
71859
71828
71792
71776
71689
71647
71563
71488
71455
71451
71259
71041
70838
70835
70755
70675
70516
70497
70423
70240
70182
70118
70072
70065
70009
70002
69821
69820
69747
69705
69544
69532
69373
69367
69348
69343
69293
69099
68973
68922
68873
68733
68622
68560
68385
68317
68287
68145
67880
67859
67794
67727
67616
67429
67318
67316
67171
67008
66953
66780
66568
66531
66518
66229
66216
66126
66100
66030
65718
65261
65233
65126
64834
64741
64713
64537
64526
64458
64409
64328
64223
64121
63852
63832
63789
63773
63685
63662
63634
63623
63595
63543
63519
63371
63248
62919
62914
62767
62719
62705
62687
62615
62271
62177
62151
62017
61868
61858
61786
61683
61666
61458
61373
61337
61292
61075
61042
60949
60817
60699
60532
60490
60406
60253
60222
60136
60109
60055
60016
59952
59748
59729
59723
59718
59709
59627
59525
59524
59352
59260
59104
59090
59030
58554
58446
58326
58171
58144
57978
57953
57795
57505
57433
57335
57303
57264
57140
57090
57070
56917
56827
56814
56774
56663
56627
56583
56534
56493
56398
56253
56198
56161
56051
56028
56021
55944
55911
55787
55787
55782
55752
55647
55548
55265
55240
55227
55019
54911
54739
54733
54694
54456
54395
54198
53663
53647
53642
53631
53524
52962
52954
52848
52839
52777
52771
52751
52648
52569
52546
52398
52229
52220
52057
51962
51899
51843
51789
51769
51628
51154
51054
50832
50811
50800
50416
50297
50287
50113
50105
50050
49851
49832
49765
49637
49474
49330
49197
49183
49169
48927
48920
48818
48745
48697
48450
48382
48344
48251
48028
48004
47286
47276
47258
47161
47098
47070
46980
46964
46905
46837
46672
46661
46589
46506
46427
46303
46256
46125
46094
46087
45878
45864
45603
45485
45454
45432
45330
45323
45255
45180
45110
45001
44985
44601
44554
44539
44518
44355
44348
44330
44176
44117
44085
44010
43964
43824
43760
43632
43559
43510
43476
43446
43304
43161
43103
43056
42998
42971
42930
42865
42746
42696
42588
42584
42253
42201
42155
41992
41764
41742
41669
41561
41470
41359
41013
40921
40903
40751
40750
40709
40386
40373
40170
40016
39949
39846
39780
39663
39565
39416
39400
39266
39195
39111
38908
38541
38489
38486
38451
38414
38409
38214
38189
38040
37800
37788
37773
37671
37667
37484
37054
36992
36970
36914
36798
36732
36700
36653
36644
36627
36459
36379
36329
36217
36076
35934
35910
35724
35672
35600
35537
35450
35437
35271
35160
35106
35029
34841
34834
34803
34742
34652
34589
34462
34449
34387
34348
34318
34030
33795
33774
33356
33033
33006
32934
32918
32878
32773
32487
32322
32317
32177
31998
31563
31474
31467
31428
31286
31214
31163
31050
31032
30853
30781
30716
30661
30642
30639
30567
30389
30383
30251
30249
30182
30180
30158
30000
29943
29893
29786
29782
29662
29275
29239
29209
29192
29187
29096
29039
28932
28919
28879
28785
28637
28560
28545
28486
28448
28156
28148
27971
27815
27643
27566
27511
27309
27242
27098
27048
26892
26577
26520
26410
26355
26092
26057
25939
25907
25849
25842
25661
25362
25249
25201
25200
25117
25037
25029
24794
24729
24663
24641
24616
24542
24491
24342
24335
24309
24207
23921
23830
23828
23785
23650
23637
23496
23324
23270
23234
23041
22886
22872
22781
22686
22478
22474
22338
22260
22258
21890
21884
21710
21478
21418
21308
21255
21080
21065
21048
20802
20741
20634
20610
20578
20567
20316
20055
19901
19842
19797
19710
19703
19691
19679
19409
19315
19293
19149
19062
18871
18841
18709
18626
18544
18501
18451
18246
18239
18210
18136
18084
18059
18007
17975
17699
17650
17600
17559
17492
17489
17388
17087
17012
16803
16717
16717
16626
16558
16529
16471
16435
16407
16375
16352
16301
16243
16190
16164
16150
16008
15939
15928
15821
15671
15600
15554
15546
15449
15359
15169
15147
15144
15132
14958
14890
14811
14627
14624
14602
14456
14412
14041
13992
13894
13870
13825
13713
13704
13413
13338
13296
13252
13207
13058
12881
12793
12374
12336
12331
12242
12069
11975
11948
11944
11894
11764
11746
11738
11699
11683
11661
11253
11179
11151
11146
10858
10800
10798
10667
10608
10574
10548
10483
10418
10296
10089
10078
10027
9940
9776
9756
9705
9307
9172
9062
9009
8837
8809
8769
8722
8696
8611
8438
8422
8363
8270
8025
7805
7760
7659
7448
7366
7357
7353
7063
7056
6749
6651
6632
6628
6535
6509
6453
6377
6152
5921
5844
5446
5008
4964
4892
4693
4481
4411
4359
4259
4248
4034
4033
3993
3824
3789
3683
3599
3596
3457
3418
3345
3267
3209
3079
2961
2765
2724
2499
2010
1905
1888
1787
1751
1751
1570
1566
1433
1295
1277
1156
1043
1015
858
745
420
344
61
46
16
