1000
998963
998280
998149
997853
997658
997288
997131
994392
994342
992934
991718
990365
989139
988827
988052
987143
986171
985645
984549
984406
984052
983705
983683
982994
981971
980643
980087
979062
978452
978252
977845
976054
975932
975203
974977
974658
974540
973619
973021
972138
970627
970481
969863
968258
968203
967736
967334
964581
962133
961744
959912
959317
958127
957657
957624
957034
955472
953171
952840
951853
950646
949659
947389
946891
946867
945252
942821
941914
941508
939927
939783
939158
938839
936658
936431
935453
935270
935145
935092
934000
933449
933429
933131
930163
927201
925594
924956
920311
918149
917867
917681
916890
915365
912570
911637
911268
909621
909442
909304
907464
906628
905770
905372
905143
904147
903554
903129
901774
901576
900965
899495
899394
899184
898799
898053
897009
896156
891649
891105
890813
890553
889487
889146
888426
888102
887655
887367
887201
885660
885088
884770
882970
881806
881015
880786
880475
879661
879290
878631
877121
874252
873528
872634
872073
871496
871021
870956
869417
869160
868994
868891
868874
867792
866303
866289
865535
864944
861458
861032
860744
860127
856927
855638
854036
852215
851934
850515
850315
849180
848350
847971
845023
842938
842842
840785
838615
838353
836517
836154
832822
832617
831558
831444
830067
829336
828390
828376
828158
827498
827139
826704
825451
825020
822974
822446
821903
821277
820778
820746
820515
819327
818225
811472
810603
807638
805560
804612
803027
802805
800656
799695
799454
799170
798226
793070
792801
792193
790591
790236
789689
789380
789329
788555
786723
784185
783984
783364
782228
781829
781599
779720
779640
779239
778245
778018
777465
775147
769504
768741
768363
767897
767500
766824
763805
761272
759428
758138
757304
755381
754359
752074
751706
750676
749789
749677
749292
748510
748471
748464
746869
743663
743208
741988
741440
741433
740437
737873
737072
735127
734070
733595
732321
731578
726302
723761
723048
722641
720728
718837
717754
716834
716299
714736
714629
713949
713870
712796
711796
711299
709742
708585
707984
707709
707684
706681
706020
704672
704577
703744
702850
701145
699855
696739
696102
695217
694965
694653
694146
693120
692733
692132
691430
691353
689779
689483
689243
687501
687258
684401
682864
681754
681611
680908
680353
678530
676889
676887
670479
670403
669450
668059
666816
665529
664537
664061
663756
661607
660684
659536
659500
658461
657687
654950
654933
653836
652141
651653
651280
650430
650246
649194
649120
648920
648572
647731
645645
645477
644873
644180
641551
640065
639996
638948
637599
634741
633880
633155
630159
627403
623710
621512
618573
617541
615970
614917
613991
613593
613164
612755
608326
608296
607242
606697
604208
604056
602856
602649
601503
600571
600300
600038
599660
599234
597876
597422
596826
592761
591956
590796
589889
589374
588240
588203
586392
585785
584185
583028
582051
581817
581473
577532
576705
576558
576222
574153
574048
573373
569627
568696
568604
568021
566120
564206
563433
561936
560925
560065
559854
558258
557100
556345
555738
554845
553713
553146
552544
552210
552197
551194
549862
549736
549548
549168
548805
547173
545899
545657
541502
541359
540435
539958
539870
539763
539125
537091
534039
533552
533445
531568
531463
529038
527152
527014
526965
523814
523042
522997
520288
520151
518366
517265
517173
515312
515142
514926
514195
512497
512256
511457
510331
507161
506987
504030
500347
499830
499808
498527
497295
489331
489061
485933
485854
485632
485629
484940
483838
483380
483010
482882
482540
482168
480204
479164
478228
477977
477286
476428
473576
472759
472686
470794
470774
470373
468805
468275
466481
466396
465922
464475
463441
459885
459865
459519
454491
453106
451901
451348
450984
450822
449267
449045
448407
446439
446161
446135
445910
445138
444080
442237
439382
438031
437934
437814
437605
435634
434504
433564
433475
431495
431429
430519
430448
430169
428662
426024
425803
425504
424369
422645
422115
417657
415980
412195
410650
410462
409760
408899
408056
407038
406210
405680
405463
405258
404153
400970
400933
399026
398874
398740
397882
396634
394808
394475
393941
393856
393838
393552
391500
390880
390485
390166
389707
389209
388081
385728
385097
383939
383859
383473
378710
377786
377729
375201
373098
372903
371318
368228
365484
364168
364166
362825
361968
361113
360739
356898
356063
355270
354492
354330
352678
352653
351461
351110
349839
347032
347028
346554
346153
345811
345646
344559
343557
343424
342574
341510
341470
339674
339198
339007
337943
334764
334493
333490
333417
333038
332586
331215
330880
330058
328781
325893
325375
324604
324455
323079
322640
322584
322053
321526
319208
313016
312493
312336
311977
311427
310845
310838
309448
308890
308738
308582
307163
306391
306192
305695
304985
303871
302203
301892
298077
296305
295463
294721
294116
293798
293161
292877
292603
292051
288565
288278
287723
287569
287185
286886
285855
284321
284132
282697
282340
282036
281786
278880
278522
278172
276759
276208
275923
275030
274196
273063
271871
270190
267252
266550
266414
265955
262539
259998
259950
259171
258915
258909
257476
255442
254576
254213
253832
253294
253049
252629
250275
248477
247356
245777
245141
244936
244028
243925
242815
241946
238254
237558
236994
236488
236433
236274
235602
235434
234769
233481
231859
230438
228564
228329
227631
227572
227527
227472
224816
223864
221170
221111
220637
220533
220459
220404
220129
219681
218221
215809
215176
214916
214868
213227
212683
211981
211550
211520
211292
209972
209758
208527
202888
202368
201303
200734
200413
196761
196533
195590
195258
194210
192350
190776
190229
187062
184378
183013
182193
181944
181418
181239
180159
179898
179236
176524
175715
175650
175386
175268
174571
173967
173444
172620
171617
171072
169826
168250
167836
166630
166352
166057
164015
163809
163721
163555
162848
161679
160593
160425
159896
158379
157989
157614
156084
155659
155385
155349
152647
152252
149760
149427
148675
148642
148620
148194
146486
145625
144387
143934
143902
142642
142587
141886
140533
140144
139555
137139
137050
135442
134171
133628
132496
130587
127587
127349
126841
125641
124511
121714
121563
120995
120036
118160
116281
115218
113732
112546
112289
111911
110849
110719
110418
110195
110126
109948
107657
107499
107136
106690
105738
105678
105659
104697
101778
101559
101301
100280
99515
99454
98852
95888
95045
94634
94258
92846
92752
91971
91960
90979
88979
88565
87310
85632
84974
84765
83517
83283
80323
78639
78019
76394
76375
75883
75779
73635
73604
73186
73006
69405
69044
68594
68070
65504
65073
65063
64914
64913
62188
61225
60982
59619
58443
52697
51276
50760
50198
50041
49916
49811
49454
49369
47873
46938
46415
46126
45229
41264
39921
37827
36613
36161
34517
34462
33752
33690
32914
31454
30690
29800
28718
27416
25748
25487
25290
23457
22856
22019
20422
20358
16877
15700
14171
12337
11068
11062
10535
10514
10262
8169
7579
7521
7333
7173
6931
6869
6612
4879
519
