100
989469
980823
978892
970534
965332
960422
959869
957213
938844
927499
926704
926355
911825
894240
886039
879591
861483
857716
848228
819128
814126
778028
753030
736931
701131
689395
683487
669703
666122
651078
635800
625296
610071
605176
595593
593052
591787
589910
584562
569837
551258
544965
543093
540208
533771
513263
506430
505092
486348
485666
484950
472275
460946
431679
431398
424040
396117
391016
374355
373804
368053
363952
361564
354384
352530
329768
324520
321649
296047
266506
248144
243793
241799
240187
226872
218450
217352
214161
205553
183600
183343
171865
165489
161997
152424
150766
148772
144879
140325
136994
134241
132322
76537
64342
61774
53981
51371
37247
28820
12490
