100
2367
3051
7113
13950
37138
76717
82582
91460
105472
107353
111380
117705
118238
129459
140303
142207
146922
150528
155104
166960
168871
169431
175922
181016
215709
223061
247126
302980
316300
318443
321243
321941
328881
332660
342742
342785
368398
378797
385932
392974
400400
411502
416743
422408
434555
441851
446611
451943
457895
458456
479332
491461
493824
504342
522327
551521
556818
557604
573374
597734
601401
619895
659160
669187
669397
684223
688850
696718
717246
747381
751403
761180
766680
776256
776927
782491
797236
824068
826011
826597
826796
827329
831801
831948
834165
836719
842922
854779
858068
866621
873940
886735
918544
934475
943721
960150
971297
973796
983127
989713
