1000
881
1745
2101
5475
6368
7480
8853
8863
10020
10825
11554
11834
12261
14081
16136
18256
20333
22535
25917
26828
27151
28025
28635
28717
29174
31200
32375
33162
33648
35679
37892
38746
39038
40670
41187
41892
44034
44136
47809
52470
52817
53276
54159
55305
59014
59048
60007
61372
61862
62219
63199
64581
64998
66110
67043
67244
67730
77570
78033
78824
79423
79574
79732
81311
81508
82240
82345
82464
82514
83416
84428
84579
85719
85831
86138
86173
87480
87610
87947
88109
89136
90542
91255
91794
92939
93272
93940
94277
94592
94944
95236
96800
100296
100314
100849
100979
101878
103105
103566
103891
104063
104954
105460
105840
107092
108220
108771
109615
111007
112208
112459
112465
113497
117414
117882
118053
118946
118990
119935
120173
121794
122127
122383
122452
123793
124462
124600
126198
126333
126734
128374
129220
129919
132041
132110
133198
133539
133574
134805
136289
138182
139076
139182
140296
140521
141801
142487
142760
143096
143631
144085
146309
147276
147598
147839
148846
150388
150420
150556
151339
152968
153470
155477
158989
161622
163145
163268
163535
163840
165717
166136
166699
168527
168863
169447
171416
171831
172098
172118
172618
173357
174545
175402
175603
176489
176860
179857
180202
181014
181170
181730
182719
182803
183395
183716
184341
184889
185489
187261
187977
188930
189765
190797
191493
192234
192913
193044
195097
195106
195134
196360
198419
198578
203262
203349
203799
205788
206460
206803
206964
212838
216867
217641
218557
218577
218680
219029
219928
220093
221448
221538
222917
224319
225052
225280
226010
229393
229623
230054
232248
233882
234142
234795
235004
236657
238562
241124
245886
246094
246537
246620
246690
246938
247119
250327
251355
251718
253941
254657
255084
256150
257208
257499
258714
259118
259147
260362
260363
260521
260780
262297
262356
262619
265534
268873
269079
269337
269937
271718
271736
272669
273020
274212
275821
276218
277069
277909
278881
279115
280305
280421
281447
282212
283089
285463
285729
286439
286846
287383
288478
289366
289374
289861
290985
292079
292871
296416
297816
298171
300277
300295
302713
303204
303838
308402
309668
309971
310994
311672
313045
313687
313939
314033
314386
314440
314461
316746
318358
318582
319556
321422
322591
322735
323176
326078
327629
329530
329873
330256
331169
331658
334309
334704
336645
336720
336999
337002
338108
341501
341738
345075
345362
347304
348158
348362
349385
349645
350867
350923
351126
352884
353628
354525
354800
355429
358571
359478
360908
361638
362912
363409
365041
365228
365230
367015
367413
368794
371159
373104
373429
373446
375032
375280
375834
375873
376159
378154
383085
386777
387599
390804
390835
391266
393127
393605
393785
396987
397120
399127
399142
399347
399637
399929
400201
400325
400327
400736
401202
403203
403231
403653
404416
406756
406863
407008
409594
409906
410533
411554
411576
412881
413270
413968
414189
416734
417900
419247
419511
419668
423584
423775
424560
424777
425264
425325
427232
428210
430159
431893
433325
435252
436311
437764
439107
439126
439745
440119
440551
440844
441265
444239
445070
446309
446477
447449
448199
449281
450180
451351
451355
453258
453692
454857
457256
457356
459396
460801
463820
464783
465535
466143
467281
467904
469732
471052
473270
474879
476786
477859
478412
478900
479118
479265
479705
480520
480657
482338
482880
483422
483639
483980
485328
490337
493139
493919
497379
497411
497839
498392
498986
500843
502674
504462
505633
507801
509746
510575
510762
511611
512351
512927
516111
516205
519569
521406
522745
523489
523733
525051
525307
526646
527668
528632
528699
529066
529433
531590
532268
532563
532566
535580
535744
537491
538598
538819
541676
542272
543583
544153
545563
547081
547535
549074
549940
550152
550910
551369
551893
553671
554546
554668
554766
554989
555279
555735
556689
557130
557980
558893
559571
560766
561867
562626
563298
563541
566678
567674
568970
569077
569079
569212
569755
570653
572164
573327
574195
574541
574565
575221
575362
575960
576437
576781
577067
577076
577520
578626
581431
581475
583151
585048
585200
588464
588740
589895
591206
591345
593240
595755
595940
596930
600761
601058
601757
601948
602349
603530
603834
604543
605992
606317
607299
607566
609315
609868
610304
610409
610858
612032
612662
613081
613124
613350
614340
614511
615613
620022
620281
622725
623613
623627
624904
625173
625251
625462
629063
629114
630732
630893
631605
633431
633583
634279
635737
637330
637426
639239
640297
640569
643138
644336
645242
645706
647024
647066
647086
647280
649106
649140
649544
649672
649733
652917
654628
655027
657713
659789
660389
661210
661729
662422
664280
664705
665666
665677
665930
666792
666886
667121
668024
668523
668749
670241
671856
671918
672436
672461
672833
677111
677272
677418
679383
681479
683533
684201
684788
684811
685045
685479
686576
688857
691395
691607
691934
692225
694370
695109
696082
699468
699712
701583
702081
702458
702463
703591
705688
705735
706161
706443
706498
707789
708170
711209
712429
714326
714482
714986
715367
715745
717348
718155
719544
722602
724180
724313
724651
727086
727878
727929
728758
731927
732249
733041
733053
733684
735238
735427
735442
735450
736392
738143
748955
749029
751978
752534
753249
754291
754521
754652
755307
755581
757260
757353
758266
759852
759921
760034
761178
761337
761362
764069
764374
765911
768539
768972
769643
771064
772042
774416
774776
779798
780272
780425
781064
781252
783063
783142
783174
786092
787399
788072
788353
788555
788966
790627
793447
794258
794519
795110
797919
798519
798924
799597
800291
800777
801233
801288
801293
803235
803602
804085
804311
805372
806755
807585
807932
808926
809133
809627
809652
810459
810468
810664
811898
813232
813498
813843
818108
819030
819896
822407
825854
826466
827142
827202
827789
828499
831166
832639
835555
838422
838510
840350
841200
841242
841659
841697
842024
842222
842537
844495
847729
847772
848906
849523
850681
851996
852097
852648
852672
853007
853551
853763
855195
855817
857266
858212
858472
859923
860220
860638
861115
862133
863610
863746
864257
864386
864457
865378
867736
868557
869265
871711
871757
873073
874586
875214
878533
878950
879447
879731
885340
885815
888136
888624
888968
888988
889298
891022
891895
895546
895789
898595
898596
898908
899166
899896
901071
901751
902598
904889
906029
906451
907657
908900
910478
911827
915664
918578
919864
919920
920875
921140
921999
922202
922753
922823
923812
924475
925643
926449
926998
927821
927824
930976
932017
932245
932348
934133
934284
934815
935309
935324
935647
935815
937299
940214
941090
941485
942432
945320
946390
947152
947731
948460
949182
949233
952114
958152
958526
958973
959699
960156
960613
960747
961903
962035
963775
964608
964852
965977
966961
967238
967641
969814
970072
971695
971733
973397
973717
976248
978916
980214
980563
982580
984240
984861
986346
988237
989129
989888
990045
990262
990395
990704
992849
993352
995901
998057
999082
