100
4879
11477
12049
26442
31364
36737
57865
68000
76154
76730
98598
104282
111248
113449
129518
143683
145128
154505
177436
179250
181264
185927
189100
190512
198848
213696
214701
216668
231535
241381
242282
252745
278799
308080
314277
319799
325006
328301
330875
331095
332862
350981
352746
355412
360869
380499
386081
389493
402744
416778
428250
443249
449025
466793
467906
472226
559725
566928
570089
576496
577182
584516
586127
589990
601539
604659
629524
651311
658242
683139
683586
697574
700983
701307
701673
714731
731620
752856
755845
768736
772695
777377
805181
829938
837584
837621
844214
849499
859977
861278
879252
904305
905319
930395
936471
941078
973499
980758
984613
997177
