10000
140
311
379
409
576
597
618
790
810
901
950
1027
1046
1071
1075
1107
1140
1444
1475
1529
1531
1555
1568
1597
1697
1796
1799
1918
2195
2241
2260
2309
2400
2411
2574
2585
2690
2769
2812
2826
2849
2900
2921
2984
3087
3149
3482
3560
3640
3694
3776
3934
4072
4086
4104
4518
4586
4809
5023
5350
5451
5495
5680
5942
5962
6010
6236
6344
6741
6805
6828
6884
7067
7429
7474
7745
7839
7970
8047
8197
8219
8265
8307
8431
8529
8564
8639
8651
9037
9104
9287
9325
9353
9450
9623
9652
9654
9682
9722
9727
9931
9981
10032
10033
10107
10118
10221
10255
10273
10310
10321
10343
10629
10708
10711
11062
11502
11564
11707
11742
11789
11801
11823
11827
11828
11842
11894
11967
12115
12271
12316
12360
12538
12619
12653
12757
13028
13111
13186
13234
13235
13298
13444
13454
13554
13629
13686
13715
13729
13830
13903
13942
14018
14022
14184
14365
14388
14472
14611
14700
14934
15008
15102
15169
15227
15267
15297
15385
15511
15568
15577
15583
15627
15635
15679
15857
16275
16498
16850
16968
16992
17122
17213
17250
17315
17479
17619
17623
17690
17930
17946
18002
18071
18134
18402
18454
18473
18528
18612
18621
18689
18721
18729
18746
18806
18871
18918
19033
19195
19236
19420
19647
19736
19875
19885
19898
20032
20071
20124
20138
20222
20345
20413
20681
20719
20749
20896
20948
21084
21238
21262
21284
21341
21468
21507
21545
21922
21945
22318
22323
22419
22711
22950
23078
23086
23403
23464
23525
23557
23622
23628
23675
23783
23788
23798
23800
23807
23920
23977
24049
24062
24100
24153
24294
24546
24978
25046
25184
25304
25364
25404
25557
25819
25962
26109
26134
26207
26298
26428
26439
26572
26618
26659
26702
26841
26861
27008
27016
27069
27182
27306
27471
28002
28184
28239
28290
28340
28574
28645
28694
28970
28994
29058
29094
29237
29238
29304
29345
29491
29595
29622
29651
29714
29758
29786
29803
30243
30263
30327
30350
30760
30847
31438
31440
31462
31481
31508
31611
31770
31814
31938
31993
32070
32081
32353
32761
32855
32953
32974
33085
33305
33379
33463
33572
33674
33765
33824
34006
34084
34180
34222
34274
34314
34517
34672
34699
34805
35030
35203
35238
35246
35253
35257
35431
35450
35794
35918
36263
36523
36660
36699
36854
36919
37030
37178
37216
37389
37597
37662
37733
37782
37907
37933
37981
38195
38202
38312
38572
38721
38731
38855
38967
39001
39381
39438
39506
39521
39590
39592
39647
39756
39873
39896
39944
40034
40088
40106
40125
40153
40225
40377
40448
40837
40880
40918
41056
41263
41340
41436
41528
41551
41570
41660
41814
42231
42434
42528
42540
42736
42816
43016
43018
43058
43513
43691
43737
43738
43810
43840
43904
43919
43937
44018
44237
44248
44363
44396
44486
44527
44538
44552
44619
44725
44826
44830
44872
44901
44906
44997
45152
45374
45388
45422
45497
45737
45743
46055
46122
46176
46312
46323
46494
46570
46828
46838
46931
46972
47012
47026
47050
47104
47130
47310
47389
47606
47661
47673
47770
47785
47883
47982
48013
48228
48481
48490
48552
48567
48638
48737
48835
49088
49261
49305
49374
49408
49443
49515
49521
49700
49717
49827
49829
49855
49922
50575
50581
50740
50747
50762
50783
50812
50845
50864
50890
50987
51055
51231
51475
51647
51686
51700
51859
52001
52146
52260
52312
52485
52570
52613
52625
52758
52858
52942
53303
53516
53545
53698
53742
53827
53855
53875
53879
53883
53976
54143
54148
54330
54506
54571
54616
54779
54838
54892
55126
55145
55216
55222
55436
55497
55557
55597
55623
55758
55791
55804
56179
56196
56582
56866
57069
57075
57433
57781
58036
58075
58185
58215
58238
58415
58476
58638
58689
58722
58763
58819
58909
58909
59146
59220
59264
59277
59456
59562
59568
59713
59733
59968
60086
60089
60233
60898
61009
61048
61078
61130
61198
61246
61266
61333
61953
61970
62086
62203
62292
62540
62543
62566
62575
62609
62750
62795
62803
62919
62951
62952
62974
62990
63010
63017
63081
63111
63152
63277
63323
63363
63409
63740
63869
64257
64280
64559
64720
64792
64810
64965
65077
65122
65131
65250
65318
65620
65898
65971
65993
66115
66225
66349
66410
66483
66571
66596
66693
66794
66873
66935
67322
67632
67662
67771
67896
68040
68232
68270
68323
68419
68439
68545
68660
68955
69007
69018
69112
69212
69310
69325
69454
69456
69739
69910
69956
70285
70344
70380
70587
70894
70908
71010
71099
71203
71213
71251
71699
71712
71741
71970
72046
72109
72158
72164
72299
72378
72534
72567
72626
72685
73090
73198
73242
73422
73456
73532
73560
73600
73697
73713
73818
73830
73883
74095
74430
74434
74444
74453
74591
74599
74748
74766
74928
75041
75047
75343
75474
75616
75644
75746
75811
75863
75963
76010
76090
76177
76242
76251
76443
76580
76603
76866
76974
77002
77094
77344
77360
77676
77697
77957
77988
78137
78264
78331
78357
78543
78557
78630
78655
78664
78745
78770
78842
78888
79129
79177
79491
79507
79510
79582
79649
79651
79660
80038
80051
80061
80061
80487
80538
80859
81024
81154
81167
81411
81421
81505
81607
81634
81651
81749
81804
81872
81952
82000
82144
82242
82866
83049
83360
83428
83621
83634
83659
83747
83764
83904
83999
84022
84041
84094
84188
84247
84294
84349
84386
84388
84553
84577
84612
84613
84614
84736
84737
84914
84946
84981
85032
85050
85065
85105
85215
85307
85650
85881
85986
85992
86341
86537
86730
86778
86836
87015
87089
87099
87167
87185
87444
87517
87642
87817
87835
87872
87979
88157
88259
88522
88650
88776
88862
89040
89154
89406
89459
89550
89555
89568
89613
89650
89722
89820
89901
90091
90119
90215
90290
90308
90367
90460
90504
90527
90552
90559
90712
90806
90867
90886
91233
91250
91266
91323
91358
91392
91633
91680
91879
92004
92052
92245
92389
92511
92634
92786
92839
93218
93230
93269
93355
93382
93481
93644
94006
94067
94127
94378
94396
94450
94451
94604
94750
94817
94856
94858
95101
95333
95614
95699
95891
95899
95974
95984
95996
96059
96213
96307
96314
96324
96548
96638
96668
96718
96745
96781
96938
97080
97282
97716
97721
97811
97999
98072
98079
98083
98119
98214
98217
98241
98333
98425
98601
98605
98636
98844
98846
98873
98890
99062
99066
99119
99283
99321
99356
99398
99415
99419
99470
99632
99926
100040
100045
100048
100095
100114
100140
100150
100257
100268
100424
100465
100491
100507
100744
100816
100978
101031
101169
101510
101541
101618
102017
102159
102211
102357
102492
102556
102588
102618
102736
102763
102868
103008
103057
103129
103259
103306
103443
103468
103520
103661
103967
104058
104083
104227
104488
104493
105090
105094
105140
105379
105416
105553
105577
105711
105947
105948
105986
106111
106155
106238
106378
106498
106512
106529
106540
106669
106739
106761
106791
106840
106869
107155
107176
107218
107605
107717
107852
107954
108051
108131
108314
108317
108348
108433
108454
108534
108602
108960
109135
109140
109262
109483
109543
109598
109620
109691
109911
110048
110107
110146
110173
110187
110284
110380
110484
110497
110647
110701
110959
111144
111172
111202
111216
111423
111499
111525
111531
111640
111878
112400
112403
112410
112506
112532
112689
112858
112879
113083
113189
113619
113646
113700
113879
113894
114038
114210
114243
114245
114337
114370
114382
114483
114526
114653
114751
114910
114927
115108
115208
115389
115654
115665
115861
115930
115977
115986
116112
116332
116351
116565
116660
116795
116897
116905
117280
117392
117657
118170
118277
118413
118415
118426
118516
118535
118939
118973
119167
119286
119373
119390
119508
119626
119722
119826
119896
120041
120042
120252
120312
120388
120425
120498
120552
120606
120796
120808
121267
121415
121435
121441
121549
121562
121645
121740
121740
121768
121816
121883
122032
122064
122142
122192
122261
122268
122338
122407
122414
122733
122782
122804
122822
122862
123085
123129
123378
123773
123884
123993
124047
124305
124326
124407
124719
124812
124853
125280
125314
125323
125363
125467
125798
125839
126063
126092
126238
126244
126295
126464
126541
126554
126558
126666
126767
126804
127253
127354
127410
127521
127810
127858
127877
127895
128302
128606
128652
128654
128817
128834
128870
128874
128883
128975
129173
129299
129322
129357
129484
129553
129561
129625
129675
129727
129758
129845
129968
130034
130041
130315
130356
130596
130721
130982
131136
131155
131272
131523
131688
131690
131704
131870
131902
131966
132115
132142
132197
132262
132287
132290
132293
132306
132452
132588
132665
132745
132746
132759
132765
133206
133221
133537
133548
133573
133610
133940
133987
134149
134248
134282
134322
134423
134593
134604
134937
134975
135003
135057
135097
135311
135445
135720
135762
136080
136210
136315
136380
136402
136403
136435
136501
136517
136596
136814
136888
137088
137150
137443
137554
137793
137823
138002
138014
138323
138352
138371
138502
138652
138653
138832
138875
139075
139088
139476
139572
139588
139657
139761
139899
140050
140064
140140
140249
140326
140396
140427
140570
140819
140871
141032
141034
141239
141643
141666
141737
141739
141896
141964
142178
142274
142447
142623
142640
142711
142794
143150
143206
143241
143395
143494
143957
144016
144032
144040
144313
144344
144493
144562
144651
144679
144732
144748
144785
144861
144895
144965
144997
145002
145089
145190
145490
145691
145782
145784
146008
146154
146300
146448
146538
146568
146689
146856
146861
147057
147081
147156
147291
147465
147494
147580
147594
147662
147671
147855
147946
148019
148052
148115
148157
148380
148657
148728
148813
148962
149099
149342
149554
149632
149666
149806
149895
149933
149965
150064
150502
150620
150814
150905
150990
151097
151268
151399
151622
151681
151893
151909
152039
152058
152105
152120
152139
152315
152389
152497
152555
152596
152786
152931
152943
153165
153234
153318
153519
153551
153607
153632
153653
153700
153955
154018
154096
154458
154542
154586
154603
154853
155078
155188
155253
155514
155619
155655
155693
155764
156119
156329
156496
156496
156508
156669
156723
156861
156874
156980
157176
157181
157381
157402
157428
157499
157529
157549
157660
157725
157730
157747
157894
158012
158130
158199
158360
158445
158668
158754
159026
159543
159549
159571
159667
159733
159739
159755
159988
160000
160075
160154
160330
160353
160354
160598
160658
160879
160929
161065
161142
161201
161285
161381
161444
161489
161550
161591
161640
161653
161789
161892
161926
162306
162357
162464
162484
162509
162539
162691
162794
162796
162818
162896
162984
163206
163209
163248
163353
163537
163603
163605
163778
163830
163902
163931
163945
164114
164215
164323
164479
164562
164584
164600
164644
164661
164701
164953
164983
164993
165070
165105
165200
165222
165651
165913
166100
166147
166167
166215
166394
166412
166477
166698
166735
166991
167045
167076
167079
167088
167291
167327
167730
167791
168082
168134
168175
168378
168383
168565
168684
168828
168888
168913
168974
168982
169088
169153
169344
169368
169375
169456
169463
169634
170141
170156
170167
170177
170324
170348
170349
170470
170485
170646
170734
170776
170840
171078
171095
171096
171127
171161
171375
171516
171541
171827
171889
171968
171975
172084
172116
172151
172260
172377
172379
172503
172548
172644
172697
173065
173153
173161
173171
173275
173290
173693
173704
173860
174283
174494
174495
174905
174918
174982
174986
175255
175290
175296
175344
175392
175409
175687
175817
175942
176031
176204
176277
176300
176323
176468
176540
176574
176575
176746
176830
176882
177285
177492
177561
177967
177975
178083
178123
178214
178293
178370
178451
178503
178675
178678
178899
178915
178959
179178
179407
179536
179585
179772
179840
179864
179904
180061
180076
180120
180284
180300
180356
180707
180914
180958
181024
181071
181136
181207
181272
181429
181674
181834
181948
181965
181967
182068
182111
182143
182171
182430
182497
182537
182724
182833
182865
182924
182954
183000
183817
183819
183968
184051
184223
184240
184294
184369
184382
184475
184605
184768
184794
184867
184930
184949
184992
185221
185246
185378
185484
185881
185884
186111
186135
186141
186246
186442
186443
186559
186614
186687
186721
186762
186971
187131
187402
187525
187575
187630
187831
187904
187918
188194
188511
188635
189102
189115
189164
189337
189552
189566
189929
189935
189954
189971
190010
190281
190329
190523
190576
190600
190628
190708
190927
191151
191243
191517
191544
191605
191605
191647
191763
191791
191838
191940
192012
192021
192031
192177
192201
192396
192424
192485
192657
192700
192756
192768
192813
192990
193015
193046
193093
193232
193343
193427
193488
193500
193738
193775
193975
194007
194144
194246
194280
194334
194431
194486
194595
194723
194742
194746
194761
194776
194805
194927
194954
195023
195091
195253
195895
195904
195919
196191
196223
196241
196328
196470
196507
196548
196648
196675
196786
196791
196855
197069
197209
197244
197340
197421
197488
197637
197684
197718
197787
197798
197824
197973
198025
198257
198282
198335
198412
198445
198451
198488
198510
198734
198816
199047
199059
199083
199125
199159
199238
199238
199248
199285
199391
199505
199603
199656
199680
200049
200094
200250
200278
200281
200305
200315
200492
200538
200546
200600
200676
200731
200758
200821
200843
201008
201192
201195
201264
201362
201396
201607
201706
201751
201772
202115
202148
202192
202392
202464
202469
202563
202677
202849
203099
203142
204096
204207
204213
204232
204254
204444
204778
204809
204922
204942
205051
205098
205135
205155
205173
205177
205301
205398
205426
205516
205527
205532
205564
205660
205784
205852
205908
206066
206090
206112
206218
206265
206313
206340
206645
206773
206775
206938
207028
207189
207238
207261
207266
207270
207271
207404
207633
207643
207746
208047
208055
208074
208172
208344
208364
208507
208543
208613
208615
208830
209019
209098
209235
209265
209278
209507
209561
209621
209674
209950
209993
210090
210143
210193
210238
210356
210436
210752
210797
210855
210869
210987
211122
211195
211202
211345
211359
211396
211508
211566
211603
211805
211888
211987
212131
212256
212556
212635
212662
212669
212676
212762
212878
212933
212938
212955
212994
213071
213296
213597
213650
213653
213741
213774
213799
214066
214235
214352
214408
214523
214607
214651
214658
214677
214798
214811
214973
215225
215241
215292
215299
215360
215421
215435
215438
215547
215683
215747
216222
216222
216246
216371
216442
216699
216704
216734
216947
216986
217070
217077
217187
217187
217223
217322
217344
217392
217532
217642
217977
218054
218115
218330
218375
218451
218785
218836
218843
218920
219012
219249
219346
219679
219709
219750
219850
219865
219909
219956
220206
220358
220413
220446
220490
220537
220581
220654
220684
220815
220871
221090
221134
221180
221349
221377
221515
221703
221788
222195
222260
222286
222411
222681
222743
222774
222818
223077
223220
223319
223399
223474
223769
223792
223880
223978
224064
224109
224331
224428
224606
224655
224724
224785
224894
225091
225129
225334
225444
225671
225813
225883
225907
226063
226198
226220
226354
226485
226682
226841
226890
226898
226921
227190
227197
227225
227441
227487
227577
227746
227870
227978
228133
228157
228278
228444
228499
228607
228672
228946
228961
229095
229102
229117
229268
229402
229472
229507
229583
229760
229850
229895
229899
230064
230137
230137
230192
230279
230325
230450
230461
230537
230645
230645
230691
230728
230874
230886
230911
231095
231175
231335
231343
231374
231398
231408
231991
232098
232394
232436
232828
232947
233211
233502
233506
233878
233913
233918
234015
234058
234157
234246
234374
234423
234552
234565
234578
234624
234630
234638
234761
234872
234966
235076
235227
235440
235512
235644
235667
235692
235942
236118
236225
236227
236444
236464
236489
236564
236704
236755
236812
236926
237137
237157
237279
237318
237356
237531
237810
237984
238010
238033
238152
238223
238273
238424
238495
238563
238750
238850
238938
238988
239180
239262
239291
239387
239600
239624
239749
239768
239792
240077
240390
240527
240528
240546
240597
240747
240877
240975
241300
241489
241518
241702
241788
241880
241971
242048
242198
242259
242327
242331
242451
242607
242684
242920
242984
242991
243188
243523
243584
243636
243714
243873
244135
244263
244391
244495
244526
244644
244930
244971
245064
245216
245528
245618
245632
245654
245667
245708
245829
245903
245929
245976
246334
246345
246449
246476
246565
246792
247092
247107
247117
247203
247264
247353
247395
247415
247459
247470
247493
247551
247577
247707
247786
247863
248203
248427
248490
248493
248520
248601
248696
249050
249553
249575
249643
249820
249940
250024
250094
250187
250306
250443
250752
250765
250792
251169
251261
251265
251366
251429
251436
251510
251656
251723
251792
251802
251856
251865
252005
252035
252038
252049
252196
252319
252351
252491
252506
252555
252590
252592
252722
252836
252947
253002
253013
253057
253096
253152
253219
253405
253433
253514
253593
253706
253837
253886
253922
253943
254015
254040
254188
254217
254246
254412
254429
254583
254634
254752
254824
254922
255042
255251
255265
255287
255444
255451
255485
255516
255655
255743
255965
256017
256179
256347
256428
256508
256509
256542
256880
256897
256941
257064
257112
257266
257327
257343
257433
257534
257692
257754
257892
257893
257998
258006
258117
258140
258486
258495
258593
258616
258834
258890
258916
259104
259207
259220
259289
259350
259376
259450
259552
259704
259775
259832
259841
259926
259976
260198
260502
260566
260590
260605
260709
260746
260752
260792
260920
261466
261603
261675
261709
261744
261850
261975
262030
262296
262413
262597
262695
262696
262702
262794
262891
262959
263246
263339
263363
263369
263480
263497
263561
263594
263761
263865
263885
264046
264078
264203
264422
264590
264653
264739
265071
265131
265185
265264
265434
265643
266373
266383
266508
266562
266568
266659
266770
266877
266915
266953
267255
267265
267442
267468
267500
267592
267669
267717
267796
268201
268207
268220
268236
268263
268303
268483
268545
268571
268583
268608
268710
268749
268939
269005
269137
269364
269384
269532
269536
269559
269578
269739
269885
270216
270583
270982
270992
271132
271208
271493
271515
271536
271622
272027
272121
272353
272367
272757
272812
272880
272996
273032
273056
273174
273179
273259
273332
273437
273541
273573
273578
273605
273647
273717
273796
273898
273973
274010
274077
274160
274184
274293
274303
274367
274461
274553
274693
274787
275214
275552
275637
275699
275748
275780
275931
275940
275983
276146
276163
276242
276333
276449
276453
276515
276515
276606
276676
276958
277012
277044
277147
277288
277412
277488
277720
277787
277819
277867
277884
277984
278007
278070
278174
278227
278280
278432
278458
278494
278513
278838
278852
278873
278884
279026
279151
279389
279568
279613
279842
279887
280008
280078
280174
280381
280387
280562
280625
280812
280894
280963
280995
281078
281216
281300
281699
281721
281816
281884
281945
282137
282301
282740
282755
282904
282963
282979
283034
283093
283161
283330
283528
283675
283685
283797
283887
283925
283979
283997
284024
284037
284288
284431
284559
284562
284617
284654
284699
284748
284787
284823
284915
285052
285128
285403
285641
285966
286052
286194
286332
286415
286436
286470
286691
286729
287112
287113
287348
287371
287379
287560
287594
287642
287651
287679
287741
287806
287843
287889
287896
287968
288058
288137
288450
288490
288608
288628
288749
288762
288921
288929
288956
289089
289091
289233
289396
289524
289543
289853
289895
289981
289984
290041
290390
290413
290458
290499
290722
290793
290808
291034
291268
291319
291498
291729
291769
291783
292024
292026
292038
292054
292121
292725
292756
292866
292870
292904
293064
293120
293121
293149
294186
294277
294317
294805
294906
294922
295098
295146
295198
295208
295481
295525
295712
295744
295795
295885
295956
296317
296422
296704
296875
296895
296922
297065
297093
297745
297920
297930
298003
298089
298583
298700
298736
298776
298831
299074
299200
299212
299343
299441
299478
299620
299700
299782
300104
300230
300394
300412
300493
300514
300567
300581
300622
300789
300835
300851
301070
301129
301315
301358
301566
301603
301729
301806
302112
302276
302333
302428
302451
302560
302602
302650
302656
302882
303014
303070
303166
303227
303417
303496
303666
303668
304186
304226
304566
304657
304782
304808
304829
304831
304851
304858
304874
304896
305161
305176
305220
305354
305748
306009
306103
306357
306358
306577
306592
306600
306632
306645
306797
306923
306958
307074
307184
307198
307323
307409
307450
307570
307663
307779
307799
307985
308144
308154
308159
308169
308185
308186
308326
308552
308586
308695
308751
309188
309231
309283
309309
309615
309673
309764
309901
309915
309987
310045
310325
310443
310453
310566
310619
310648
310743
310833
311145
311209
311325
311435
311452
311480
311688
311707
311718
311779
311802
311984
312052
312244
312392
312413
312537
312546
312778
313032
313107
313199
313455
313491
313525
313540
313600
313615
313717
313728
313971
314078
314221
314476
314658
314692
314784
314874
314982
314986
315020
315285
315326
315647
316039
316145
316158
316408
316422
316525
316530
316538
316617
316968
317073
317079
317117
317144
317289
317405
317408
317482
317528
317617
317674
317714
317761
317950
318078
318171
318443
318462
318462
318518
318628
318657
318681
318707
318942
319081
319191
319213
319226
319386
319683
319684
319690
319775
319892
319953
319966
320074
320185
320362
320551
320727
320882
320916
321084
321127
321141
321297
321304
321335
321389
321563
321563
321693
321828
321847
321903
321948
322021
322152
322461
322551
322600
322605
322805
322805
322971
323030
323042
323392
323430
323500
323501
323555
323772
323971
324058
324171
324819
324837
324888
324914
325014
325250
325355
325420
325618
325761
325810
326027
326266
326269
326361
326391
326508
326571
326730
326884
326956
326958
327247
327504
327505
327554
327612
327720
327899
328294
328312
328713
328828
328874
329033
329092
329111
329191
329200
329604
329663
329669
329792
329927
329944
330108
330221
330427
330476
330494
330587
330718
330738
330797
330811
330834
330907
331004
331013
331176
331206
331584
331623
331641
331702
331954
332040
332105
332199
332272
332326
332419
332618
332757
332866
332888
332892
333042
333141
333266
333357
333363
333398
333472
333485
333496
333506
333592
333768
333810
333896
334095
334266
334322
334384
334393
334446
334762
334976
335019
335034
335040
335127
335143
335236
335351
335399
335401
335615
335649
335965
336012
336081
336141
336167
336179
336308
336427
336515
336537
336656
336663
336713
336810
336978
336999
337012
337060
337077
337164
337433
337559
337726
337784
337822
337840
337845
337917
338125
338207
338302
338304
338468
338472
338786
338883
338919
338927
339030
339045
339094
339106
339678
339785
339857
339920
340480
340535
340543
340584
340620
340718
340830
340860
340931
340985
340996
341150
341536
341594
341836
342043
342112
342247
342380
342490
342632
342720
342915
343088
343140
343197
343557
343567
343797
343877
343886
343888
343903
343919
344385
344434
344467
344519
344617
344654
344657
344748
344791
344816
344819
344843
344851
344853
344858
344862
344869
345022
345039
345087
345164
345216
345230
345466
345496
345679
345713
345851
346045
346248
346268
346397
346491
346728
346813
346924
346954
347028
347127
347131
347237
347240
347253
347430
347543
347551
347688
347883
347908
347922
347993
348023
348035
348137
348210
348219
348351
348869
349131
349161
349177
349242
349246
349273
349317
349548
349569
349573
349659
349660
349700
349704
349711
349758
349831
350071
350440
350454
350524
350605
350664
350740
350809
350903
351019
351024
351071
351077
351162
351225
351257
351369
351405
351432
351665
351796
351824
351865
352007
352146
352212
352230
352321
352325
352544
352879
352927
352940
353042
353046
353269
353281
353497
353579
353634
353706
353793
353980
354044
354118
354213
354226
354273
354301
354422
354434
354530
354578
354669
354747
354893
354919
355051
355155
355215
355545
355665
355694
355708
355860
355890
355900
356003
356007
356032
356161
356305
356475
356483
356484
356628
356642
356716
356905
357002
357092
357150
357178
357215
357218
357451
357465
357551
357635
357848
357889
357897
357907
357940
357953
357953
358096
358171
358380
358411
358930
359033
359087
359146
359231
359246
359356
359410
359475
359576
359629
359821
359861
359945
359950
360120
360267
360623
360658
360689
360826
360833
360910
360910
360982
361233
361347
361396
361399
361473
361550
361904
361978
362058
362115
362215
362293
362404
362485
362685
362858
362872
362895
362951
363086
363090
363105
363122
363211
363368
363437
363614
363831
363997
364026
364040
364072
364078
364126
364206
364233
364274
364541
364686
364721
364868
364886
364929
365026
365068
365128
365203
365229
365326
365425
365427
365433
365452
365713
365821
365975
366035
366080
366083
366112
366170
366202
366215
366337
366341
366342
366389
366419
366494
366568
366722
366808
366868
366880
366938
366972
367076
367097
367180
367309
367566
367574
367594
367656
367700
367761
367805
367808
367855
367899
367904
368114
368240
368269
368474
368562
368615
368663
368745
368794
368801
369271
369632
369759
369794
369801
369810
369816
369956
370013
370152
370205
370358
370619
370707
370813
370950
371129
371188
371245
371320
371329
371451
371459
371507
372182
372240
372254
372275
372406
372542
372551
372584
372659
372693
372748
372784
372872
373218
373356
373357
373450
373467
373564
373617
373653
373782
373782
373881
373951
373982
374211
374264
374294
374537
374624
374659
374887
374891
375091
375101
375221
375256
375459
375514
375521
375523
375523
375629
375671
375727
375759
375767
375807
375840
375983
376148
376182
376335
376498
376579
376827
376955
376957
376965
377258
377529
377595
377598
377872
378044
378057
378098
378283
378304
378614
378842
378872
378904
379002
379084
379492
379653
379679
379813
379847
379909
380146
380413
380437
380512
380696
380737
380817
380836
380837
381049
381136
381297
381657
381714
381726
381740
381761
381785
382132
382153
382281
382287
382407
382411
382461
382475
382527
382593
382659
382676
382772
382791
382801
382813
382890
382909
382966
382977
383170
383270
383325
383482
383487
383493
383525
383568
383583
383586
383686
383731
383897
383927
384045
384364
384471
384668
384721
384959
384965
385185
385265
385347
385512
385596
385859
386207
386222
386292
386500
386631
386636
386968
387002
387028
387333
387379
387445
387924
387947
388201
388213
388332
388392
388397
388402
388545
388598
388659
388718
388860
389059
389134
389162
389254
389293
389317
389343
389398
389412
389465
389470
389508
389526
389564
389725
389869
389930
389941
390072
390189
390251
390278
390291
390331
390516
390580
390647
390654
390699
390746
390806
390865
390898
391131
391132
391437
391590
391597
391626
391675
391914
391982
392013
392049
392069
392184
392302
392312
392353
392507
392557
392951
393081
393127
393249
393252
393316
393323
393569
393594
393620
393874
393876
394027
394194
394238
394287
394516
395050
395060
395244
395618
395676
395689
395737
395743
395817
395957
396257
396328
396466
396479
396531
396605
396624
396674
396884
396975
397149
397288
397305
397793
397938
398155
398199
398380
398438
398546
398596
398673
398810
398930
398954
399048
399058
399084
399274
399426
399440
399487
399595
399597
399611
399622
399666
399727
399765
400013
400172
400520
400554
400897
400957
401062
401135
401377
401499
401916
402070
402203
402277
402373
402388
402612
402614
402630
402711
402728
402754
402771
402845
403087
403232
403375
403499
403629
403801
403863
403877
403976
404227
404227
404253
404377
404485
405027
405291
405516
405655
405937
405997
406113
406114
406134
406170
406185
406209
406221
406549
406569
406597
406808
407003
407064
407075
407170
407665
407676
407776
407874
407944
407952
408002
408097
408175
408214
408269
408556
408605
408765
408785
408787
408842
408919
408923
408938
409030
409161
409234
409273
409343
409356
409361
409362
409371
409377
409388
409641
409662
409798
410048
410115
410147
410281
410343
410423
410756
411039
411135
411490
411542
412119
412497
412545
412613
412615
412690
412939
413112
413140
413233
413322
413483
413627
413659
413715
413852
414198
414460
414554
414573
414601
414626
414639
414646
414667
414686
414706
414737
414783
414871
414897
414944
414963
414968
415129
415219
415342
415621
415730
415984
415994
416070
416158
416324
416412
416484
416530
416651
416945
417155
417217
417250
417417
417430
417466
417623
417693
417890
417938
417939
417975
417995
418011
418042
418101
418147
418419
418461
418601
418627
418641
418854
418949
419322
419351
419663
419692
419839
419882
419949
419960
420216
420250
420337
420371
420384
420660
420665
420844
420859
421026
421176
421277
421380
421439
421492
421555
421693
421717
421825
421920
421941
421955
422121
422289
422611
422721
422752
422757
422814
422882
422983
423332
423346
423492
423598
423673
423709
424000
424174
424313
424356
424455
424567
424580
424624
424630
425040
425045
425050
425053
425093
425168
425270
425318
425341
425518
425539
425596
425799
426017
426045
426109
426126
426147
426407
426447
426591
426620
426658
426864
427002
427080
427229
427460
427479
427669
427850
427924
427929
428020
428160
428302
428418
428442
428457
428472
428513
428530
428643
428783
428852
428911
428940
428949
428994
429013
429080
429172
429413
429465
429634
429773
429877
429935
429941
429965
429980
429995
430100
430106
430286
430445
430786
430828
430896
430983
431038
431337
431361
431364
431434
431524
431619
431686
431720
431788
431835
431875
431876
431959
432062
432154
432428
432611
432866
432925
433119
433499
433600
433794
433922
434113
434192
434420
434460
434509
434584
434850
435081
435103
435164
435533
435540
435542
435646
435662
435704
435821
436072
436253
436327
436378
436506
436720
436722
437020
437084
437145
437282
437349
437578
437632
437663
437689
437868
437874
437910
438193
438567
438590
438608
439022
439239
439333
439626
439641
439664
439704
439926
439958
439974
440016
440048
440101
440110
440236
440263
440369
440388
440391
440433
440460
440554
440661
440661
440722
440816
440830
440843
440935
440942
441084
441130
441136
441208
441340
441421
441490
441491
441555
441746
441754
441811
441942
442064
442070
442103
442219
442234
442248
442254
442258
442765
442777
442795
442979
443041
443164
443167
443315
443435
443533
444122
444180
444241
444447
444636
444645
444744
444828
444924
445063
445258
445390
445486
445683
445831
445888
446128
446136
446213
446249
446258
446365
446503
446558
446661
446781
446901
447437
447485
447486
447487
447526
447538
447765
448037
448040
448138
448139
448224
448430
448565
448603
448606
448706
448895
448967
449065
449148
449337
449552
449607
449690
449706
449762
449805
450410
450485
450567
450627
450736
450774
450857
450900
450919
450926
450986
451289
451546
451689
451699
451714
451785
451855
451921
452281
452311
452344
452542
452558
452587
452671
452759
452773
452805
452898
453045
453257
453257
453259
453306
453576
453651
453690
454135
454165
454245
454247
454290
454295
454326
454403
454419
454445
454683
454811
454837
454860
454944
455003
455016
455266
455277
455284
455319
455389
455605
455674
455819
455859
455953
456005
456070
456151
456322
456335
456427
456470
456526
456597
456625
456678
456697
456812
456882
456976
457150
457204
457292
457298
457396
457425
457464
457558
457718
457737
457957
457966
458086
458100
458319
458346
458357
458369
458697
458721
458737
458745
458775
458793
458989
459049
459105
459117
459169
459217
459327
459527
459636
459735
459816
459819
459843
459905
459999
460068
460115
460203
460657
460820
460821
460873
460903
460907
460926
461073
461175
461225
461267
461308
461323
461498
461743
461747
461959
462022
462440
462669
462676
462677
462765
462972
463021
463376
463618
463811
463870
463876
463902
463930
464180
464422
464474
464518
464746
464771
464795
464813
465061
465121
465170
465191
465343
465375
465415
465475
465521
465538
465546
465738
465860
465941
466033
466195
466243
466349
466447
466548
466645
466661
466720
466848
466971
466979
467220
467300
467329
467341
467469
467538
467571
467630
467665
467931
467946
467987
468276
468285
468298
468602
468635
468830
468982
469024
469030
469032
469078
469156
469267
469432
469492
469580
469801
469989
470276
470292
470382
470426
470776
470851
471095
471176
471194
471228
471680
471784
472002
472054
472082
472398
472463
472522
472553
472567
472617
472633
473317
473318
473376
473391
473428
473430
473457
473615
473616
473692
473838
473866
473910
473944
474174
474235
474334
474368
474545
474561
475111
475264
475352
475478
475538
475698
475866
475927
476213
476291
476294
476313
476360
476547
476578
476603
476608
476731
476736
476755
476884
476999
477144
477157
477180
477225
477263
477315
477405
477466
477545
478199
478280
478331
478437
478680
478953
479106
479162
479234
479541
479561
479603
480000
480019
480037
480288
480472
480575
480596
480600
480635
480760
480801
481085
481146
481246
481275
481384
481440
481473
481589
481667
481669
481892
481948
481991
482066
482147
482155
482233
482352
482401
482521
482733
482900
482956
483244
483358
483491
483557
483681
483717
483825
483980
483981
484006
484078
484232
484266
484278
484316
484379
484523
484566
484915
484924
485021
485032
485060
485072
485179
485216
485504
485530
485581
485635
485986
486076
486096
486178
486210
486368
486488
486575
486656
486674
486687
486831
486896
486944
487099
487179
487448
487510
487592
487809
488025
488216
488414
488593
488660
488680
488726
489024
489056
489180
489190
489194
489196
489197
489329
489384
489457
489584
489624
489799
490020
490367
490383
490404
490473
490656
490862
490948
491098
491182
491226
491390
491406
491489
491529
491653
491779
491836
492103
492105
492173
492179
492318
492350
492555
492559
492574
492808
492810
492913
492940
492957
492971
493068
493140
493269
493281
493303
493304
493314
493551
493566
493624
493815
493817
493997
494054
494149
494181
494273
494309
494501
494825
494992
495071
495079
495128
495583
495593
495750
495834
495895
496049
496332
496349
496479
496521
496785
497021
497306
497501
497541
497547
497555
497584
497799
498001
498382
498682
498861
498864
498988
498997
499013
499083
499219
499238
499277
499436
499543
499569
499813
499816
499821
500081
500141
500499
500512
500661
500738
500745
500804
500864
500965
501046
501091
501130
501278
501410
501480
501530
501531
501555
501676
501865
502004
502027
502120
502151
502440
502462
502644
502687
502745
502890
502930
503093
503136
503171
503219
503305
503417
503505
503775
503941
503984
504087
504181
504364
504404
504484
504505
504585
504650
504942
505089
505385
505574
505684
505730
505953
506116
506160
506182
506398
506404
506538
506593
506736
506787
506827
507083
507162
507201
507501
507526
507530
507698
507704
507746
508097
508182
508350
508415
508499
508561
508620
508633
508663
508713
508734
508919
508939
508956
509063
509233
509298
509426
509568
509585
509704
509751
509757
509787
509839
509951
510152
510278
510345
510370
510398
510586
510661
510737
510777
510917
510921
511328
511365
511478
511705
511765
511887
512005
512110
512332
512405
512473
512477
512550
512594
512708
512788
512837
512842
512995
513072
513102
513147
513216
513235
513262
513316
513364
513388
513583
513591
513607
513808
513809
513870
513945
514066
514118
514190
514245
514345
514346
514360
514389
514442
514509
514510
514548
514613
514695
514701
514751
514784
515138
515182
515482
515538
515641
515871
515893
515952
516293
516337
516359
516646
516702
516721
516793
516809
516819
516899
516996
517278
517469
517639
517743
517749
517761
517779
517946
517973
518029
518147
518414
518539
518645
518680
518736
519040
519112
519135
519225
519304
519373
519480
519544
519611
519637
519639
519643
519978
519999
520089
520143
520277
520608
521429
521528
521571
522360
522507
522733
522778
522810
522876
523085
523156
523217
523333
523408
523557
523585
523675
523716
523869
523988
524101
524134
524161
524254
524948
524958
525107
525165
525180
525270
525528
525680
525869
525874
525957
525965
526173
526226
526606
526715
526813
526941
526976
527135
527402
527422
527654
527781
527788
527975
528010
528026
528512
528651
528682
528695
528716
529152
529155
529210
529238
529241
529423
529555
529556
529596
529597
529923
530002
530019
530020
530063
530179
530231
530286
530450
530556
530657
530682
530741
530837
530870
530890
530993
531049
531055
531097
531127
531231
531235
531259
531641
531707
531813
531863
531905
531911
532186
532240
532268
532615
532753
532756
532794
532827
533357
533507
533581
533737
533744
533988
534120
534138
534325
534358
534360
534443
534444
534504
534632
534661
534662
534684
534792
534819
534857
535060
535074
535336
535363
535609
535665
535683
535822
535847
536011
536051
536533
536640
536730
536757
536830
536838
536910
537273
537480
537505
537528
537583
537613
537818
537982
538008
538178
538242
538267
538302
538519
538602
538623
538664
538676
538688
538900
539247
539395
539499
539594
539613
539763
539832
539946
540136
540328
540500
540505
540617
540734
540818
540867
540976
541416
541432
541597
541625
541640
541862
541874
541935
542062
542259
542271
542347
542370
542376
542423
542824
543194
543222
543337
543530
543540
543573
543670
543753
543867
543935
544216
544253
544299
544379
544672
544686
544838
544950
544953
545164
545176
545493
545707
545786
545807
545910
545958
546006
546126
546402
546473
546506
546722
546729
546745
546852
546911
547144
547291
547315
547464
547478
547716
547774
547785
547870
547885
547890
548076
548095
548213
548307
548336
548408
548463
548670
548759
548789
548841
548862
549045
549068
549086
549099
549152
549217
549400
549527
549588
549639
549724
549752
549810
549936
549949
550071
550299
550303
550375
550398
550535
550537
550627
550716
551011
551014
551087
551263
551275
551474
551567
551673
551706
551717
551727
551748
551855
552054
552090
552107
552136
552308
552342
552374
552486
552605
552758
552802
552811
552919
553089
553179
553274
553280
553409
553579
553651
553811
554165
554181
554196
554258
554319
554582
554761
555043
555089
555127
555337
555360
555415
555531
555631
556037
556065
556264
556341
556514
556517
556801
556917
556941
556973
557008
557065
557322
557415
557497
557573
557581
557950
557966
558197
558259
558352
558558
558655
558748
558796
558828
558977
559025
559072
559379
559413
559421
559686
559709
559801
559989
560034
560049
560219
560353
560480
560497
560557
560753
561226
561354
561549
561740
561877
561938
561975
562016
562104
562242
562339
562426
562522
562680
562751
562915
562949
563043
563082
563265
563491
563609
563811
563836
564073
564191
564220
564314
564458
564629
564780
564966
564984
565128
565215
565263
565285
565419
565615
565761
565860
565906
566370
566395
566430
566438
566444
566665
566690
566723
566749
566875
566978
567094
567104
567230
567403
567429
567525
567594
567790
567834
567977
568047
568283
568391
568562
568593
568622
569013
569095
569301
569314
569315
569352
569508
569638
569915
570053
570214
570221
570261
570333
570620
570783
570783
570789
571036
571176
571301
571356
571685
571754
571800
571997
572045
572092
572160
572167
572192
572242
572276
572616
572766
572965
573176
573274
573329
573354
573368
573384
573560
573980
574001
574046
574348
574607
574681
574823
574847
574876
574931
574943
574987
575054
575089
575140
575147
575262
575302
575422
575515
575750
575772
575828
575897
575935
576096
576153
576160
576163
576337
576427
576853
576948
576990
577292
577311
577315
577351
577476
577609
577696
577721
577830
577850
577865
577899
578046
578120
578121
578379
578413
578563
578626
578629
578646
578710
579406
579567
579605
579828
579849
579862
580009
580016
580104
580170
580184
580274
580332
580398
580689
580694
580732
580739
580839
580852
580978
581148
581241
581551
581683
581735
581881
581975
581984
581986
582120
582142
582303
582372
582373
582438
582466
582490
582687
582885
582943
582950
582966
583051
583187
583241
583278
583488
584226
584254
584293
584610
584682
584765
584783
584814
584872
584931
585162
585249
585329
585446
585457
585503
585618
585633
585655
585691
585698
585817
586146
586352
586402
586461
586474
586495
586605
586633
586673
586684
586705
586754
586791
586873
586887
586936
586949
587344
587360
587403
587603
587670
587797
588028
588029
588153
588189
588414
588439
588443
588444
588446
588471
588531
588700
588800
588950
588977
589009
589108
589354
589489
589535
589804
589824
589891
589992
590008
590051
590172
590190
590326
590334
590338
590418
590631
590669
590669
590752
590777
590788
590836
591026
591081
591164
591184
591402
591513
591580
591618
591629
591716
591764
591784
591829
591851
591852
591948
592000
592048
592103
592159
592179
592372
592657
592742
592824
593031
593041
593068
593129
593329
593512
593685
593712
593786
593825
593877
593929
594002
594311
594386
594445
594528
594599
594897
595007
595370
595385
595569
595610
595667
595837
595844
595847
595855
595897
595982
596029
596192
596323
596391
596476
596909
596916
596981
597002
597216
597412
597550
597577
597819
597909
598003
598428
598432
598438
598529
598712
598800
599019
599028
599342
599392
599454
599581
599636
599705
599837
599855
599927
600210
600286
600338
600606
600878
600902
600905
601113
601119
601139
601288
601290
601484
601522
601596
601619
601677
601789
601812
601957
602099
602175
602183
602185
602235
602257
602326
602332
602487
602586
602787
602838
602899
602971
603012
603469
603533
603654
604022
604443
604450
604482
604807
604960
604973
605159
605325
605388
605415
605585
605658
605717
605858
605859
605922
606053
606104
606251
606370
606515
606638
606650
606989
607065
607333
607386
607749
607791
607906
607965
608057
608369
608458
608516
608566
608692
608709
608725
608756
608810
608869
608907
608989
609017
609094
609223
609279
609326
609531
609653
609703
609877
609893
609967
609995
610162
610209
610292
610297
610372
610386
610390
610427
610621
611001
611126
611202
611268
611433
611459
611483
611536
611568
611805
611843
612025
612183
612269
612387
612445
612602
612734
612738
612745
612783
612858
612934
613015
613178
613238
613253
613267
613396
613402
613412
613571
613594
613642
613685
613911
614116
614156
614189
614229
614428
614454
614460
614481
614539
614704
614733
614965
614974
615177
615194
615299
615554
615802
615917
615924
616053
616074
616105
616463
616636
616667
616892
617057
617067
617104
617294
617409
617433
617757
617782
617803
617858
617895
618004
618071
618227
618398
618521
618600
618657
618716
618849
619192
619303
619437
619504
619603
619763
619930
619932
620152
620156
620211
620285
620288
620420
620745
620780
621064
621110
621132
621314
621341
621478
621819
621886
621904
622057
622128
622203
622226
622256
622302
622312
622451
622571
622638
622648
622682
622723
622774
622779
622874
622915
623213
623274
623322
623435
623602
623841
624022
624070
624096
624166
624237
624299
624467
624529
624610
624694
624729
625262
625313
625731
625765
626069
626260
626533
626636
626672
626862
627035
627085
627099
627118
627173
627381
627420
627460
627511
627563
627648
627697
627737
627761
627971
628014
628030
628090
628170
628267
628330
628331
628503
628560
628714
628825
628833
629044
629073
629397
629413
629516
629917
630017
630186
630404
630415
630464
630490
630631
630645
630806
630826
631098
631148
631214
631377
631502
631574
631621
631753
631985
632089
632094
632168
632275
632297
632744
632779
632785
632852
632979
633201
633224
633484
633653
633656
633743
633938
633938
633941
634009
634010
634046
634094
634166
634221
634238
634246
634266
634283
634423
634501
634629
634823
634878
634897
634928
635068
635148
635165
635263
635283
635293
635310
635480
635561
635642
635678
635913
635974
636461
636534
636606
636769
636842
636919
637282
637306
637360
637386
637445
637711
637772
637871
637947
637987
638010
638146
638270
638276
638330
638440
638477
638544
638575
638577
638697
638730
638767
638991
639061
639096
639124
639132
639199
639387
639428
639480
639552
639564
639583
639789
639894
639937
639953
639964
640048
640206
640389
640404
640537
640556
640565
640630
640654
640663
640789
640990
641175
641246
641252
641259
641429
641510
641628
641792
641865
641936
641996
642017
642021
642055
642079
642160
642240
642319
642413
642437
642597
642719
642720
642846
642848
642871
643081
643206
643241
643321
643338
643547
643610
643662
643699
643918
643955
644087
644207
644248
644312
644358
644632
644655
644675
645137
645189
645380
645413
645563
645627
645728
645910
645964
646202
646239
646525
646594
646661
646703
646797
646836
646928
646979
646997
647020
647180
647290
647344
647346
647377
647417
647420
647633
647662
647792
648100
648368
648532
648586
648594
648639
648674
648747
649148
649166
649211
649216
649280
649312
649537
649583
649808
649814
649851
650142
650588
650595
650745
650784
650850
651000
651073
651092
651135
651163
651178
651229
651474
651843
651885
651903
651934
652158
652202
652227
652290
652382
652412
652433
652490
652591
652746
652854
652943
652944
652969
653046
653080
653115
653137
653189
653201
653442
653530
653564
653572
653774
654016
654493
654506
654870
654916
655108
655161
655205
655269
655275
655365
655717
655749
655853
655863
656075
656096
656232
656255
656262
656297
656344
656479
656639
656639
656862
657004
657021
657041
657082
657134
657183
657203
657333
657516
657572
657792
657811
657825
657859
657954
658142
658154
658283
658523
658629
658956
659096
659136
659230
659310
659335
659344
659475
659496
659511
659701
659805
659847
659992
660124
660211
660337
660357
660391
660405
660412
660540
660586
660794
660827
660868
661079
661274
661445
661691
661766
661815
661956
662472
662505
662544
662669
662749
663127
663185
663215
663369
663431
663651
663737
663791
663873
663962
664231
664375
664557
664582
664615
664804
665142
665150
665319
665359
665376
665435
665489
666017
666038
666088
666189
666191
666517
666619
666627
666765
667062
667236
667428
667715
667845
667846
667871
667905
667922
667979
667997
668079
668099
668197
668431
668524
668641
668788
668864
669085
669141
669254
669259
669405
669508
669625
669652
669796
669989
670134
670142
670204
670282
670504
670539
670585
670913
670968
671075
671096
671133
671149
671256
671282
671433
671592
671618
671748
671923
671978
672285
672290
672335
672479
672562
672579
672583
672591
672611
672701
672739
672818
672825
673036
673118
673228
673254
673458
673570
673652
673866
673930
674094
674216
674246
674247
674448
674587
674588
674702
674923
675113
675338
675371
675438
675571
675861
675888
675891
675955
676004
676147
676366
676458
676701
676749
676842
676857
676928
676963
676992
677014
677121
677129
677159
677168
677184
677728
677793
677854
677861
677869
677885
677923
677985
678022
678024
678036
678064
678165
678192
678363
678388
678529
678620
678659
678883
679056
679145
679149
679314
679423
680005
680328
680418
680444
680592
680769
680827
680848
681121
681338
681359
681398
681564
681681
681851
682131
682287
682494
682551
682568
682843
682903
683046
683072
683094
683206
683324
683511
683568
683612
683804
683871
683919
684051
684153
684169
684445
684533
684558
684558
684633
684672
684730
684835
684956
685022
685140
685211
685262
685303
685673
686135
686282
686313
686387
686566
686566
686932
686950
687105
687206
687271
687276
687610
687638
687668
687778
687825
687831
687900
687960
688232
688401
688403
688494
688529
688571
688927
688949
689264
689277
689296
689314
689356
689412
689629
689705
689766
689811
689856
690003
690078
690268
690289
690350
690414
690479
690606
690637
690644
690662
690670
690692
690735
690778
691003
691017
691095
691135
691144
691180
691203
691307
691344
691387
691438
691486
691519
691720
691729
691825
691832
691862
691871
691990
692073
692133
692152
692207
692300
692705
692714
692762
692852
692983
693182
693231
693532
693591
693731
693787
693793
694064
694290
694361
694498
694635
694656
694757
694805
694872
694944
694995
695040
695085
695306
695663
695696
695851
695889
695913
695916
695930
695982
696000
696066
696124
696154
696167
696311
696320
696485
696809
696843
696883
696989
697034
697073
697195
697284
697342
697387
697441
697716
697751
697762
698010
698115
698170
698222
698340
698419
698476
698591
698668
698682
698715
698889
699116
699168
699249
699372
699786
699864
699942
699961
700079
700087
700220
700292
700422
700588
700594
700617
700675
700717
700757
700811
700880
700904
701001
701172
701233
701249
701382
701483
701515
701569
701572
701624
701775
701779
701838
701874
701948
702151
702222
702288
702383
702473
702734
702745
703053
703166
703341
703440
703533
703694
703714
703871
703894
703986
704117
704158
704202
704209
704214
704239
704244
704339
704434
704449
704660
705017
705070
705126
705230
705401
705548
705570
705586
705599
705633
705655
705819
705996
706020
706028
706227
706424
706436
706590
706627
706633
706767
706796
706897
706899
706901
706902
706962
707082
707462
707939
708063
708124
708250
708264
708575
708886
708940
709124
709151
709198
709340
709414
709595
709633
709729
709782
709796
709877
709957
710083
710353
710404
710517
710542
710782
710799
710882
711052
711272
711340
711346
711368
711730
711738
711986
712075
712201
712209
712634
712957
713162
713287
713319
713390
713578
713852
713910
714012
714122
714208
714334
714450
714544
714592
714612
714639
714683
714698
714755
714798
714885
715041
715218
715354
715386
715425
715740
716151
716347
716362
716367
716596
716793
716970
716975
716980
717104
717467
717538
717615
717624
717760
717781
717960
718263
718501
718592
718684
718852
718885
718895
718907
719191
719225
719277
719390
719418
719430
719570
719575
719791
719934
720207
720211
720338
720345
720533
720618
720740
720862
721036
721141
721268
721313
721435
721453
721570
721602
721694
721930
722024
722025
722225
722251
722258
722299
722368
722421
722575
722635
722641
722691
722698
722779
722808
722948
723113
723343
723457
723503
723598
723735
723737
723790
723902
724015
724017
724407
724525
724614
724641
724693
724696
724816
724826
724869
725002
725377
725408
725458
725460
725475
725625
725667
726134
726243
726317
726372
726382
726437
726510
726697
726753
727079
727181
727263
727357
727516
727600
727678
727843
727853
727922
728026
728205
728324
728505
728728
728804
728931
729080
729247
729277
729301
729431
729466
729612
729764
729809
730245
730303
730411
730438
730531
730748
730789
731081
731180
731198
731239
731310
731317
731347
731438
731681
731686
731919
731930
732217
732300
732648
732852
732961
733057
733256
733472
733667
733679
733681
733732
734260
734552
734638
734693
734702
734823
735231
735357
735513
735727
735884
735999
736327
736434
736524
736544
736720
736780
736826
736894
737022
737112
737142
737147
737211
737307
737325
737370
737594
737669
737721
737889
737966
737967
738224
738260
738532
738651
738673
738695
738862
738891
739436
739461
739499
739524
739562
739665
739724
739881
740032
740107
740174
740203
740210
740274
740304
740489
740516
740544
740729
740751
740858
740998
741003
741023
741048
741083
741170
741200
741252
741488
741538
741594
741624
741696
741714
741778
741782
741854
742178
742203
742435
742519
742605
742745
742821
742836
742877
742907
742937
743052
743325
743432
743612
743779
743892
744036
744084
744136
744250
744554
744653
744746
744763
744875
744952
745061
745110
745481
745492
745520
745651
745672
745761
745922
746026
746032
746069
746144
746295
746469
746526
746625
746733
746767
746845
746989
747035
747037
747276
747307
747465
747544
747575
747678
747850
747908
747930
747969
748142
748183
748245
748271
748388
748409
748783
748898
749008
749060
749064
749071
749405
749427
749431
749511
749587
749702
750045
750314
750327
750459
750472
750498
750577
750629
750847
750975
751286
751302
751310
751350
751386
751440
751478
751709
751802
751851
751904
751907
751988
752353
752476
752512
752590
752626
752784
752813
752836
752882
753051
753103
753117
753186
753329
753361
753375
753532
753560
753665
753742
753871
753895
753948
754034
754120
754226
754394
754795
754831
754838
754878
755054
755088
755184
755315
755323
755337
755338
755484
755705
755730
755766
755834
755845
755850
755860
755889
755921
756286
756344
756559
756572
756760
756981
757010
757272
757476
757484
757574
757774
757807
758395
758474
758536
758607
758869
758914
758921
759018
759201
759554
759989
760053
760091
760112
760139
760318
760390
760457
760504
760574
760624
760648
760729
760809
761222
761253
761288
761425
761623
761694
761748
761871
761906
762123
762139
762218
762256
762298
762426
762454
762525
762584
762737
762760
762834
762880
762936
763191
763229
763310
763369
763384
763386
763426
763441
763459
763780
763837
764028
764081
764089
764127
764241
764253
764410
764494
764515
764550
764554
764663
764719
764749
764799
764864
764909
764916
765168
765173
765175
765259
765351
765609
765688
765700
765732
765883
765892
765981
766003
766066
766194
766577
766606
766657
766730
766813
767030
767294
767371
767393
767444
767499
767905
767927
767988
768046
768101
768149
768232
768529
768641
768789
768854
769124
769180
769304
769373
769395
769488
769494
769556
769646
769652
769687
769751
769765
769810
769982
769986
770057
770057
770154
770180
770328
770400
770487
770691
770716
770760
770835
770850
770954
770991
771013
771047
771206
771259
771358
771426
771452
771458
771497
771583
771822
772038
772192
772376
772511
772642
772680
772852
772986
773182
773352
773425
773535
773586
773835
773963
774094
774160
774183
774235
774299
774615
774620
774756
774985
775401
775424
775454
775465
775500
775586
775611
775617
775672
775703
775733
775781
776013
776097
776155
776187
776231
776508
776619
776643
776943
777017
777165
777437
777576
778081
778317
778506
778720
779177
779714
779728
779914
779934
780212
780223
780237
780349
780389
780443
780541
780589
780697
780810
780848
780998
781254
781395
781532
781585
781619
781736
781818
782036
782058
782183
782215
782325
782510
782583
782595
782889
782901
783052
783062
783426
783470
783799
783835
783863
784095
784098
784148
784157
784268
784373
784518
784551
784552
784553
784888
784921
784926
784961
785070
785074
785152
785153
785180
785337
785428
785554
785597
785599
785739
786064
786255
786292
786313
786315
786417
786437
786444
786579
786593
786610
786613
786710
786735
786778
786857
786925
787098
787428
787546
787550
787679
787702
787709
787738
787780
788083
788138
788213
788540
788652
788740
788848
788894
789118
789213
789364
789555
789586
789867
790051
790141
790245
790490
790694
790701
790820
790850
791051
791203
791418
791521
791744
791772
791778
792003
792020
792221
792334
792416
792532
792605
792620
792642
792907
793002
793047
793107
793119
793217
793247
793473
793581
793593
793608
793610
793640
793824
793951
794016
794038
794071
794128
794264
794570
794574
794631
794858
794901
794920
795022
795065
795095
795181
795251
795311
795388
795418
795526
795543
795692
795756
795834
795854
795877
795890
796137
796273
796293
796354
796487
796489
796490
796735
796780
796929
797024
797080
797203
797289
797351
797588
797667
797714
797781
797794
797850
797966
798221
798319
798421
798441
798494
798494
798514
798605
798751
798768
799055
799071
799195
799522
799576
799583
799698
799713
799802
800396
800645
800838
800987
801005
801122
801126
801165
801301
801499
801542
801756
801859
801928
802046
802082
802205
802222
802267
802270
802293
802298
802328
802359
802527
802638
802676
802791
802883
802985
803087
803106
803343
803384
803385
803445
803563
803698
803705
803936
804009
804107
804158
804455
804538
804595
804644
804759
804775
804848
805016
805194
805291
805563
805808
805934
806001
806060
806127
806168
806236
806261
806340
806342
806364
806424
806534
806540
806567
806734
806820
806853
807326
807417
807784
807863
807875
807905
807916
808104
808164
808183
808325
808358
808426
808484
808511
808643
808729
808798
808938
808951
809062
809083
809138
809185
809362
809371
809373
809506
809680
809890
809986
810064
810340
810432
810834
810980
811122
811176
811189
811276
811372
811766
811963
812209
812221
812293
812764
812769
812804
813105
813142
813272
813295
813334
813349
813577
813632
813698
813766
813906
814107
814189
814220
814310
814452
814453
814581
814633
814659
814695
814908
814927
815096
815127
815153
815229
815341
815445
815477
815576
815634
815790
815816
815828
816055
816225
816323
816659
816714
816737
816780
816933
816963
817001
817006
817035
817048
817189
817211
817217
817427
817533
817614
817796
817884
817884
817954
817968
817995
818000
818011
818071
818141
818158
818166
818229
818819
818834
818904
819162
819252
819254
819278
819296
819427
819431
819433
819500
819568
819654
819680
819834
819903
819946
820021
820163
820238
820264
820294
820315
820466
820486
820505
820608
820630
820686
820817
820837
820888
820927
820928
820932
820985
821103
821194
821272
821312
821369
821411
821636
821693
821695
821703
821760
821854
821934
822151
822586
822609
822646
822681
822703
822850
823074
823351
823387
823489
823536
823788
823847
823887
824236
824382
824405
824426
824597
824770
824775
824789
824810
824895
825065
825097
825205
825326
825446
825565
825598
825958
826242
826354
826367
826388
826423
826439
826450
826568
826614
827072
827122
827214
827392
827482
827579
827587
827607
827673
827878
827885
827908
828035
828140
828237
828248
828262
828288
828348
828533
828610
828768
828803
828843
828903
828958
828975
829054
829113
829171
829468
829725
829775
829779
829913
829951
830057
830137
830173
830614
830688
830966
831075
831093
831100
831182
831323
831469
831491
831704
831964
832089
832188
832348
832360
832375
832402
832559
832589
832621
832725
832884
832930
832997
833003
833066
833268
833328
833336
833529
833717
833762
833774
833846
833850
834064
834107
834168
834313
834392
834528
834598
834641
834664
834683
834844
834901
834915
834980
835043
835057
835228
835276
835323
835352
835377
835449
835478
835610
835671
835681
835739
835806
835886
836431
836477
836513
836695
836778
836855
836905
837056
837139
837395
837459
837459
837496
837561
837595
837671
837841
837919
837948
837977
837980
838004
838118
838523
838542
838739
839084
839106
839624
839730
839774
839949
840061
840070
840089
840137
840167
840293
840448
840477
840496
840839
840880
840918
840930
840946
840977
841012
841091
841271
841405
841461
841659
841796
842158
842193
842215
842279
842601
842733
842798
842894
842928
843038
843154
843187
843279
843291
843552
843821
843931
843939
843978
844155
844451
844613
844818
844945
845177
845326
845408
845615
845647
845690
845706
845809
845907
846103
846266
846268
846353
846670
846788
847057
847222
847267
847288
847628
847659
847666
847682
847809
847823
847863
848060
848133
848220
848357
848396
848402
848412
848582
848649
848704
848925
848954
849565
849606
849660
849742
849774
850064
850075
850165
850179
850342
850393
850484
850595
850708
850828
851047
851185
851192
851671
851676
851729
851895
851936
851993
852033
852392
852412
852750
852879
853152
853172
853214
853346
853355
853373
853450
853456
853695
853799
853885
853886
853960
854012
854072
854118
854237
854261
854282
854418
854447
854486
854506
854682
854829
854934
854957
855231
855466
855511
855578
855765
855919
855993
856060
856085
856136
856178
856262
856304
856605
856721
856748
856893
857066
857077
857315
857497
857499
857638
857640
857759
857773
857953
858077
858102
858206
858563
858653
858761
858913
859035
859144
859392
859396
859525
859563
859699
859872
860032
860070
860089
860220
860326
860365
860564
860571
860620
860648
860649
860749
860831
860843
861046
861068
861082
861138
861175
861203
861451
861570
861800
861819
861873
862209
862263
862322
862441
862442
862470
862640
862694
862751
862881
862978
863056
863164
863205
863216
863312
863323
863341
863391
863602
863696
863743
863875
863897
864502
864537
864906
864971
864972
865068
865170
865309
865385
865406
865546
865622
865630
865652
865656
865701
865752
865887
865978
866223
866295
866454
866699
866738
866844
866960
867098
867108
867157
867182
867199
867317
867431
867450
867570
867660
867779
868279
868507
868534
868568
868611
868846
868860
868965
869169
869253
869261
869357
869361
869795
869909
870140
870357
870393
870409
870425
870463
870524
870582
870614
870659
870731
870738
870783
870828
870871
870949
871088
871223
871236
871267
871317
871327
871356
871470
871516
871664
871671
871678
871757
871779
871807
872072
872104
872320
872354
872383
872412
873040
873078
873086
873137
873227
873280
873322
873336
873382
873389
873444
873467
873998
874013
874208
874662
874710
874796
875010
875243
875387
875450
875624
875724
875839
876055
876071
876108
876221
876234
876449
876727
876968
877138
877276
877285
877305
877306
877647
877682
877704
877825
877961
878130
878181
878191
878217
878243
878460
878469
878638
878651
878703
878763
878905
878970
879049
879304
879348
879376
879394
879404
879773
880056
880190
880605
880699
880826
880852
881061
881103
881232
881315
881368
881411
881457
881707
881745
881747
881756
881906
882013
882365
882381
882418
882543
882543
882577
882907
882949
883085
883235
883244
883298
883583
883598
883712
883733
883858
883896
884023
884120
884168
884206
884230
884233
884239
884371
884390
884463
884545
884757
884763
884806
884864
885577
885657
885792
885860
885891
885940
885974
885995
886294
886364
886535
886562
886583
886619
886620
886790
886823
886898
887025
887046
887174
887288
887445
887485
887580
887831
887897
887982
888027
888081
888081
888104
888171
888436
888450
888501
888592
888804
888849
888924
888935
889014
889050
889051
889251
889330
889445
889449
889522
889625
889675
889748
889761
890105
890225
890560
890602
890683
890734
890813
890900
890916
890956
890984
890988
891146
891152
891185
891311
891329
891375
891411
891453
891457
891600
891601
891866
891868
892027
892168
892179
892230
892314
892398
892529
892704
892739
892764
892852
892891
892911
893109
893396
893544
893588
893595
893877
894073
894084
894088
894143
894251
894647
894654
894937
895304
895361
895465
895572
895579
895729
895893
896190
896209
896221
896242
896298
896378
896409
896605
896617
896715
896728
896858
896943
896974
897249
897268
897408
897638
897737
897750
897758
897829
897857
897952
898025
898111
898319
898435
898618
898821
899007
899077
899419
899500
899508
899517
899648
899701
899867
899921
900227
900330
900466
900473
900518
900651
900701
900703
900730
900762
900776
900815
900926
900971
901049
901051
901103
901146
901181
901195
901270
901527
901634
901662
901719
901825
901934
902082
902115
902194
902225
902244
902317
902339
902468
902704
902722
902773
902808
902897
902942
903080
903152
903168
903170
903260
903690
903776
903866
904139
904359
904381
904389
904441
904483
904833
904924
904930
905172
905261
905434
905554
905609
905688
905718
905820
905933
906105
906118
906258
906470
906617
906678
906695
906821
906846
907082
907140
907201
907239
907332
907425
907459
907579
907698
907998
908062
908273
908283
908319
908338
908405
908445
908508
908546
908659
908708
908764
908893
908899
908938
908996
909227
909282
909350
909504
909509
909517
909583
909773
909842
909874
909887
909894
909986
910300
910758
910769
910923
910961
910973
911084
911337
911603
911806
911847
911915
911946
912070
912253
912353
912544
912594
912594
912671
912698
912751
912852
912945
913105
913162
913164
913324
913718
914114
914320
914451
914632
914634
914903
915030
915163
915394
915496
915522
915557
915671
915798
915911
915959
915981
916006
916148
916151
916183
916209
916332
916348
916470
916573
916653
916715
916918
917186
917237
917376
917440
917650
917674
917715
917780
917978
918031
918084
918370
918461
918462
918476
918671
918788
918832
918853
918863
918910
918922
918999
919019
919139
919358
919673
919728
919763
919915
920053
920186
920397
920458
920487
920588
920879
920897
920898
921087
921232
921285
921346
921602
921612
921700
921775
921988
922016
922125
922344
922484
922512
922677
922948
923008
923086
923182
923209
923341
923343
923354
923452
923516
923534
923725
923902
923988
924028
924097
924125
924184
924314
924318
924345
924569
924582
924697
924757
925050
925237
925264
925441
925474
925543
925600
925785
925830
925882
925901
925955
925969
925997
926001
926024
926241
926349
926591
926633
926722
926873
926944
927124
927149
927226
927290
927348
927371
927798
927825
928202
928345
928363
928364
928423
928687
928701
928767
928790
928838
928908
929160
929490
929501
929526
929542
929556
929850
929898
929923
929935
929977
930210
930314
930425
930444
930642
930699
930745
930937
930949
930973
931198
931206
931265
931405
931569
931586
932008
932187
932204
932330
932394
932417
932594
932672
932673
932783
932808
932923
933070
933111
933205
933422
933423
933445
933460
933512
933588
933650
933677
933786
933809
934124
934137
934383
934392
934443
934460
934518
934694
934699
934806
934820
934893
934983
934988
935238
935305
935531
935798
935820
935857
936182
936434
936556
936672
936814
936816
936878
936949
936976
937002
937013
937020
937106
937145
937306
937413
937457
937547
937693
937704
938245
938518
938526
938772
938910
938923
939074
939401
939407
939831
939882
939955
939984
940036
940120
940196
940251
940382
940407
940452
940455
940462
940501
940799
940831
940905
940948
941043
941080
941084
941110
941247
941387
941453
941530
941748
941763
941766
941891
941935
941936
941943
941997
942042
942307
942319
942319
942392
942430
942550
942654
942760
942919
942988
943007
943042
943115
943129
943276
943477
943550
943551
943554
943681
943757
943831
943845
944305
944335
944446
944457
944616
944666
944675
944688
944789
944872
944923
944951
945003
945057
945101
945109
945133
945337
945511
945550
945608
945736
945740
945742
945779
945846
945873
946020
946146
946183
946248
946378
946423
946436
946443
946464
946546
946620
946673
946687
946876
947207
947335
947366
947627
947652
947711
947753
947762
947943
948037
948101
948141
948293
948459
948464
948524
948536
948601
948637
948667
948755
948770
948852
949062
949118
949241
949297
949430
949593
949611
949662
949678
949755
949847
950143
950346
950477
950572
950630
950736
951006
951137
951172
951202
951208
951220
951293
951580
951647
951839
951848
951884
952002
952107
952325
952419
952455
952456
952537
952627
952734
953013
953017
953134
953358
953395
953398
953600
953732
953808
953885
953891
953903
953904
953951
954041
954100
954177
954213
954268
954348
954387
954444
954551
954559
954643
954894
955031
955037
955274
955488
955506
955508
955796
955860
955972
956017
956042
956122
956229
956286
956339
956371
956449
956580
956590
956593
956610
956666
956720
956926
956983
957056
957171
957246
957396
957722
957795
957839
957911
957935
957986
957999
958083
958138
958190
958212
958238
958607
958661
958724
958928
959038
959052
959209
959351
959358
959387
959419
959529
959579
959638
959709
959716
959893
959899
960153
960183
960248
960269
960344
960366
960414
960433
960490
960512
960555
960652
960660
960767
960784
960827
960863
960905
960957
961249
961312
961435
961491
961514
961551
961601
961644
961781
961791
962037
962107
962202
962224
962266
962710
962746
962748
962863
962927
963085
963124
963159
963374
963391
963502
963669
963921
963947
964180
964226
964243
964416
964740
964782
964846
964897
964899
964958
964967
965047
965139
965217
965739
965834
965838
965919
965981
966105
966113
966296
966313
966446
966497
966500
966574
966813
967150
967162
967345
967653
967712
967736
967891
967926
967937
967968
968174
968197
968262
968322
968324
968379
968543
968636
968655
968709
968714
968717
968805
968844
968918
968950
968956
968975
969003
969129
969336
969365
969463
969474
969493
969503
969566
969625
969782
969968
970425
970524
970625
970653
970830
970839
970870
971024
971338
971383
971390
971462
971518
971570
971661
971714
971733
971795
971819
971961
972039
972045
972116
972263
972264
972286
972288
972344
972447
972501
972548
972597
972727
972794
972808
972972
973034
973051
973389
973416
973908
973975
974095
974610
974630
974676
974715
974859
974897
974913
974972
974985
975012
975345
975518
975635
975712
975758
975788
976009
976074
976086
976092
976289
976370
976531
976561
976625
976736
977275
977379
977558
977715
977720
977823
978021
978337
978582
978677
978706
978819
979268
979422
979530
979539
979710
979788
979821
979852
979901
980195
980255
980346
980365
980410
980436
980573
980583
980648
980675
980726
980951
980977
981034
981063
981184
981194
981379
981612
981708
981784
981792
981826
981890
981928
981988
982048
982100
982284
982353
982393
982411
982558
982566
982589
982624
982923
982935
982992
983117
983300
983403
983645
983831
983902
983999
984063
984096
984179
984241
984346
984365
984411
984505
984610
984777
985095
985141
985151
985563
985905
986109
986121
986178
986274
986333
986353
986446
986458
986584
986642
986942
986960
987075
987212
987234
987399
987594
987649
987661
987674
987820
988063
988081
988119
988202
988311
988439
988451
988455
988544
988564
988741
988762
989162
989229
989278
989422
989422
989496
989509
989546
989614
989616
989823
989940
990057
990127
990139
990184
990209
990335
990339
990376
990382
990444
990489
990526
990559
990808
990846
990855
990868
991065
991153
991628
991677
991764
991915
992280
992379
992733
992755
992764
993027
993029
993062
993110
993135
993193
993301
993461
993803
993872
993885
994136
994168
994207
994256
994285
994308
994356
994393
994433
994724
994748
994845
994858
994938
995069
995076
995187
995289
995390
995540
995588
995592
995665
995842
995916
996053
996075
996257
996257
996470
996486
996494
996509
996598
996672
996830
996917
996977
997141
997170
997451
997542
997557
997563
997663
997688
997893
998364
998403
998902
998907
999100
999241
999278
999411
999433
999797
999815
999994
