10000
221
229
300
327
385
473
542
617
806
865
879
902
1178
1563
1663
1706
1858
1952
1959
2260
2279
2350
2360
2395
2402
2416
2544
2623
2675
2719
2928
2958
3114
3155
3220
3350
3418
3463
3463
3561
3585
3712
3781
3952
4128
4143
4215
4446
4464
4518
4569
4734
4906
5015
5015
5049
5060
5348
5366
5403
5518
5667
5733
5855
6139
6143
6326
6401
6525
6538
6577
6586
6724
6732
6816
6844
6878
6903
6997
7011
7100
7472
7505
7593
7605
7641
7651
7677
8085
8254
8271
8358
8423
8760
8987
9728
9742
9776
9914
10019
10359
10397
10421
10454
10455
10464
10499
10659
10803
10930
10954
11112
11281
11398
11475
11695
11740
11822
11852
11920
11954
12117
12241
12408
12652
12712
12751
12851
12870
12985
13022
13070
13097
13103
13126
13241
13314
13375
13410
13607
13649
13657
13732
13746
13913
14116
14175
14182
14440
14508
14551
14706
14839
14905
14971
15025
15081
15150
15204
15587
15644
15776
15843
15919
16170
16336
16354
16762
16773
16915
17213
17377
17544
17851
17942
17988
18101
18206
18221
18604
18623
18630
18654
18730
18817
18845
18944
19008
19106
19170
19208
19212
19213
19580
19602
19620
19632
19692
19757
19846
20022
20451
20456
20627
20721
20766
20852
20921
21005
21167
21221
21258
21333
21660
21713
21776
22007
22100
22116
22256
22273
22436
22532
23006
23027
23394
23617
23738
23775
23877
23886
24007
24249
24376
24396
24498
24743
24815
25139
25251
25296
25688
25694
25787
25800
25994
26046
26056
26097
26272
26277
26311
26570
26781
26786
27078
27191
27265
27266
27342
27547
27589
27613
27690
27811
27971
27981
28035
28324
28369
28420
28421
28524
28643
28727
28897
28931
28969
28996
29033
29181
29271
29303
29320
29347
29451
29479
29557
29653
29713
29804
29841
29923
29966
30087
30226
30288
30565
30794
30805
30814
30955
30984
30995
31215
31257
31274
31364
31452
31501
31678
31750
31885
31994
32056
32062
32100
32285
32487
32728
32924
33085
33349
33381
33578
33613
33817
33906
33938
34024
34110
34309
34442
34501
34632
34656
34690
34837
34901
34915
34968
35068
35077
35104
35202
35204
35249
35342
35540
35627
35727
35738
35773
35975
36090
36161
36208
36299
36383
36432
36496
36661
36758
36785
36987
37004
37055
37145
37174
37362
37387
37693
37896
37904
37978
37991
38064
38159
38451
38757
38925
39027
39224
39261
39278
39339
39384
39446
39492
39561
39704
39914
39942
40070
40184
40248
40307
40350
40478
40484
40494
40511
40571
40621
40652
40658
40800
40889
41033
41117
41214
41295
41391
41509
41737
41839
41856
41892
42239
42369
42458
42487
42531
42733
43111
43174
43218
43230
43704
43782
43832
44130
44253
44448
44492
44512
44805
44808
44824
44831
44955
45140
45178
45287
45297
45383
45433
45461
45531
45548
45626
45660
45665
45665
45684
45976
45979
45987
46131
46142
46192
46436
46514
46605
46733
46783
46814
47122
47540
47593
47648
47907
48215
48283
48359
48605
48754
48818
48821
49171
49313
49433
49507
49545
49624
49781
50187
50262
50291
50327
50383
50398
50420
50559
50665
50681
50743
50850
50874
50890
51141
51169
51467
51470
51592
51682
51707
51736
51820
51841
51896
51930
52221
52409
52569
52716
52904
53252
53391
53429
53587
53605
53694
53846
54070
54109
54114
54150
54254
54392
54466
54528
54675
54698
54706
54814
54839
54875
54877
54923
55198
55228
55530
55541
55543
55644
55794
55985
56077
56094
56167
56190
56235
56270
56365
56372
56447
56531
56541
56646
56798
56859
57042
57177
57311
57384
57734
57892
57965
58078
58225
58625
58628
58672
58817
58821
58863
58928
58959
59010
59030
59072
59117
59211
59215
59249
59285
59390
59821
59835
59904
60002
60116
60137
60281
60512
60563
60584
60920
60932
61065
61300
61308
61444
61506
61566
61575
61661
61750
61788
61834
61912
61939
62014
62032
62218
62276
62595
62718
62792
62856
62871
62949
63360
63438
63515
63539
63731
63926
63951
63951
63959
63959
64152
64340
64402
64624
64697
64767
64820
64904
65007
65044
65050
65113
65160
65206
65289
65526
65533
65717
65737
65818
65956
66033
66299
66398
66410
66643
66667
66839
67017
67044
67394
67441
67709
68012
68174
68467
68488
68573
68698
68787
68795
68843
68908
69053
69053
69196
69210
69384
69513
69606
69685
69706
69727
69782
69831
70001
70104
70182
70188
70439
70510
70597
70672
70762
70777
70874
70878
71046
71059
71072
71262
71390
71410
71542
71554
71566
71871
72064
72122
72267
72441
72542
72613
72640
72707
72711
72808
73038
73066
73160
73185
73264
73291
73358
73536
73572
73628
73916
74172
74250
74368
74722
74777
75032
75043
75047
75363
75479
75485
75584
75790
75843
75847
75976
76192
76302
76397
76412
76419
76747
76789
76920
76966
76984
77055
77351
77377
77529
77578
77588
77618
77779
78001
78057
78084
78092
78143
78176
78280
78320
78321
78621
78884
78890
78891
78910
79018
79061
79107
79172
79257
79351
79758
79763
79768
79942
80103
80205
80233
80347
80356
80413
80443
80515
80833
80860
80895
81027
81198
81478
81478
81478
81652
81739
81926
82013
82013
82103
82178
82284
82323
82444
82649
82723
82886
82908
82973
82987
83061
83082
83095
83140
83377
83432
83611
83693
83926
83962
84045
84086
84112
84203
84555
84576
84708
84763
84831
84896
84996
85075
85105
85473
85522
85553
85709
85717
85753
86097
86114
86289
86336
86347
86538
86666
86739
86739
86778
86806
87229
87445
87499
87500
87501
87624
87688
87716
87785
87848
88101
88196
88249
88258
88420
88506
88684
88751
88999
89053
89167
89462
89475
89498
89513
89560
89626
89672
89893
89894
89911
90011
90222
90384
90482
90519
90522
90604
90649
90716
90751
90751
90755
90817
90849
91030
91095
91096
91203
91416
91482
91727
91774
91851
91867
92037
92045
92082
92108
92115
92209
92342
92349
92765
92795
92848
92861
92942
92993
93027
93093
93346
93438
93571
93585
93589
93593
93762
93813
93898
93956
93970
94004
94036
94042
94070
94118
94120
94337
94357
94444
94535
94675
94825
94957
95008
95011
95042
95098
95322
95454
95517
95553
95860
95970
96054
96172
96215
96258
96462
96592
96592
96633
96661
96756
96853
96858
96873
97020
97145
97147
97331
97398
97420
97548
97897
97917
97966
98058
98096
98127
98165
98207
98445
98494
98685
98820
99012
99151
99186
99251
99281
99411
99461
99771
100051
100080
100094
100182
100249
100336
100388
100417
100451
100564
100598
100673
100679
100758
100915
101021
101022
101117
101244
101255
101405
101473
101609
101695
101726
102269
102523
102591
102624
102634
103096
103319
103529
103549
103693
103770
103798
103859
103989
104079
104228
104318
104325
104446
104488
104538
104619
104755
104808
104925
104966
105217
105561
106020
106176
106283
106300
106326
106459
106465
106511
106591
106832
106866
106874
106881
106953
107026
107069
107161
107166
107211
107308
107310
107388
107559
107619
107786
107961
108378
108408
108437
108637
108801
108835
108836
108969
109164
109189
109250
109348
109355
109441
109702
109953
110090
110391
110423
110455
110458
110723
111031
111111
111122
111325
111331
111412
111511
111560
111635
111701
111734
111735
111791
111889
111916
112079
112087
112190
112195
112195
112214
112257
112345
112412
112543
112598
112745
112749
112778
112929
113000
113033
113126
113135
113233
113544
113566
113747
114058
114171
114439
114445
114513
114882
114992
115087
115124
115335
115580
115626
115647
115731
115840
115847
115950
115955
116190
116339
116464
116554
116601
116614
116925
116929
116953
117018
117151
117201
117494
117505
117511
117657
117667
117769
117821
117975
118346
118434
118482
118520
118611
118721
118727
119059
119101
119127
119262
119314
119349
119377
119427
119506
119661
119676
119794
119986
119992
120021
120022
120029
120232
120261
120317
120525
120568
120694
120750
120793
120824
120837
121166
121176
121193
121503
121539
121630
122137
122256
122300
122328
122376
122489
122669
122716
122958
123247
123255
123279
123301
123330
123334
123420
123536
123726
123764
123862
123933
123990
124103
124205
124225
124231
124398
124529
124727
125080
125108
125211
125246
125252
125318
125354
125404
125419
125496
125583
125600
125680
125689
125718
126071
126075
126089
126098
126194
126385
126415
126571
126628
126733
126774
126955
126955
126985
127010
127142
127522
127642
127674
127756
128189
128459
128499
128512
128682
128704
128748
128842
128860
129036
129155
129205
129389
129479
129910
130023
130070
130123
130149
130195
130340
130361
130522
130627
130678
130720
130735
130775
130864
130866
131090
131119
131174
131321
131339
131491
131493
131572
131607
131737
131770
131803
131865
131928
132148
132172
132333
132336
132359
132569
132746
132808
132813
132867
133015
133068
133149
133180
133224
133229
133408
133500
133544
133557
133644
133738
134027
134059
134218
134338
134426
134608
134630
135124
135169
135228
135316
135345
135351
135533
135724
135767
135968
136067
136083
136186
136487
136501
136552
136568
136655
136683
136868
136937
136962
137014
137234
137260
137280
137305
137537
137680
137778
137805
137987
138021
138038
138057
138435
138447
138509
138509
138559
138664
138730
138824
138953
138963
139078
139127
139267
139300
139591
139603
139645
139929
139938
140329
140367
140399
140406
140456
140461
140473
140479
140485
140592
140724
140729
141214
141260
141334
141361
141399
141402
141486
141503
141636
141700
141718
142102
142154
142249
142253
142312
142601
142826
142919
142949
142955
142957
142980
143174
143504
143560
143571
143646
143901
143948
144058
144209
144259
144350
144413
144469
144667
144691
144743
144777
144841
144860
144903
145197
145336
145353
145365
145466
145492
145542
145587
145816
145882
145925
145998
146055
146422
146532
146588
146804
146872
146962
146995
147028
147282
147367
147486
147499
147645
148040
148195
148549
148572
148662
148667
148698
148710
148740
148761
148885
149118
149158
149274
149399
149461
149534
149580
149705
149756
149768
149942
150056
150402
150704
150795
150819
150897
150963
151075
151320
151345
151386
151535
151598
151622
151670
151694
151772
151782
151940
152052
152084
152354
152381
152465
152483
152699
152841
152881
153012
153125
153304
153366
153485
153606
153627
153662
153683
153688
153956
153972
154036
154237
154380
154457
154540
154551
154747
154792
154932
155027
155079
155098
155110
155175
155274
155962
155982
156016
156079
156143
156745
156892
156918
157006
157060
157106
157361
157389
157470
157544
157767
157904
158051
158059
158176
158196
158305
158349
158612
158620
158709
158813
158832
158886
158996
159060
159211
159235
159255
159288
159319
159342
159348
159449
159562
159573
159582
159670
159737
159743
159830
159877
160427
160445
160498
160556
160799
160819
160820
160995
161202
161358
161465
161486
161530
161653
161823
161974
162151
162211
162373
162445
162655
162731
162748
162913
163061
163199
163271
163421
163444
163550
163647
163836
164121
164133
164208
164235
164432
164434
164470
164532
164565
164620
164927
165072
165092
165178
165283
165441
165481
165515
165593
165678
165720
165836
165986
165999
166035
166072
166193
166337
166516
166581
166643
166737
166917
166961
166985
167005
167060
167101
167435
167468
167585
167821
167876
167946
168123
168136
168154
168283
168512
168534
168586
168617
168748
168763
168771
168779
169086
169116
169122
169178
169551
169596
169602
169721
169896
169921
170337
170456
170502
170772
170941
170972
171011
171163
171253
171274
171938
171991
172164
172247
172259
172415
172484
172602
172817
172868
172912
172994
173015
173075
173219
173229
173304
173479
174306
174463
174561
174655
174732
174862
174876
174880
174929
175008
175233
175335
175361
175554
175583
175788
176072
176113
176387
176421
176500
176611
176705
176831
176866
176875
176980
177001
177420
177665
177752
177755
177767
177866
178180
178206
178246
178334
178356
178378
178382
179050
179117
179545
179616
179627
179690
179709
179757
179924
180118
180128
180570
180695
181045
181174
181187
181298
181368
181368
181368
181463
181495
181515
181557
181617
181691
181769
181855
181992
182031
182322
182419
182452
182463
182495
182646
182809
182944
182979
183109
183147
183253
183278
183361
183584
183637
183695
183706
183775
183940
183970
183999
184104
184272
184360
184478
184624
184656
184709
184712
184727
184922
184961
184996
185101
185248
185389
185437
185512
185695
185743
185743
185830
185955
186158
186190
186249
186350
186539
186598
186838
186946
187113
187373
187415
187505
187521
187554
187645
187734
188006
188104
188174
188667
188788
188934
189197
189557
189633
189678
189693
189853
189871
189877
189904
189933
189973
190036
190167
190537
190712
190793
190794
190913
191046
191133
191223
191295
191319
191344
191519
191530
191644
191699
191751
191792
191881
191954
191963
192246
192323
192499
192528
192567
192714
192796
192829
193400
193440
193501
193536
193543
193700
193719
193745
193772
193801
193945
194011
194031
194253
194292
194302
194383
194409
194490
194774
194880
194959
195022
195062
195087
195101
195123
195295
195345
195651
195864
196339
196483
196496
196598
196844
196914
197074
197179
197220
197256
197256
197465
197475
197501
197512
197693
197697
197964
197989
197999
198003
198038
198124
198481
198563
198601
198919
199156
199167
199314
199427
199524
199829
199888
199903
200001
200145
200153
200475
200576
200849
201057
201081
201129
201148
201179
201275
201406
201489
201516
201557
201804
201827
201877
201967
201980
202116
202200
202293
202307
202336
202339
202481
202684
202706
202731
202811
202864
202976
202977
202988
203022
203059
203067
203167
203254
203373
203391
203425
203427
203442
203496
203618
203708
203866
204095
204145
204186
204190
204228
204581
204655
204709
204848
204978
205143
205170
205220
205254
205471
205487
205516
205727
205743
205865
205866
205893
205999
206013
206234
206236
206280
206284
206294
206469
206612
206839
207078
207255
207657
207811
207881
207962
207989
208057
208057
208065
208130
208172
208173
208282
208304
208329
208447
208476
208533
208598
208670
208829
209025
209042
209121
209198
209314
209317
209320
209558
209765
209875
209937
209942
210205
210310
210331
210461
210711
210714
210723
210726
210828
211013
211053
211231
211298
211332
211370
211556
211625
211788
211937
211982
212034
212175
212235
212285
212321
212357
212476
212488
212506
212612
212618
212651
212791
212833
212930
213265
213315
213403
213650
213699
213730
213800
213851
213951
214008
214136
214153
214192
214216
214380
214489
214519
214531
214627
214641
214823
215117
215144
215219
215262
215288
215349
215415
215512
215523
215580
215640
215723
215851
215930
216167
216171
216381
216490
216730
217089
217145
217274
217315
217407
217445
217566
217609
217618
217640
217798
217932
217985
218248
218443
218626
218675
218897
219003
219110
219161
219215
219221
219359
219425
219515
219773
220119
220142
220171
220432
220658
220695
220714
220827
220876
220948
221005
221178
221380
221381
221935
222012
222023
222066
222098
222195
222271
222334
222341
222469
222481
222529
222689
222803
222926
222929
222935
222960
223053
223061
223066
223099
223246
223263
223266
223415
223645
223844
223847
223865
223878
224009
224131
224334
224441
224461
224548
224571
224774
224895
224995
225038
225140
225156
225178
225945
226001
226082
226161
226391
226421
226430
226479
226548
226612
226638
226757
226784
226868
226974
227390
227457
227494
227523
227589
227704
227823
227922
228069
228078
228097
228124
228244
228346
228347
228543
228653
228741
228822
229097
229162
229216
229355
229394
229446
229563
229674
229675
229873
229988
230174
230276
230411
230465
230729
230756
230788
231330
231368
231371
231400
231409
231483
231583
231860
231899
231973
232063
232109
232294
232318
232386
232421
232501
232529
232535
232864
232942
233198
233233
233270
233455
233520
233611
233614
233720
233782
233939
233981
234176
234190
234395
234707
234723
234952
235224
235238
235251
235251
235381
235402
235493
235586
235694
235839
235899
235932
235964
236092
236170
236217
236325
236354
236423
236510
236576
236636
236637
236752
236838
236895
237102
237311
237346
237417
237755
237812
237820
237859
237933
238084
238105
238222
238536
238698
238758
238763
238823
238885
239062
239095
239127
239308
239754
239818
239838
239839
239918
239971
239971
239981
240080
240092
240139
240193
240425
240495
240736
240776
240975
240994
241137
241335
241444
241444
241664
241922
241982
242001
242129
242322
242442
242520
242586
243097
243100
243223
243332
243377
243405
243620
243717
244132
244363
244436
244539
244622
244671
244799
244923
244999
245026
245077
245174
245326
245432
245438
245497
245505
245602
245646
245740
245780
245813
245824
245846
245890
245907
245975
245984
246012
246073
246158
246387
246432
246471
246472
246497
246524
246569
246927
247022
247025
247030
247190
247498
247933
248103
248281
248316
248321
248424
248492
248494
248618
248713
248862
248907
249109
249212
249257
249309
249408
249540
249628
249663
249838
249849
250116
250310
250450
250522
250544
250783
250883
250903
251088
251238
251287
251335
251343
251346
251484
251710
251797
251875
251889
252027
252047
252073
252176
252316
252328
252410
252448
252519
252569
252654
253031
253139
253201
253223
253256
253313
253405
253499
253517
253541
253548
253552
253676
253884
254138
254159
254206
254466
254475
254563
254565
254879
255106
255178
255215
255367
255457
255635
255768
255813
255842
256119
256283
256460
256637
256675
256684
256803
257050
257445
257776
258093
258339
258350
258368
258536
258562
258596
258617
258623
258907
258961
259085
259170
259176
259187
259428
259471
259566
259598
259668
259755
259907
259917
259933
260003
260073
260079
260093
260118
260157
260275
260372
260398
260742
261393
261490
261499
261566
261666
261829
261928
262174
262179
262403
262446
262655
262691
262837
262863
262941
263049
263146
263312
263402
263405
263411
263495
263645
264026
264428
264453
264491
264678
264776
264824
264895
265113
265132
265154
265156
265433
265726
265859
266094
266098
266236
266332
266493
266658
266664
266707
266714
266926
267051
267156
267215
267370
267375
267377
267628
267753
267905
268314
268580
268671
268693
268786
268824
268912
269064
269097
269119
269133
269159
269359
269367
269631
269759
269814
269927
269979
270008
270021
270092
270202
270390
270392
270404
270671
270683
270696
270729
270771
270999
271011
271298
271683
271845
271861
272561
272792
272816
272832
272952
273006
273041
273060
273088
273189
273273
273331
273435
273601
273622
273651
273659
273695
273782
273844
273864
273889
273959
273991
274022
274331
274372
274446
274473
274483
274626
274767
274900
274939
275227
275230
275278
275326
275372
275391
275491
275495
275498
275548
275680
275681
275803
275941
275958
275984
276072
276123
276243
276244
276424
276595
276741
276839
276954
276962
277061
277094
277114
277268
277343
277359
277430
277454
277549
277587
278029
278213
278415
278435
278771
279129
279206
279234
279237
279301
279323
279355
279504
279524
279567
279693
279951
280070
280164
280183
280276
280418
280477
280493
280558
280624
280632
280665
280695
280879
280881
280889
280947
281184
281250
281303
281389
281421
281453
281475
281571
281767
282001
282124
282402
282542
282647
282809
282818
282870
282903
282970
283062
283377
283597
283618
283675
283760
283816
283910
283960
284003
284058
284297
284298
284365
284645
284654
284697
284767
284835
284948
285117
285511
285536
285690
285769
286113
286220
286339
286380
286400
286405
286468
286579
287094
287212
287614
287635
287741
287929
288126
288148
288236
288337
288636
288731
288981
289176
289182
289433
289457
289614
289706
289890
290085
290189
290215
290330
290408
290436
290458
290611
290657
290750
290790
290809
290875
290915
291110
291122
291546
291682
291785
291936
291988
291999
292015
292047
292102
292104
292147
292147
292186
292300
292335
292356
292459
292467
292495
292731
292943
293006
293028
293053
293275
293487
293615
293797
293829
294046
294060
294135
294262
294266
294286
294331
294339
294509
294775
294858
294914
295034
295187
295238
295278
295333
295703
295989
296065
296121
296147
296303
296378
296524
296614
296618
296656
296746
296762
296885
296925
297143
297276
297446
297549
297581
297583
297614
297836
298091
298175
298399
298684
298780
298922
299008
299307
299329
299351
299446
299466
299605
299622
299717
299801
300254
300409
300613
300669
300674
300693
300956
301019
301076
301237
301239
301326
301366
301371
301467
301473
301496
301505
301740
301749
301801
301829
301896
302086
302143
302191
302248
302265
302273
302435
302551
302620
302920
302949
303443
303743
303817
303838
303955
304075
304115
304151
304194
304221
304250
304394
304419
304433
304571
304623
304663
304906
305101
305119
305164
305242
305257
305277
305279
305299
305393
305404
305509
305554
305649
305666
305742
305749
305787
305895
306043
306086
306091
306118
306143
306181
306291
306357
306412
306485
306493
306569
306614
306941
306978
307151
307220
307339
307583
307591
307668
307735
307801
307835
307988
308141
308276
308406
308423
308607
308625
308629
308686
308731
308925
309184
309269
309560
309794
309807
309916
309923
309957
309965
309967
310097
310240
310452
310534
310616
310925
311014
311068
311283
311334
311584
311664
311750
311866
311899
311917
312110
312184
312312
312477
312553
312627
312654
312851
312955
313000
313027
313390
313417
313440
313449
313495
313709
313952
314063
314088
314129
314137
314144
314192
314242
314244
314318
314541
314602
314658
314661
314706
314746
314915
314927
315091
315099
315191
315203
315337
315456
315514
315561
315655
315752
315806
315830
316144
316390
316401
316510
316826
316955
316980
317185
317236
317264
317325
317345
317397
317513
317551
317594
317595
317914
318044
318083
318092
318175
318178
318274
318283
318303
318377
318470
318663
318680
318782
319010
319245
319357
319374
319610
319636
319717
319828
319867
320013
320129
320389
320513
320574
320630
320709
321035
321059
321070
321193
321272
321309
321358
321447
321559
321571
321595
321675
321681
321757
321775
321789
321815
321888
321981
322272
322423
322552
322643
322658
322848
322914
323096
323317
323439
323518
323728
323874
323885
324077
324196
324203
324374
324379
324448
324609
324656
324680
324710
324717
324806
325003
325003
325155
325314
325369
325421
325462
325493
325520
325560
325604
325751
325777
325839
325938
325950
325986
326069
326187
326209
326436
326442
326554
326791
326884
326940
326993
327039
327194
327198
327254
327481
327504
327636
327754
327870
327954
328060
328213
328395
328532
328852
328966
328993
329154
329591
329762
329806
329875
329896
329916
330264
330333
330705
330937
330939
331003
331019
331317
331335
331467
331524
331792
332041
332203
332206
332262
332293
332339
332385
332597
332647
332889
332978
333107
333247
333286
333400
333831
333880
333903
334347
334424
334488
334508
334600
334687
334925
335024
335046
335113
335122
335285
335424
335476
335713
335902
335936
336018
336152
336166
336201
336292
336301
336354
336367
336390
336482
336585
336689
336690
336916
336988
336998
337085
337119
337348
337473
337603
337647
337647
337691
337717
337804
337907
337952
337957
337971
338090
338159
338309
338375
338518
338535
338606
338648
338893
339075
339150
339152
339158
339187
339275
339350
339413
339418
339639
339661
339721
339754
339776
339791
340123
340176
340297
340471
340757
340782
340847
340953
341036
341226
341293
341343
341412
341565
341593
341646
341810
341835
341880
341934
341999
342039
342115
342197
342382
342495
342619
342692
342731
342810
343184
343207
343312
343404
343413
343480
343483
343545
343678
343813
344025
344041
344092
344532
344542
344841
344891
345074
345194
345221
345246
345289
345699
345702
345714
345838
345867
345926
345964
346018
346084
346230
346315
346470
346471
346544
346941
346960
347117
347294
347323
347579
347711
347828
347901
347978
348429
348446
348462
348467
348523
348662
348853
348953
349056
349072
349194
349240
349430
349605
349624
349770
349954
350311
350319
350326
350340
350464
350524
350646
350956
351014
351237
351281
351468
351497
351571
351637
351810
351962
352101
352159
352230
352246
352278
352355
352460
352565
352776
352780
352798
352956
352989
353003
353038
353199
353229
353352
353421
353482
353535
353691
353741
353804
353829
353859
353880
353908
353994
354048
354052
354218
354227
354319
354468
354561
354582
354608
354672
354703
354735
354983
354985
355008
355316
355339
355372
355403
355897
355947
356153
356503
356777
356855
356875
356893
357040
357141
357330
357462
357898
357911
358144
358552
358559
358754
358910
358912
359042
359130
359134
359272
359338
359353
359422
359792
359907
359952
359993
360040
360314
360356
360424
360685
360952
360976
361031
361380
361460
361607
361720
361852
362032
362071
362095
362200
362306
362369
362407
362581
362624
362712
362842
363008
363041
363124
363313
363332
363372
363442
363528
363626
363871
364083
364250
364350
364397
364629
364664
364709
364720
364794
364809
364916
364940
365040
365045
365510
365590
365598
365633
365714
365814
365931
365961
366150
366262
366303
366374
366403
366432
366558
366638
366691
366842
366919
366971
367001
367215
367222
367236
367238
367258
367548
367680
367731
367977
368062
368159
368217
368255
368273
368294
368327
368445
368584
368659
368670
368784
368786
368874
368992
369005
369409
369644
369646
369648
369661
369849
369857
369875
369932
370457
370458
370577
370702
370765
371191
371231
371278
371303
371339
371490
371585
371742
371744
371829
371975
372005
372111
372292
372565
372646
372654
372704
372770
372812
372858
373205
373275
373405
373898
374163
374455
374501
374527
374613
374738
374784
374844
375140
375177
375226
375261
375325
375534
375596
375665
375890
375926
375957
375981
376048
376287
376370
376608
376738
376748
376858
376872
377036
377199
377282
377369
377543
377623
377896
377997
378037
378481
378497
378517
378651
378696
378699
378780
379119
379127
379256
379273
379390
379392
379442
379502
380024
380050
380154
380334
380340
380610
380693
380851
380944
380981
381387
381419
381426
381487
381531
381611
381611
381668
381720
381771
381828
381862
381881
381881
381920
382189
382189
382218
383013
383189
383348
383534
383650
383792
383887
383971
383993
384048
384077
384354
384564
384653
384701
384846
385069
385681
385730
385880
386174
386350
386615
386647
386824
386903
386907
386969
386979
386991
387064
387102
387285
387303
387560
387704
387730
387899
388071
388169
388173
388185
388242
388254
388337
388368
388399
388484
388819
389002
389242
389249
389276
389331
389471
389552
389645
389678
389805
390094
390097
390217
390298
390303
390303
390349
390513
390653
390865
390906
390942
391064
391282
391379
391497
391521
391576
391779
391951
392028
392033
392118
392131
392189
392331
392452
392574
392633
392691
392787
392953
393005
393014
393110
393215
393265
393328
393342
393345
393409
393498
393542
393544
393663
393715
393916
393926
393948
394098
394286
394413
394515
394622
394926
395081
395110
395256
395265
395315
395717
395837
396056
396077
396107
396139
396249
396255
396638
396698
396978
397033
397056
397139
397568
397681
397694
397694
397743
397774
397845
397852
397860
397962
398008
398061
398600
398651
398781
398801
398879
398885
399130
399172
399228
399235
399341
399377
399508
399564
399751
400281
400288
400396
400418
400735
400890
401074
401094
401193
401296
401320
401500
401506
401745
401803
402053
402124
402228
402233
402260
402804
402914
402954
403044
403141
403393
403563
403699
403817
403881
403934
403975
403994
404000
404091
404260
404290
404419
404477
404526
404831
405123
405389
405392
405468
405489
405620
405682
405682
405923
406065
406097
406113
406283
406362
406364
406391
406433
406741
406906
406914
407168
407237
407238
407329
407376
407404
407508
407557
407640
408093
408138
408141
408220
408256
408273
408323
408635
408671
408766
408844
408890
408966
409108
409515
409536
409634
409669
409785
409833
410051
410165
410177
410228
410230
410506
410607
410810
410846
410935
411001
411026
411047
411159
411164
411293
411503
411524
411625
411741
411973
412177
412240
412374
412631
412646
412731
412840
413052
413058
413191
413712
413781
413833
413849
413900
413934
413972
414000
414031
414156
414208
414223
414328
414769
414879
414990
415122
415149
415222
415913
415942
416029
416174
416287
416526
416696
416713
416713
416878
416894
417001
417167
417235
417430
417586
418095
418173
418230
418274
418459
418461
418552
418625
418838
418895
418934
418962
419000
419320
419461
419524
419542
420126
420243
420243
420474
420679
420870
420944
421120
421162
421227
421300
421391
421392
421601
421620
421652
421701
421861
422045
422098
422110
422137
422379
422490
422492
422552
422560
422625
422630
422720
422771
422772
422795
422840
422852
422880
422911
423049
423143
423171
423470
423534
423561
423685
423785
423793
423918
423919
423930
423997
424142
424213
424248
424528
424579
424683
424708
424748
424785
424786
425167
425210
425369
425415
425684
425694
425852
425964
426100
426389
426615
426621
426718
426723
426738
426853
426934
426938
427086
427197
427334
427343
427530
427865
427928
427928
427998
428010
428086
428124
428210
428244
428315
428338
428447
428668
428924
429010
429159
429168
429215
429220
429751
430009
430347
430350
430393
430697
430735
430944
430993
431006
431188
431373
431435
431472
431525
431601
431603
431630
431854
431969
431986
432071
432213
432322
432383
432524
432686
432763
432778
432828
432887
432898
433032
433044
433175
433268
433424
433528
433903
433999
434084
434127
434142
434210
434292
434394
434469
434499
434637
434752
434793
435515
435656
435681
435769
435807
436074
436088
436108
436123
436193
436422
436522
436622
436629
436726
436746
436842
436859
436907
437204
437266
437311
437386
437400
437493
437527
437728
437924
437999
438278
438348
438541
438699
438708
438746
438867
438941
438960
438982
438986
438990
439115
439121
439229
439267
439396
439612
439936
440075
440155
440220
440301
440427
440528
440850
441075
441162
441198
441284
441335
441362
441412
441423
441490
441605
441961
441975
442079
442083
442119
442222
442317
442377
442383
442563
442580
442615
442637
442757
442774
443001
443107
443148
443274
443279
443432
443508
443613
443681
443683
443685
443789
443803
443824
443865
443869
443955
444012
444152
444194
444267
444362
444461
444596
444619
444744
445008
445063
445073
445333
445412
445490
445549
445572
445662
446577
446665
446892
446991
447076
447122
447128
447179
447292
447612
447635
447664
447754
447787
447885
447911
448377
448427
448447
448451
448486
448691
448692
448729
448760
448862
449000
449224
449272
449322
449423
449503
449511
449576
449615
449837
449903
449910
450018
450023
450172
450250
450347
450357
450363
450446
450630
450754
450754
450767
450960
451040
451065
451146
451239
451254
451347
451356
451405
451819
451870
452050
452128
452262
452466
452516
452631
452881
453084
453142
453195
453308
453498
453590
453647
453768
453774
453887
453924
454083
454366
454381
454473
454473
454758
455197
455261
455304
455363
455431
455493
455501
455664
455925
455936
456072
456074
456136
456796
456921
456952
457062
457226
457320
457344
457441
457509
458148
458383
458405
458492
458495
458597
458643
458662
458738
458775
458833
458860
458882
458981
459115
459336
459354
459395
459513
459664
459684
459817
459901
459939
460018
460131
460361
460419
460465
460594
460698
460745
460751
460769
460900
461047
461048
461072
461400
461495
461531
461651
461670
461789
461873
461873
461994
462004
462046
462416
462473
462612
462807
462837
462986
462996
463032
463050
463183
463401
463420
463452
463464
463534
463623
463654
463662
463775
464004
464095
464140
464143
464154
464266
464318
464329
464430
464633
464761
464791
464850
465044
465072
465114
465130
465142
465194
465475
465492
465528
465605
465638
465721
465727
465732
465743
465795
465901
465929
466010
466183
466283
466355
466388
466506
466676
466789
466813
466848
466926
466978
467045
467168
467346
467558
467647
467750
467762
467879
468070
468096
468162
468209
468228
468373
468461
468473
468514
468717
468756
468770
469017
469021
469021
469039
469072
469092
469191
469254
469371
469485
469599
469646
469773
469784
469924
469941
470062
470346
470462
470482
470607
470726
470727
470752
470828
470962
470986
471047
471441
471463
471760
471781
471862
471989
472049
472132
472258
472520
472597
472700
472760
472772
472845
472973
473012
473082
473110
473153
473309
473391
473464
473467
473613
473643
473744
473937
474194
474378
474562
474578
474617
474696
474750
474784
475063
475166
475192
475469
475486
475590
475626
475724
475725
475923
476107
476143
476227
476394
476565
476671
476716
476728
476748
476828
476969
477014
477196
477281
477306
477308
477343
477430
477490
477540
477753
477758
477919
478084
478186
478386
478427
478430
478438
478525
478852
478888
478890
479016
479085
479147
479225
479290
479329
479460
479487
479724
479727
479759
479809
480006
480018
480159
480210
480385
480456
480564
480577
480644
480687
480775
480870
480950
481072
481223
481354
481381
481406
481650
481764
482068
482077
482107
482169
482190
482220
482520
482600
482688
482710
482800
482822
482873
482898
482936
483181
483242
483500
483654
483831
483944
484061
484237
484246
484371
484374
484448
484645
484715
484770
484939
485235
485264
485297
485768
485822
485900
485993
486086
486089
486142
486169
486787
486833
486972
487095
487202
487279
487357
487378
487383
487400
487401
487412
487481
487506
487516
487598
487598
487736
487756
487787
487985
488288
488341
488530
488557
488731
488776
489146
489150
489195
489242
489288
489369
489549
489593
489687
489753
489810
489838
489926
490072
490075
490185
490208
490251
490351
490487
490531
490681
490834
490937
490948
490963
490963
491269
491319
491635
491862
491886
492097
492253
492317
492331
492446
492561
492586
492749
492751
492850
492882
493029
493081
493191
493401
493424
493456
493546
493571
494162
494287
494409
494462
494513
494591
494924
494932
495062
495191
495235
495239
495303
495519
495582
495583
495607
495667
495680
495694
495726
496071
496117
496172
496317
496437
496518
496716
496753
496775
496924
496930
496932
497025
497029
497141
497244
497248
497269
497274
497304
497364
497408
497528
497693
497716
497716
497819
497862
497875
497877
497898
497939
497958
497991
498017
498028
498102
498268
498437
498462
498593
498626
498729
499014
499037
499042
499060
499252
499504
499611
499710
499723
499816
500367
500423
500517
500631
500705
501035
501117
501122
501243
501344
501454
501607
501625
502162
502345
502540
502541
502665
502745
502816
503173
503220
503310
503337
503379
503527
503695
503800
503908
504020
504024
504109
504152
504260
504566
504624
504802
504883
504941
504961
505027
505169
505253
505338
505445
505447
505496
505497
505544
505689
505776
505784
505785
505802
505863
505912
506109
506120
506149
506226
506229
506393
506448
506451
506463
506610
506660
506737
506760
506762
506929
507025
507350
507434
507470
507523
507639
507723
507742
507908
507988
508027
508078
508140
508280
508296
508331
509016
509162
509200
509243
509518
509581
509823
509849
509873
509963
509982
510041
510081
510163
510207
510262
510310
510359
510393
510672
510720
510893
510979
511206
511265
511348
511396
511660
511689
511775
511799
511836
511837
511913
512018
512023
512124
512295
512479
512641
512702
512879
512904
512986
513080
513239
513283
513553
513613
513646
513684
513804
513826
513840
513990
514019
514114
514412
514530
514591
514600
514772
514812
514860
514868
515098
515109
515139
515210
515281
515383
515455
515468
515473
515481
515492
515522
515813
515850
515896
515913
516014
516088
516284
516349
516508
516529
516549
516694
516739
516835
516838
516843
516887
516893
516927
517000
517141
517387
517435
517540
517579
517652
517657
517757
517775
517906
517911
517983
518030
518033
518345
518410
518452
518580
518641
518685
518705
518706
518765
518911
519011
519043
519136
519150
519266
519319
519494
519816
519987
520046
520137
520323
520353
520366
520601
520977
521056
521138
521335
521524
521531
521561
521693
521728
521735
521780
521865
521933
521961
521966
521982
522003
522202
522221
522460
522503
522708
522845
522910
522928
523014
523150
523490
523594
523625
523643
523644
523653
523672
523752
523798
523841
524002
524021
524165
524304
524663
524729
525024
525093
525183
525261
525264
525484
525488
525607
525657
525726
525738
525776
525934
525961
526022
526138
526140
526167
526314
526514
526521
526559
526630
526811
526982
527102
527145
527176
527415
527509
527565
527755
527760
528176
528250
528276
528357
528447
528561
528875
529503
529637
530036
530063
530272
530329
530357
530429
530456
530640
530712
530746
530922
531088
531205
531222
531601
531719
531829
531963
532023
532207
532209
532310
532467
532729
532803
532803
532974
533069
533094
533097
533109
533149
533161
533176
533214
533233
533358
533384
533452
533474
533828
534214
534244
534318
534337
534420
534693
534715
534776
534816
534842
534870
534884
535123
535170
535242
535268
535556
535667
535678
535795
535798
535901
536036
536047
536102
536138
536140
536258
536336
536397
536479
536546
536620
536668
536753
536756
536822
536883
536914
537006
537030
537138
537175
537193
537407
537413
537548
537592
537598
537621
537980
537981
538029
538103
538147
538334
538390
538420
538616
538683
538746
538771
538802
539009
539027
539179
539372
539501
539523
539571
539680
539692
539714
539922
539927
540037
540157
540208
540288
540347
540353
540529
540643
540744
540755
540868
540954
541068
541081
541358
541411
541461
541512
541857
541949
541979
542128
542200
542240
542248
542606
542672
542801
542805
542899
542946
543015
543055
543158
543189
543198
543240
543294
543351
543351
543364
543423
543443
543593
543639
543686
543704
543818
543999
544150
544155
544164
544249
544488
544559
544593
544688
544767
544788
545151
545207
545387
545401
545767
546031
546034
546100
546343
546425
546791
546990
547011
547019
547021
547157
547169
547172
547227
547251
547365
547408
547525
547629
547798
547805
547842
547995
548092
548124
548175
548218
548249
548252
548343
548392
548416
548423
548610
548812
548887
549001
549242
549319
549368
549371
549388
549431
549498
549519
549534
549586
549670
549743
549802
549982
549984
550047
550113
550302
550432
550592
550651
550696
550776
550805
550837
550916
551086
551202
551202
551262
551273
551279
551463
551473
551744
551789
551953
552016
552125
552135
552148
552231
552291
552535
552592
552673
552723
552778
552986
553269
553288
553430
553439
553485
553622
553763
553835
553948
554086
554318
554320
554694
554699
554861
554891
555378
555404
555418
555566
555718
555774
555970
556071
556071
556236
556374
556400
556497
556565
556600
556736
556741
556796
556827
556882
557006
557045
557109
557264
557295
557712
557902
557909
557931
558101
558144
558149
558354
558409
558507
558537
558632
558763
558809
558951
559440
559459
559462
559478
559481
559492
559499
559633
559646
559651
560017
560079
560098
560142
560168
560242
560380
560501
560763
560810
560854
560885
561029
561191
561233
561258
561540
561727
561761
561827
561874
561927
561954
561960
562054
562078
562089
562096
562115
562256
562283
562452
562512
562762
562791
562922
562948
563265
563361
563610
563611
563943
564204
564237
564396
564588
564727
564943
565013
565112
565345
565422
565639
565763
565891
565960
566176
566402
566543
566545
566604
566771
566779
567167
567719
567726
567757
567848
567982
568073
568097
568357
568525
568536
568684
568714
568921
568967
569486
569521
569603
569661
569669
569685
569812
570096
570157
570202
570222
570299
570371
570492
570689
570851
570872
570973
571019
571058
571094
571137
571383
571421
571486
571571
571681
571822
571941
572022
572149
572248
572397
572457
572470
572508
572591
573075
573190
573229
573306
573308
573311
573502
573507
573628
573676
573916
573971
573976
574011
574089
574256
574351
574361
574409
574427
574757
574845
574916
574982
575100
575165
575179
575284
575308
575395
575659
575681
575759
575900
576199
576219
576290
576435
576539
576549
576562
576590
576741
576855
576873
576978
576979
577056
577272
577403
577458
577616
577647
577694
578052
578080
578170
578200
578203
578259
578287
578629
578669
578685
578716
578744
578999
579169
579482
579594
579618
579688
579795
580011
580044
580102
580111
580190
580312
580377
580413
580422
580449
580450
580481
580547
580627
580655
580699
580814
580840
580883
581040
581483
581484
581527
581807
581954
581990
582061
582122
582137
582166
582237
582247
582336
582432
582464
582465
582511
582690
582697
582766
582774
582831
582969
583054
583155
583228
583255
583391
583517
583549
583684
583838
583909
584062
584154
584197
584233
584278
584387
584509
584597
584669
584804
584883
584994
585025
585171
585172
585173
585269
585344
585435
585583
585651
586110
586239
586476
586513
586563
586666
586668
586703
586712
586744
586804
586863
586871
586873
586985
587035
587270
587310
587422
587509
587562
587625
587817
587875
588079
588210
588221
588352
588400
588422
588540
588559
588600
588835
588837
588912
589003
589119
589382
589545
589783
589852
589872
589910
589947
590082
590194
590355
590607
590647
590671
590792
590880
590944
591192
591217
591287
591288
591390
591414
591650
591752
591857
591957
592258
592503
592515
592534
592595
592828
592833
593237
593270
593305
593398
593439
593628
593698
593790
593942
593946
594042
594080
594101
594250
594361
594404
594615
594819
594858
594925
595093
595095
595233
595505
595579
595741
595920
596240
596254
596562
596622
596707
596930
597078
597125
597270
597491
597509
597516
597529
597620
597731
597822
597969
598176
598239
598503
598518
598591
598764
598783
598839
599002
599027
599028
599028
599047
599171
599319
599498
599702
599756
599774
599777
599963
600063
600095
600370
600440
600488
600654
600722
600751
600796
600865
600915
600927
600930
601025
601068
601080
601208
601228
601571
601600
601642
601649
601709
601789
601949
602020
602032
602046
602273
602304
602356
602410
602439
602560
602587
602623
602748
602858
603005
603213
603252
603384
603734
603973
604029
604260
604279
604301
604404
604429
604493
604567
604824
604830
605054
605059
605123
605183
605234
605272
605398
605454
605586
605834
605863
605879
605918
605988
605994
606215
606216
606230
606420
606442
606472
606775
606828
606868
606938
606944
606958
606992
607186
607321
607355
607456
607484
607536
607687
607791
607869
607918
608038
608059
608096
608169
608190
608213
608514
608683
608731
608997
609102
609151
609263
609332
609381
609439
609583
609647
609747
609862
610144
610160
610179
610224
610261
610406
610494
610515
610561
610972
611318
611542
611810
611921
612139
612221
612279
612345
612527
612537
612555
612824
612961
613065
613187
613299
613425
613564
613836
613851
613875
613962
614035
614137
614276
614353
614516
614628
614639
614639
614732
614809
614838
614901
615140
615145
615201
615218
615221
615334
615418
615581
615621
615651
615784
615965
616093
616100
616234
616389
616424
616439
616497
616593
616675
616709
617078
617348
617396
617456
617610
617674
617779
617858
618018
618134
618163
618190
618264
618287
618353
618541
618585
618677
618682
618845
619026
619068
619129
619131
619145
619159
619323
619349
619361
619407
619624
619694
619901
619931
620097
620240
620382
620388
620441
620472
620517
620782
620899
620921
620930
621287
621505
621707
621784
621926
621930
622024
622150
622215
622218
622296
622316
622521
622579
622766
622823
623319
623384
623387
623509
623685
623821
624114
624193
624223
624249
624301
624593
624923
625073
625084
625169
625401
625527
625648
625681
625972
626269
626293
626397
626473
626615
626767
626770
626877
627030
627062
627086
627087
627159
627354
627377
627520
627724
627864
627896
627946
628036
628102
628293
628776
628931
628961
628983
629025
629111
629198
629339
629566
629752
629836
629872
630040
630054
630288
630489
630659
630758
630838
631048
631290
631329
631396
631537
631795
632305
632402
632485
632487
632707
632714
632730
633012
633042
633091
633136
633309
633324
633417
633648
633662
633882
633945
633990
634306
634416
634641
635002
635051
635126
635322
635336
635399
635404
635571
635576
635578
635800
635824
635846
635867
635932
636000
636109
636140
636163
636211
636331
636720
636751
636782
636795
636801
636895
637090
637281
637361
637386
637497
637538
637658
637687
637700
637782
637788
637798
637845
637951
638228
638315
638549
638555
638624
638634
638875
638918
639034
639144
639327
639409
639608
639689
639985
640017
640062
640308
640423
640576
640624
640913
641068
641237
641410
641508
641599
641619
641661
641687
641702
641836
642083
642134
642134
642154
642229
642255
642304
642564
642687
642783
643166
643228
643270
643443
643448
643539
643782
643800
643975
644092
644253
644351
644506
644613
644778
644858
644898
644911
645215
645414
645536
645544
645635
645652
645844
645888
646011
646028
646084
646392
646453
646475
646586
646700
646885
647089
647189
647434
647617
647774
647925
648034
648065
648084
648122
648246
648341
648345
648353
648394
648435
648453
648568
648576
648703
648720
648725
649107
649233
649363
649389
649390
649429
649483
649588
649593
649692
649780
649846
650006
650010
650046
650140
650253
650256
650278
650366
650414
650471
650533
650544
650683
650827
650866
650909
650961
651046
651125
651174
651403
651594
651808
651897
651930
652014
652111
652130
652226
652311
652399
652535
653453
653601
653778
654140
654144
654169
654274
654331
654401
654403
654419
654613
654766
654896
654993
655107
655349
655353
655454
655625
656160
656248
656356
656377
656392
656401
656411
656413
656680
657076
657133
657143
657413
657486
657527
657613
657821
657864
658141
658220
658248
658327
658338
658343
658415
658516
658542
658850
658996
659011
659280
659301
659328
659351
659378
659410
659594
659727
659757
659807
660103
660183
660293
660446
660526
660634
660639
660649
660992
661100
661118
661367
661693
661760
661940
661942
662177
662466
662514
662552
662682
662703
662749
662799
662934
663030
663106
663168
663182
663280
663295
663406
663448
663457
663501
663510
663532
663594
663970
664140
664309
664321
664605
664713
664713
664744
664771
664839
664877
664985
665204
665280
665283
665375
665418
665419
665421
665532
665541
665657
665680
665770
665793
665802
666033
666154
666232
666232
666270
666555
666623
666632
666708
666712
666715
666982
667100
667290
667421
667438
667456
667462
667465
667522
667621
667635
667867
667940
668302
668735
668767
668789
668886
668936
669427
669594
669608
669744
669755
669827
669836
669859
670031
670043
670112
670162
670264
670406
670647
670768
670912
670991
671042
671275
671369
671415
671451
671773
671915
672205
672224
672433
672449
672560
672564
672820
673005
673022
673077
673140
673210
673262
673270
673386
673453
673557
673580
673595
673602
673818
673868
673873
673921
673962
674029
674099
674240
674296
674298
674413
674612
674703
674768
674795
674811
674938
675039
675314
675473
675484
675514
675537
675544
675672
675780
675895
676580
676886
676972
677024
677148
677401
677672
677698
677734
677788
677876
677933
677985
678362
678367
678662
678728
678818
678893
678930
679016
679079
679105
679109
679204
679335
679345
679347
679675
679712
679813
679941
680149
680248
680321
680463
680488
680686
680723
680758
680797
680874
680876
680954
681029
681339
681537
681651
681857
681892
682056
682093
682126
682235
682251
682252
682254
682506
682528
682565
682710
682734
682877
683565
683675
683897
684003
684026
684064
684333
684380
684413
684469
684656
684715
684887
685229
685245
685272
685272
685366
685378
685507
685743
685799
685817
685859
685991
686012
686049
686100
686221
686352
686513
686539
686596
686665
686838
687198
687244
687267
687595
687671
687706
687791
687889
688249
688255
688524
688610
688655
688715
688728
688810
689135
689136
689220
689420
689515
689701
689869
689936
689966
690500
690594
690599
690789
690807
691045
691084
691185
691211
691256
691273
691512
691790
691796
691909
691953
691967
691975
692171
692272
692414
692786
692816
692860
692878
692896
692975
693049
693068
693175
693248
693779
693834
694099
694158
694164
694188
694431
694489
694519
694611
694705
694705
694732
694786
694810
694819
694832
694895
694944
694993
695187
695226
695356
695608
695906
695923
696293
696452
696515
696573
696749
696782
696849
696951
697220
697253
697297
697468
697558
697632
697693
697782
697813
697945
698025
698120
698273
698431
698493
698545
698561
698568
698724
698975
699222
699352
699675
699716
699731
699772
699813
699882
700094
700208
700583
701194
701226
701272
701301
701315
701397
701443
701583
701655
701870
701872
701979
702070
702247
702307
702545
702725
702859
702873
703040
703096
703246
703282
703340
703355
703371
703487
703510
703644
703783
703957
704096
704106
704120
704143
704144
704176
704227
704463
704533
704537
704556
704561
704565
704574
704621
704809
704866
705089
705138
705401
705522
705562
705701
706126
706362
706446
706539
706547
706760
706808
706916
707035
707151
707235
707379
707387
707399
707433
707729
707795
707799
708050
708065
708091
708188
708365
708653
708830
709154
709161
709447
709661
709876
709883
709922
709956
709975
709995
710037
710087
710091
710119
710404
710516
710561
710608
710616
710653
711081
711085
711194
711245
711280
711337
711524
711573
711598
711615
711740
711748
711773
711832
711951
712038
712165
712411
712467
712789
712794
712830
713025
713082
713251
713280
713473
713611
713918
713934
714153
714166
714175
714398
714629
714653
714665
715197
715322
715732
715868
715994
716115
716219
716408
716408
716512
716590
716641
716650
716716
716787
716997
717000
717114
717474
717534
717539
717585
717655
717974
718002
718038
718214
718296
718432
718472
718898
719120
719204
719318
719434
719440
719478
719513
719655
719723
720018
720174
720211
720329
720340
720653
720857
721039
721072
721131
721227
721264
721284
721325
721407
721429
721508
721874
722088
722261
722421
722579
722656
722822
722872
723098
723202
723324
723377
723502
723769
723773
724425
724587
724595
724748
724763
725263
725283
725301
725378
725387
725411
725462
725739
725827
725952
725975
726088
726289
726451
726549
726595
726603
726681
726681
727007
727111
727187
727469
727650
727885
728072
728099
728225
728287
728512
728548
728591
728625
728969
728986
729080
729263
729343
729479
729701
729711
729715
729756
729871
729966
730114
730179
730334
730371
730412
730419
730465
730573
730707
730781
730826
730870
731122
731241
731276
731298
731394
731561
731796
731911
731952
731952
732006
732116
732140
732264
732513
732560
732583
732663
732746
732755
732777
732874
732929
732939
733124
733290
733342
733356
733379
733424
733444
733458
733500
733576
733590
733794
733798
733826
733903
733923
734065
734127
734137
734211
734329
734407
734478
734508
734571
734607
734630
734663
734700
734825
734838
734860
734994
735146
735210
735327
735358
735379
735387
735547
735631
735702
735730
736092
736170
736223
736495
736577
736724
736771
736827
737003
737037
737114
737149
737267
737402
737402
737439
737657
737826
737984
737990
738009
738014
738252
738296
738309
738345
738479
738594
738811
738827
738957
739007
739034
739156
739198
739433
739557
739614
739771
739897
740619
740636
740742
740808
740810
740880
740924
740941
740962
740999
741082
741373
741417
741448
741571
741600
741600
741809
741838
741904
741944
742060
742255
742400
742467
742878
742943
743024
743107
743161
743292
743366
743391
743467
743774
744063
744208
744382
744460
744604
744627
744793
744999
745163
745359
745480
745554
745905
745973
746040
746063
746138
746397
746551
746665
746700
746751
746858
746898
746937
747009
747083
747385
747389
747406
747581
747740
747837
747933
747968
748087
748277
748296
748334
748399
748419
748522
748540
748740
748855
749066
749119
749144
749232
749234
749298
749355
749361
749447
749509
749537
749742
749784
749853
749967
750032
750043
750085
750119
750181
750308
750413
750423
750424
750680
750704
750748
750754
750773
750922
751033
751042
751058
751194
751370
751524
751681
751705
751949
751979
752160
752226
752254
752381
752414
752532
752534
752664
752673
752852
752894
752962
753012
753028
753029
753076
753203
753310
753405
753421
753452
753505
753523
753645
753731
753767
753884
753895
753900
753960
753986
754004
754369
754418
754838
754838
754967
755106
755179
755200
755297
755348
755355
755515
755602
755614
755701
755721
755791
755801
755861
756045
756093
756314
756390
756411
756439
756457
756459
756495
756612
756659
756698
756857
756911
756926
757344
757463
757466
757493
757507
757596
757645
758037
758056
758071
758078
758116
758243
758408
758489
758634
758663
758704
758906
758928
758966
759053
759234
759312
759363
759444
759484
759582
759666
759671
759675
759813
759870
759977
760071
760102
760657
760715
760955
760990
761265
761377
761520
761612
761740
761790
762162
762168
762321
762357
762449
762564
762583
762661
762673
763143
763149
763174
763250
763378
763381
763448
763454
763479
763568
763683
763896
764153
764210
764291
764420
764469
764715
764814
764888
764956
764963
765114
765243
765380
765425
765434
765824
765827
766010
766034
766034
766276
766339
766357
766374
766555
766805
766872
767125
767185
767486
767552
767591
767674
767767
767814
767903
767926
767958
768036
768204
768447
768531
768822
768840
769009
769074
769252
769470
769515
769682
769816
769859
770001
770018
770109
770165
770195
770197
770330
770528
770534
770782
771114
771181
771189
771496
771499
771538
771559
771761
771787
771873
771956
771980
772029
772256
772284
772750
772918
772979
773230
773371
773525
773573
773700
773773
773904
774132
774166
774209
774218
774252
774322
774408
774434
774450
774527
774543
774664
774785
775011
775228
775305
775320
775343
775394
775481
775704
775869
775947
775955
776034
776357
776383
776483
776493
776541
776543
776673
776698
776785
776808
776960
776983
777014
777092
777176
777278
777375
777549
777688
777721
777768
777777
777848
777944
777965
777978
778223
778375
778572
778591
778647
778825
779076
779091
779394
779449
779471
779482
779491
779572
779576
780090
780149
780226
780247
780458
780524
780586
781115
781134
781135
781181
781215
781314
781349
781419
781493
781530
781571
781626
781716
781865
781898
781996
782045
782242
782310
782578
782637
782733
782785
782913
782990
783062
783135
783157
783212
783245
783327
783456
783485
783568
783810
784064
784199
784205
784495
784629
784691
784728
784752
784784
784793
784838
784972
785078
785118
785298
785320
785575
785636
785639
785657
785686
785750
785760
785835
785931
785975
786096
786103
786189
786383
786482
786728
786754
786787
786788
786871
786984
787128
787138
787210
787224
787450
787463
787475
787596
787727
787805
787866
787925
787998
788031
788080
788114
788154
788250
788285
788340
788450
788588
788651
788656
788693
788926
788926
789147
789238
789256
789457
789570
789674
789718
789808
789895
789917
790252
790380
790431
790451
790541
790544
790578
790807
790955
791029
791194
791230
791260
791272
791396
791404
791592
791675
791782
791836
792189
792207
792369
792513
792717
792798
792923
792944
793022
793099
793162
793445
793471
793719
793727
794005
794097
794174
794249
794379
794667
794924
795013
795039
795085
795162
795307
795331
795448
795451
795499
795560
795702
795713
795751
795885
795890
795983
796201
796201
796228
796245
796309
796322
796475
796689
796930
797110
797169
797220
797223
797245
797313
797457
797462
797509
797516
797555
797575
797644
797809
797887
798164
798251
798333
798348
798701
798715
798900
799085
799152
799220
799417
799418
799419
799421
799578
799783
799848
799868
799969
800016
800055
800066
800316
800411
800413
800782
800884
800889
800909
800916
800960
801309
801345
801452
801508
801560
801632
801663
801764
801909
801967
802042
802077
802105
802135
802232
802350
802377
802392
802628
802726
802772
802953
802990
803073
803087
803195
803250
803314
803450
803536
803570
803633
803655
803774
803886
803934
803980
803982
804068
804123
804205
804234
804340
804351
804483
804780
804836
804843
804942
804965
804988
805187
805569
805683
805722
805809
806064
806083
806096
806400
806408
806545
806640
806731
806776
806874
807209
807229
807353
807557
807585
807657
807695
807697
807716
807855
807901
808213
808299
808445
808537
808653
808926
809064
809066
809130
809277
809320
809321
809430
809567
809603
809613
809760
809932
810087
810206
810321
810372
810505
810638
810720
811136
811294
811349
811353
811410
811427
811430
811841
812360
812503
812524
812631
812726
812876
813042
813153
813242
813305
813317
813458
813547
813549
813615
813620
813748
814221
814393
814401
814469
814518
814945
815124
815221
815277
815308
815335
815393
815400
815421
815433
815439
815688
815776
816009
816083
816091
816151
816193
816240
816346
816389
816410
816498
816528
816542
816583
816594
816669
816770
816866
816870
817049
817059
817149
817151
817164
817239
817262
817319
817540
817548
817736
817874
817934
817957
818058
818213
818227
818248
818265
818406
818440
818452
818487
818527
818921
819008
819060
819086
819258
819280
819553
819664
819681
819889
820133
820238
820323
820530
820696
820725
820811
820843
820847
820949
820989
821119
821320
821369
821426
821699
821807
821888
821941
821964
822023
822207
822268
822341
822420
822436
822621
822648
822727
823005
823165
823190
823218
823303
823367
823683
823727
823953
824032
824144
824178
824307
824382
824477
824517
824916
824933
825027
825098
825222
825257
825549
825602
825648
825656
825738
825800
825825
825972
825995
826202
826203
826432
826445
826450
826613
826909
826950
827094
827121
827166
827198
827274
827351
827667
827754
827894
828025
828296
828312
828335
828500
828684
828785
828811
828895
829133
829136
829213
829231
829576
829622
829720
829747
829878
829888
829924
829964
830030
830038
830159
830282
830393
830430
830464
830548
830609
830753
830811
830928
831159
831218
831330
831355
831432
831481
831500
831585
831778
831795
831862
831901
831905
831914
831918
831985
832202
832411
832419
832464
832511
832739
833038
833064
833207
833844
833908
833926
833975
834054
834110
834269
834552
834559
834585
834709
834714
834957
835053
835089
835310
835346
835398
835418
835499
835505
835511
835516
835565
835648
835648
835664
835826
836017
836197
836198
836230
836277
836420
836423
836532
836537
836703
836715
836742
836825
836836
837083
837099
837209
837286
837297
837309
837397
837573
837630
837656
837788
837852
837894
837994
838177
838358
838365
838548
838739
838745
838795
838976
839143
839294
839382
839550
839580
839836
839862
839891
839929
839963
840132
840267
840413
840416
840466
840501
840726
840768
840866
840971
840986
841016
841061
841210
841213
841316
841369
841716
841861
841915
841922
842004
842081
842258
842287
842328
842483
842688
842926
843069
843184
843464
843476
843588
843607
843721
843894
844053
844267
844736
844751
844793
844845
844974
844997
845039
845057
845078
845169
845428
845441
845483
845705
845854
845916
846005
846086
846197
846243
846333
846407
846410
846413
846504
846970
847480
847486
847567
847678
847811
847822
848034
848122
848195
848294
848316
848379
848386
848475
848504
848743
848880
848968
849027
849325
849386
849416
849603
849621
849904
849929
850079
850127
850170
850183
850230
850271
850291
850431
850497
850534
850624
850684
850735
850868
850920
850929
850961
850984
851170
851171
851265
851353
851738
851800
852179
852254
852314
852519
852582
852619
853281
853348
853430
853475
853492
853624
853971
854032
854074
854324
854509
854516
854582
854594
854608
854619
854673
854885
854969
855310
855336
855480
855487
855552
855678
855839
855850
855856
856056
856247
856480
856549
856594
856679
856716
856797
856928
857146
857201
857349
857367
857455
857489
857629
857787
857862
857909
857944
857991
858132
858183
858234
858275
858280
858314
858381
858604
858651
858683
858738
858850
858852
858894
858908
858947
858949
858997
859126
859346
859392
859448
859466
859546
859759
859869
859961
860121
860461
860463
860482
860486
860560
860709
860732
860868
860873
860950
861016
861130
861648
861669
861688
861746
861794
862001
862116
862272
862391
862448
862582
862748
862958
862986
863028
863104
863160
863162
863641
863764
864211
864226
864534
864705
864754
864771
864782
864913
865043
865111
865304
865388
865409
865441
865589
865676
865724
865787
866036
866046
866096
866397
866478
866503
866511
866753
866834
867007
867064
867071
867082
867364
867433
867457
867864
867884
867992
868013
868057
868166
868201
868312
868461
868518
868612
868635
868685
868866
868912
868996
869051
869495
869772
869899
869968
870080
870253
870342
870342
870492
870496
870687
870698
870703
870732
870789
870841
870853
870992
871128
871336
871370
871410
871518
871687
871787
871792
871908
871925
871993
872077
872447
872576
872667
872683
872741
872826
873169
873185
873200
873231
873392
873590
874061
874519
874569
874627
874710
874810
874923
874939
875012
875059
875082
875353
875604
875625
876192
876307
876439
876710
876711
876913
876995
877099
877161
877203
877227
877361
877447
877458
877495
877532
877640
877808
877852
877940
878138
878192
878336
878373
878379
878442
878683
878731
878762
878899
878910
879071
879094
879112
879223
879358
879481
879566
879764
879822
880166
880193
880237
880245
880262
880401
880601
880766
880879
881007
881011
881201
881205
881236
881334
881341
881865
882045
882133
882147
882157
882169
882198
882321
882357
882361
882386
882437
882445
882477
882480
882542
882544
882663
882856
883123
883218
883367
883371
883445
883452
883457
883520
883662
883727
884097
884176
884269
884309
884321
884329
884401
884473
884554
884557
884660
884731
884827
884999
885138
885169
885170
885183
885190
885279
885401
885580
885615
885768
885875
885978
886125
886129
886192
886271
886328
886382
886488
886517
886832
886932
887205
887247
887374
887506
887622
887628
887655
887692
887823
888068
888217
888219
888627
888638
888827
888929
889235
889257
889279
889538
889683
889812
889815
889984
890150
890172
890250
890270
890283
890366
890388
890551
890565
890737
890839
890886
891199
891247
891281
891352
891416
891422
891481
891555
891635
891770
891861
891915
892126
892216
892346
892503
892530
892570
892583
892743
892788
892843
892982
893077
893116
893207
893281
893723
893726
893912
893941
894004
894039
894136
894346
894629
894659
894729
894787
894940
895192
895682
895743
896102
896153
896236
896275
896465
896775
896795
896919
897029
897039
897225
897422
897458
897510
897558
897671
897998
898052
898184
898192
898353
898419
898594
898905
898916
898966
899154
899169
899185
899281
899602
899616
899644
899708
900129
900253
900322
900345
900517
900812
901100
901121
901214
901273
901299
901394
901631
901766
901814
901814
901922
901926
902203
902240
902282
902289
902303
902348
902374
902449
902498
902642
902688
902694
902918
903015
903185
903296
903468
903676
903699
904030
904101
904102
904181
904192
904204
904326
904430
904449
904484
904601
904716
904740
904743
905073
905150
905204
905483
905569
905695
905779
905783
905806
905825
905837
905842
906148
906157
906217
906302
906566
906636
906774
906796
906817
907027
907045
907061
907143
907169
907179
907182
907250
907407
907447
907573
907585
907647
907710
907791
907907
907926
908020
908105
908204
908233
908563
908739
908799
908816
908871
908991
909237
909264
909589
909975
909990
910000
910075
910227
910823
910916
910918
910937
910970
910999
911132
911141
911148
911358
911525
911543
911562
911563
911764
911949
911969
911986
912203
912242
912287
912375
912462
912510
912756
912772
913195
913488
913494
913502
913522
913527
913768
913818
914041
914198
914352
914417
914449
914541
914599
914652
914808
915003
915040
915103
915169
915247
915295
915462
916057
916060
916312
916410
916465
916514
916653
916819
916878
916923
916947
916953
916975
916982
917097
917110
917122
917160
917212
917712
917862
917926
918106
918180
918260
918436
918467
918649
918867
918888
918948
919099
919226
919243
919343
919369
919394
919474
919555
919637
919644
919653
919654
919658
919804
919863
919894
919899
919901
919975
920031
920183
920228
920298
920315
920335
920599
920994
921153
921169
921198
921660
921760
921896
922034
922079
922320
922352
922397
922461
922490
922543
922650
922700
923066
923108
923262
923283
923322
923324
923367
923399
923458
923494
923699
923743
923852
923891
923984
924115
924187
924331
924440
924541
924547
924621
924659
924698
924752
924816
924821
925047
925096
925179
925199
925328
925460
925479
925557
925662
925775
925910
926120
926164
926268
926278
926352
926554
926721
926739
926768
926925
926929
927039
927054
927121
927210
927261
927309
927368
927477
927552
927580
927614
927614
927645
927668
927673
927940
927945
927977
927987
928093
928149
928277
928280
928354
928505
928526
928614
928782
928895
928928
928947
928976
929018
929046
929060
929066
929670
929671
929765
929862
929862
929908
929923
929945
930006
930053
930094
930102
930223
930303
930460
930823
930887
930927
931027
931115
931202
931210
931270
931279
931293
931427
931539
931657
931831
932100
932271
932391
932440
932473
932635
932867
932924
932971
933301
933351
933391
933455
933491
933522
933530
933542
933618
933623
933644
933646
933769
933793
933877
933977
934017
934035
934325
934327
934329
934360
934489
934592
934759
934999
935121
935189
935193
935222
935367
935510
935732
935860
935902
936192
936397
936577
936614
936646
936673
936679
936683
936867
936940
937020
937346
937380
937528
937535
938066
938189
938209
938260
938508
938689
938704
938708
938767
938780
938840
938883
939002
939136
939138
939139
939142
939164
939224
939244
939280
939330
939377
939418
939522
939618
939814
939956
939976
939995
939996
940166
940184
940295
940470
940498
940507
940547
940670
940672
940988
941033
941193
941253
941287
941313
941602
941771
941794
941999
942031
942198
942222
942272
942279
942457
942588
942611
942644
942648
942649
942816
942881
942896
942952
943138
943161
943202
943241
943261
943287
943470
943512
943549
943768
943804
944010
944040
944069
944205
944377
944451
944576
944628
944864
945058
945127
945188
945273
945285
945522
945548
945638
945656
945983
945990
946005
946039
946086
946129
946143
946275
946299
946359
946429
946453
946470
946496
946609
946666
946828
946917
947016
947025
947138
947229
947391
947433
947600
947644
947782
947825
947915
947960
948064
948427
948480
948736
948833
948837
949203
949399
949428
949458
949482
949702
949742
949771
949834
949951
950355
950436
950556
950700
950716
950799
950941
951085
951193
951217
951291
951362
951394
951424
951456
951683
951692
951714
951806
951895
951942
951951
952278
952304
952605
952738
952828
952987
953005
953138
953188
953236
953410
953415
953449
953619
953769
953893
953910
953918
954057
954115
954224
954319
954356
954363
954503
954560
954575
954589
954610
954619
954684
954775
955008
955175
955209
955379
955410
955622
955656
955699
955713
955732
955847
955921
955997
956012
956167
956186
956497
956553
956650
956881
956949
957088
957125
957144
957190
957227
957267
957300
957348
957359
957518
957612
957779
957873
958044
958331
958674
958708
958760
958907
958917
958931
958997
959014
959084
959225
959475
959493
959806
959925
959943
959993
960151
960230
960278
960362
960532
960879
961069
961129
961288
961670
961671
961834
961985
962145
962151
962165
962326
962521
962544
962552
962558
962668
962847
962916
963094
963154
963528
963875
963922
963936
963945
963947
963973
963985
964123
964143
964447
964541
964601
964706
964744
964777
964924
965132
965215
965320
965459
965464
965504
965506
965516
965553
965743
965751
965867
965873
965906
965912
965992
966241
966412
966438
966621
966830
967423
967450
967455
967498
967602
967611
967750
967835
967949
968062
968112
968114
968422
968604
968636
968744
968756
968763
968777
968988
969087
969135
969182
969295
969562
969678
969819
969928
970181
970290
970380
970561
970670
970718
970821
970926
970976
971333
971365
971392
971522
971657
971761
972072
972099
972127
972173
972383
972587
972706
972716
972910
973023
973056
973184
973199
973283
973382
973508
973640
973649
973649
973751
974049
974061
974198
974477
974483
974624
974645
974708
974727
974770
974983
975046
975197
975217
975263
975294
975303
975489
975497
975707
975971
976161
976253
976256
976272
976454
976483
976922
977124
977142
977310
977398
977469
977525
977636
977790
977816
977991
978139
978163
978265
978267
978537
978736
978744
978910
979152
979200
979839
979860
979872
979920
979963
980002
980021
980065
980182
980483
980502
980710
980802
980911
980998
981214
981220
981321
981506
981773
981773
981803
981812
981870
982194
982198
982320
982452
982472
982676
982855
982861
982865
982892
982899
982980
983014
983136
983300
983375
983539
983740
983812
984031
984056
984087
984099
984211
984257
984426
984462
984614
984631
984932
985060
985209
985305
985333
985354
985398
985414
985439
985449
985472
985490
985516
985598
985626
985875
986099
986690
986693
986803
986916
986954
987082
987132
987249
987376
987450
987621
987842
987864
987874
988091
988187
988366
988369
988793
989306
989323
989433
989500
989503
989613
989618
989633
989728
989807
989811
989993
990092
990227
990256
990376
990409
990434
990435
990437
990448
990465
990504
990717
990805
990922
990946
991034
991128
991181
991345
991413
991428
991653
991710
991716
992086
992105
992335
992716
992735
992924
992954
993013
993074
993126
993230
993245
993267
993370
993419
993460
993540
994088
994118
994302
994541
994545
994551
994760
994773
994828
994964
994992
995004
995174
995502
995690
995716
995861
995865
995916
996139
996267
996334
996364
996366
996377
996543
996546
996629
996634
997107
997166
997350
997454
997456
997583
997615
997688
997739
997821
997841
997845
997900
997908
997913
997936
998121
998265
998306
998463
998683
998707
998791
998834
998889
999092
999140
999206
999208
999540
999550
999626
999729
999865
999919
999961
999976
