1000
127
1264
2117
3239
3867
4061
4802
6170
6602
7063
8701
9188
9591
9870
11134
11405
11514
12449
13320
15045
18029
19588
20211
20939
21464
21806
24006
24535
24843
26771
28689
30692
31059
31476
34237
34809
36990
38041
39068
39114
40361
40719
40780
41179
42708
43262
43547
44006
44678
46096
46723
46787
47640
49677
50078
53788
54123
54693
56301
59467
59794
59849
60063
60855
62680
63831
64824
64943
65435
65802
66329
66877
67013
67417
67442
68168
68650
69269
70151
70430
71218
73032
73521
74031
74944
75467
76416
76878
77333
77441
78131
79029
80599
81482
81683
82859
83533
86297
87994
89873
91185
91209
91781
92206
92411
92717
94037
95525
95821
95882
95990
97481
99537
100869
102892
103319
103563
104584
105390
105626
105830
107285
109040
109354
111834
113460
117245
117434
117702
118210
120473
120815
121881
122745
123480
126002
126894
126972
127070
128581
128935
128989
129370
129806
133221
135472
136125
136237
136276
137344
137563
137912
138922
141836
142647
145381
145666
146232
146287
146293
146473
146546
146787
147455
148987
149914
150028
151261
151311
152606
153341
153851
154551
154752
155348
155507
156107
156546
157372
158451
158722
160916
164710
165152
165837
168761
169962
171052
171446
173361
174419
174757
175236
175273
178860
180573
181069
183836
183891
183978
187798
189115
191253
191422
194843
197320
197788
199003
200252
201199
201786
203781
204808
205289
205785
206692
207098
207529
207593
209323
209539
210444
212553
213321
213615
215514
215594
215915
216043
216239
217158
219518
220757
221210
221666
222068
222989
223686
223753
223843
224640
224743
224964
226514
230059
231845
232216
234395
234563
234957
235002
235408
235578
236111
236987
238577
239195
242549
242865
245211
245328
245426
247735
249623
249795
250042
250908
250911
251836
253151
253257
254943
255991
256299
258918
259227
265489
265525
267287
269134
270531
270649
272559
274451
274708
275191
278131
278444
278638
279769
279816
280008
280309
280563
280682
282092
282828
283126
284115
286694
286963
287789
288884
291175
291316
292866
293944
294075
294527
294672
295298
295588
297354
298016
298065
300423
300954
301406
302020
304671
308612
309744
313201
313955
313988
316937
317368
319648
319713
321430
321570
321987
325113
325474
326109
326436
328217
328553
329613
331074
331625
332725
333441
333909
335688
336384
337374
340917
340948
341678
341889
341919
344939
347814
347939
348378
348682
349779
349782
350577
351699
352147
354178
355506
356162
356567
357604
357864
358505
359579
359960
360157
361013
361502
361868
362291
363456
364427
366248
366393
366453
368382
368869
371843
372419
372838
375081
377865
378552
381259
381870
382698
384932
385049
385743
385890
385959
386814
387653
388186
388616
389305
391291
392039
392772
393179
393237
394348
394447
394889
395722
396557
396913
397929
398707
398965
399108
400317
400437
401054
404963
408361
408619
410421
411841
411975
412725
413245
414422
414529
415369
415977
416261
418961
422735
423545
423845
425191
426374
428014
428076
430417
430765
431741
432219
433398
433671
436444
437912
437951
438987
440451
440561
442069
442107
442390
442444
443884
444017
445111
445428
447184
447765
448382
448418
449920
451250
451532
451577
453195
453281
453416
453834
453896
454541
454653
455381
456066
456254
456979
458277
458439
459126
459249
459280
459642
459986
460611
460849
461041
466053
466055
466435
466641
469101
469114
469861
471157
471745
472466
472542
472637
472759
473217
475160
475880
477402
477760
478716
480626
480972
481045
482352
483377
484369
486288
486460
486847
487510
490254
490839
491202
491206
491688
492337
493577
494564
496374
496882
498511
499588
502987
503390
503513
504100
505714
506365
506506
506868
507506
508545
510915
512055
512793
513493
513806
515408
517945
519260
520735
521229
521536
521864
522602
525058
526855
527175
527564
527789
529007
530114
532660
532991
533777
534582
535811
538106
539795
539927
540124
540443
544419
548658
550732
551899
552848
553464
554124
554922
555226
555383
556328
558885
559665
559941
559987
560781
561929
561960
562624
563196
566587
568203
568773
570505
572111
572133
572746
573133
574327
574818
575845
577820
578553
579502
581291
581619
582610
583890
588085
588858
589767
590371
590670
592431
593105
595589
596515
597731
599068
600884
603083
603387
604252
605232
605611
610460
610900
612451
612806
613036
613625
613737
616088
616234
616463
617837
619662
620208
622371
624660
624702
625094
625504
626260
626546
626650
626873
627555
627780
629022
629132
634747
634938
635006
635469
636972
637868
638988
639052
639814
640779
642265
644065
644665
644676
644705
648378
649102
649130
650133
650857
651072
651166
651579
655206
657511
658365
659306
661216
661642
662862
664077
665133
666821
667581
667940
668285
669265
670067
671569
675439
677814
678523
679149
679930
680061
682758
683155
683752
685339
686972
687706
692124
692290
694068
696737
697005
697828
698485
698748
699687
700339
700933
701397
702631
704933
705295
705516
706419
707395
707801
709521
709635
711326
711564
712921
716012
716962
717452
718804
719301
720041
721844
723233
723399
723986
724248
724930
725781
726271
726787
729192
730345
731699
732004
733468
734242
734434
734759
736519
736962
737087
737255
737391
737697
740208
741197
741359
741446
742160
742544
744728
744949
745545
746019
746022
746596
747973
748141
749004
749277
749853
750232
752234
752463
755115
755892
759262
759405
759867
760316
760851
762890
763092
765032
765217
766687
766988
769572
770381
772034
774967
775116
776103
777365
777609
778023
778808
780103
781156
783605
783896
786147
787235
788032
788880
790774
792111
797024
797053
797648
802439
803073
804307
804772
805983
807680
807850
808166
810296
810310
810358
810448
812008
816047
816078
816840
818269
819346
819402
819728
820416
820917
821633
822354
823200
823490
824156
824182
824279
825651
825863
827403
827942
829807
829883
833676
833877
834007
834316
834710
835981
836550
837126
839111
840204
840657
844323
846262
846383
846572
850161
850804
850983
853568
853734
854404
854418
855077
857368
857580
863285
863747
863952
869644
871523
871569
872366
874616
874627
875658
876218
876787
877330
878670
882758
882941
883342
886497
886510
886607
888135
888225
888245
889325
889441
889563
891163
893483
895100
895346
896669
898542
899147
899266
899520
900868
901610
903659
903726
904208
904620
907271
908691
909501
911748
911993
912841
913514
913739
914362
914671
915782
916879
917452
917628
917858
918833
919296
920457
921113
921484
923111
923322
924714
926039
927586
929869
930426
930530
933213
933493
936447
938366
939063
939342
940201
940511
940671
941066
941715
944867
946002
949174
949289
949363
949602
949960
954032
954102
956123
957607
958197
960464
962455
966448
966640
966641
967171
968435
970284
970701
970797
970808
971370
971452
972828
974223
974893
975957
976726
977866
980464
981135
982133
984370
984754
985257
985673
986519
987924
989070
989596
990905
993383
993817
994112
996811
997530
