1000
377
2004
2541
3342
4764
5806
6813
7338
8262
9193
9695
10074
10444
12243
14273
14741
15591
16667
16710
16712
18092
19198
20562
21343
21703
22917
22989
23280
23338
23356
25995
26087
26316
26532
28339
30272
30530
30997
32129
33722
33944
34258
36595
38404
39874
40034
40252
40760
42682
43230
43355
43842
52196
52277
52438
52548
53678
55071
55502
57169
58347
59694
60394
60732
60787
61051
64285
65043
65782
66589
73786
74084
74315
76587
76978
78563
79194
79919
81495
81584
83087
83518
83683
84108
85188
85798
86722
87386
87595
88215
88968
90360
91394
91526
92075
92395
93914
95620
96257
97519
98041
98682
98889
99096
100139
100214
100789
101297
105729
106015
107422
107634
107762
109436
110533
110867
111408
111528
111581
112459
112541
112832
115561
115804
116406
116899
117156
121021
121201
126910
127070
127883
128112
128774
129584
131719
133414
134448
134630
134693
134969
135059
137733
138690
139685
139991
140914
140973
143250
146639
147294
147919
148085
148137
148140
148655
148855
149413
150523
154613
155276
156367
156881
157616
158239
158981
159642
159672
160393
160953
161007
162325
162516
162874
164586
164617
167789
167991
168227
168883
168883
175686
175775
175931
180022
180415
180739
184775
188071
188488
189034
194378
198073
199680
200018
201336
202113
203265
204493
204791
205074
205230
205974
206202
208711
210775
210932
211349
212506
212946
213776
216002
218346
219729
219941
220288
220660
224513
224725
225495
225696
226010
227048
227575
228626
228979
229067
230108
230405
231305
235253
236129
236173
236607
236795
241745
242201
243775
244169
244287
244561
245108
246321
246763
247543
248036
248111
248286
249497
249979
251232
251584
252295
256768
257976
258700
259452
260557
262507
263094
263564
263754
264167
264958
265860
266491
266993
268088
268149
268746
268910
269785
269786
269867
270037
271406
272249
273149
273772
274260
275745
276469
277577
278628
280139
281112
281369
283047
284451
285951
287347
288542
288848
289132
290904
291621
291676
293059
294194
294457
295475
295889
299092
299146
299427
300449
301094
301733
301826
304743
305072
305608
307206
309180
310331
310605
310921
310989
311170
311739
312630
315363
315806
315956
316117
317368
317597
319443
319568
319893
321293
324143
324443
326259
327088
333086
334241
336541
337221
340326
340541
341391
343858
344087
344253
344966
345840
346524
348315
348417
350208
350316
350497
351200
351795
354098
354627
356385
357229
358393
359087
360376
360799
361176
362223
363643
365567
367999
372780
373322
373609
374281
374725
375001
376785
376981
378549
379194
379262
380785
382064
382149
382802
383343
383471
384632
384688
385031
386209
386511
386758
387419
390202
390382
390717
392310
392352
393137
393804
394640
394644
395303
398761
399065
405265
405455
406291
406293
407220
407598
408173
410229
410893
412187
413510
417797
418093
418484
420320
420369
421728
422283
423381
423770
425109
425225
427652
428095
428470
428497
428590
429013
429519
430421
430809
432674
433042
434236
434923
435647
436286
436460
438287
439317
439820
441290
441621
442211
442820
444290
444724
446142
447770
448395
448437
448822
451308
454103
454633
456459
458020
458362
458883
459689
463381
465416
465695
466145
467801
469839
470245
470374
471987
472239
473520
474005
475258
477470
478705
479041
479896
480679
481555
481677
483913
484169
485120
488952
490169
490815
492980
493213
493347
496564
496987
498156
500233
502066
502111
502350
503796
506797
507220
508022
509175
509921
510730
512429
512543
513208
513246
513633
514522
514554
515065
515406
516383
516504
516856
517884
518952
519059
522050
523324
524095
524109
524772
525057
526912
528514
528589
529684
530892
530924
532044
532164
532437
533714
534030
537196
537565
538707
539537
542945
543449
544923
545925
547019
548192
549150
549850
550756
554195
554453
555163
556006
556367
558876
559174
562444
563366
564065
565013
565817
566332
566728
567084
568478
570509
571820
572545
573451
573603
574412
576287
576918
578674
579627
580035
580264
580791
581301
583086
584656
586028
587849
591961
592342
593581
594752
595357
596216
596847
596853
597012
597017
597698
597759
598173
598422
599055
599275
599393
601779
603534
603606
604539
604670
605817
606533
607245
608099
609678
609858
610815
611104
612470
612672
613705
614359
615576
615725
615951
617223
617257
617823
618056
618244
618381
618865
619635
619740
619889
620269
621075
621132
622489
622933
623722
625837
626397
626674
627660
628119
628274
629244
630091
630841
630898
630991
632087
632230
633043
634197
634902
635333
637235
639875
639877
640366
643575
643576
644785
646082
646540
647081
648402
648815
650732
650878
650959
651414
651644
651911
652811
654343
656129
656873
656955
657297
659338
660463
660934
661095
661497
662301
663302
666039
667631
669116
672437
673293
675479
675599
675824
676196
677894
679120
679940
680000
681580
683403
684161
686264
686422
686685
689218
690742
691642
691980
692339
692581
692644
693093
693385
694645
695128
696028
696630
697597
697862
698068
698763
698864
698921
699266
700688
701029
701173
702205
704824
705268
705495
708578
709773
710198
710622
712137
713103
714812
715079
715679
716475
718361
720033
720624
724730
725842
728734
731630
732124
732682
732872
734114
735800
735915
737451
738508
738636
738667
738949
739344
741169
743086
743950
743982
745180
747033
748647
748675
750464
751981
752448
752673
753603
754520
755217
757200
758897
760472
762158
762421
763214
765450
766383
767796
769204
769670
772024
772841
772849
775110
777083
777265
779303
779396
780660
780753
782477
782591
782949
783217
783920
785017
787420
789534
789960
790542
791931
792418
793986
794852
794856
795504
796675
796756
798726
800546
801067
802472
803145
803229
804479
805827
806431
808150
808784
809234
809622
809726
811563
812191
812770
816061
817041
818901
821104
821112
821950
822679
822897
823607
823852
823907
824026
825665
826049
827653
828339
829057
830248
830253
832369
832493
833564
833930
834677
835176
836486
837775
838597
840136
842147
843012
843833
845154
845848
849022
850701
851070
852252
853477
856266
857285
857365
858619
859617
861989
862659
863467
864324
866380
867054
869468
870054
870951
871916
872141
874890
875526
876754
877616
878584
878934
879140
879392
880299
881715
881765
884140
884501
885858
891203
891292
894009
896030
897765
898187
898501
900037
901289
901658
903230
904154
906545
909225
909370
910478
910681
910830
911867
914221
914667
916420
917118
918135
918907
920124
921225
921265
921667
923127
924310
925875
926378
927095
927255
927937
928059
928659
931131
931416
931898
931946
933094
933621
936962
937587
942150
942816
943328
949330
950388
953000
953332
953896
954356
954840
955800
956962
957396
957476
958466
959194
959864
961585
966368
967298
969748
972076
972491
972942
974416
974687
976069
977627
977902
978898
979246
982786
983170
983530
983887
985017
986376
986442
988243
988541
988582
993613
993631
996627
996984
997556
998979
999354
999422
999535
999715
999798
