10000
26
248
307
374
471
687
704
724
728
898
981
1091
1095
1136
1242
1255
1288
1289
1349
1349
1355
1366
1476
1570
1626
1639
1810
1918
1920
1955
2019
2145
2212
2275
2538
2634
2669
2750
3059
3173
3445
3733
3763
3821
3871
3982
4080
4086
4185
4374
4527
4613
4646
4672
4673
4699
4738
4825
4856
5041
5051
5088
5156
5201
5211
5352
5353
5355
5391
5482
5577
5720
5721
5793
5865
5948
6050
6229
6357
6454
6515
6667
6691
6884
7142
7490
7495
7557
7787
8145
8166
8281
8438
8462
8567
8600
8714
8834
8886
8991
9205
9286
9296
9332
9382
9415
9738
9762
9834
9865
9941
10060
10452
10524
10528
10635
10688
10789
10832
10922
10952
11154
11218
11303
11312
11810
11815
12117
12226
12464
12507
12542
12690
13364
13383
13398
13427
13458
13467
13673
13832
13980
14045
14147
14334
14398
14428
14607
14675
14820
14975
15251
15598
15884
15941
16034
16094
16110
16141
16143
16206
16249
16308
16356
16988
17119
17134
17140
17179
17310
17458
17459
17477
17652
17849
17861
17878
17952
17974
18235
18238
18303
18351
18392
18417
18485
18633
18646
18697
18788
19107
19117
19312
19472
19478
19506
19565
19622
19732
19768
20113
20128
20247
20251
20254
20288
20302
20402
20494
20669
20671
20675
20724
20777
20787
20805
20952
20959
21010
21462
21513
21615
21644
21646
21650
21695
21741
21982
22001
22032
22122
22125
22192
22256
22320
22670
22759
22882
22961
23072
23123
23201
23348
23389
23509
23677
23780
23911
23919
24061
24143
24220
24407
24502
24842
24843
24846
24851
24980
25085
25288
25330
25363
25408
25471
25584
26007
26258
26474
26499
26501
26574
26577
26671
26849
26895
27237
27353
27370
27395
27427
27504
27539
27634
27651
27651
27741
27878
27987
28015
28168
28330
28446
28483
28739
28881
28982
29121
29253
29276
29321
29361
29432
29433
29493
29552
29579
29597
29759
30013
30069
30085
30343
30415
30560
30600
30853
31015
31125
31126
31232
31295
31342
31413
31614
31814
31866
31886
31915
32011
32059
32201
32331
32373
32639
32641
32668
32693
32945
33521
33773
33974
34006
34148
34165
34191
34264
34373
34391
34416
34530
34727
34848
34963
35023
35080
35414
35621
36004
36337
36429
36490
36539
37014
37067
37136
37136
37237
37305
37330
37361
37394
37525
37593
37739
37773
37816
37831
37864
37944
38250
38288
38497
38582
38612
38810
38814
38935
38956
38986
39029
39194
39196
39262
39383
39489
39566
39639
39714
39837
39899
40001
40201
40778
40865
40928
40993
41172
41279
41378
41446
41616
41712
41893
41925
42113
42222
42268
42312
42506
42577
42799
42965
43223
43392
43584
43596
43693
44046
44165
44193
44232
44478
44491
44577
44652
44807
44857
44988
45148
45250
45336
45349
45655
45829
46018
46146
46276
46372
46482
46517
46530
46699
46795
46887
46934
46939
47027
47059
47264
47585
47607
47691
47894
47998
48147
48314
48373
48382
48589
48610
48774
48898
49109
49132
49149
49362
49391
49617
49759
49775
50048
50259
50611
50718
50779
50790
50815
50870
51236
51295
51366
51629
51822
51885
51891
52066
52155
52185
52258
52376
52380
52548
52696
52778
52905
53018
53177
53235
53327
53419
53514
53579
53656
53693
53706
53733
53806
53824
53878
53967
54127
54348
54589
54633
54675
54747
54782
54808
54882
55114
55210
55272
55461
55464
55497
55651
55781
55853
55908
55916
56000
56009
56057
56075
56093
56344
56370
56433
56494
56561
56654
56665
56678
56895
56911
56948
57037
57098
57105
57227
57525
57569
57624
57746
57837
57880
57940
58033
58098
58151
58170
58194
58259
58372
58399
58488
58506
58526
58613
58883
58944
58966
59006
59227
59255
59330
59371
59449
59451
59496
59634
59645
59729
59749
59780
59844
59857
59920
59991
60171
60176
60238
60273
60324
60334
60353
60441
60712
60829
60845
60935
61478
61546
61560
61658
61707
61895
61901
61944
62019
62020
62029
62102
62138
62261
62288
62517
62635
62649
62716
62781
62819
62823
62850
62941
63141
63307
63400
63408
63409
63539
63740
63973
64071
64292
64403
64645
64922
64986
65221
65225
65365
65480
65977
66182
66293
66477
66545
66552
66713
66831
66851
66968
66991
67063
67076
67168
67263
67338
67435
67524
67609
67635
67657
67699
67714
67824
67903
68049
68119
68172
68441
68540
68636
68662
68664
68683
68691
68772
68785
68870
68917
68919
68999
69131
69362
69426
69537
70171
70250
70412
70432
70506
70511
70520
70648
70723
70929
71052
71097
71453
71500
71518
71550
71984
72104
72123
72141
72197
72253
72345
72687
72721
72772
72896
72952
73169
73247
73320
73403
73432
73441
73611
73661
73663
73846
74016
74160
74175
74331
74490
74811
75033
75102
75192
75247
75251
75301
75330
75368
75562
75579
75730
75749
75960
76141
76294
76388
76409
76463
76555
76638
76662
76732
76875
76922
77082
77133
77279
77311
77448
77738
77903
77961
78079
78221
78382
78422
78814
78814
78986
79215
79352
79446
79487
79619
79655
79691
79772
79811
80374
80642
80696
80832
80872
80945
80986
81193
81235
81293
81435
81661
81850
81858
81887
81942
81955
82050
82224
82426
82588
82603
82689
82718
82724
82740
83226
83274
83312
83343
83377
83384
83560
83717
83982
83998
84000
84006
84276
84293
84429
84504
84600
84679
84709
84794
84839
84850
84965
85058
85071
85111
85326
85327
85411
85411
85569
85590
85598
85645
85734
85800
85868
85941
85991
86085
86098
86121
86329
86373
86424
86435
86454
86504
86538
86929
86983
86991
87045
87136
87213
87222
87242
87272
87307
87332
87353
87357
87444
87461
87535
87580
87798
87980
88101
88136
88192
88656
88796
88970
88985
89015
89027
89064
89148
89521
89550
89605
89636
89772
89820
89853
89861
89866
89913
89996
90164
90196
90379
90664
90703
90777
90987
91008
91077
91113
91293
91297
91377
91598
91642
91647
91753
91766
91880
92008
92018
92124
92281
92409
92596
92637
92671
92801
92951
93124
93229
93406
93411
93480
93509
93673
93764
93771
93857
93950
94019
94131
94344
94748
94772
94852
94888
95030
95086
95173
95249
95452
95499
95501
95522
95588
95723
95919
96048
96062
96414
96449
96603
96653
96676
96684
96725
96783
96858
96900
97076
97151
97674
97908
98096
98201
98226
98428
98443
98513
98541
98578
98660
98820
98848
98867
98888
98895
99013
99253
99275
99285
99474
99532
99539
99580
99673
99932
100105
100185
100192
100414
100442
100745
100777
101044
101115
101354
101457
101510
101549
101578
101857
101984
102055
102092
102135
102185
102300
102439
102440
102454
102484
102631
102680
102857
103077
103077
103087
103088
103226
103279
103554
103555
103559
103596
103600
103622
103737
103878
103954
103994
104043
104113
104339
104451
104463
104539
104599
104796
104908
104955
105253
105569
105597
105650
105734
105967
106049
106078
106147
106208
106483
106544
106594
106597
106606
106666
106675
106698
106871
107040
107102
107133
107181
107211
107241
107318
107352
107363
107385
107401
107578
107615
107688
107946
107965
107976
108140
108570
108651
108679
108716
108724
108789
108838
108949
109049
109056
109064
109209
109303
109506
109565
109654
109974
109979
110061
110075
110113
110153
110308
110322
110488
110488
110493
110529
110532
110861
111010
111263
111308
111340
111342
111473
111547
111788
111810
111830
111917
111982
111989
112008
112238
112284
112582
112626
112670
112747
112836
112933
112988
113090
113122
113378
113635
113795
114018
114069
114110
114168
114283
114345
114408
114457
114457
114628
114664
114928
115014
115413
115463
115627
115700
115910
116292
116364
116648
116660
116741
116750
116846
116950
116996
117324
117359
117374
117428
117512
117532
117643
117677
117704
117820
117824
118048
118086
118120
118244
118262
118306
118315
118404
118423
118469
118559
118786
118792
118843
118848
119121
119196
119431
119540
119623
119668
119750
119799
119848
119906
119975
120034
120209
120244
120359
120490
120565
120641
120675
120772
120788
120814
120838
121116
121287
121363
121399
121424
121483
121508
121665
121962
121999
122200
122279
122484
122619
122749
122779
122849
122993
123170
123286
123387
123413
123469
123475
123498
123542
123593
123632
123666
123705
123760
123799
123896
123997
124098
124256
124270
124286
124346
124495
124599
124716
124737
124859
124915
125263
125305
125436
125496
125547
125651
125862
126034
126153
126224
126381
126451
126538
126570
126952
127054
127118
127179
127263
127354
127386
127872
128072
128104
128361
128442
128722
128726
128766
128844
128849
128854
128929
128954
129145
129153
129191
129207
129296
129799
129847
129887
130137
130275
130430
130605
130971
131040
131060
131084
131166
131212
131404
131446
131459
131508
131562
131593
131622
131630
131704
131927
132324
132333
132392
132647
132898
133003
133017
133057
133072
133279
133297
133322
133324
133509
133627
133645
133750
133832
133859
133930
133951
134194
134225
134235
134279
134304
134317
134584
134663
134815
134839
135230
135245
135335
135345
135429
135534
135550
135782
135791
136250
136282
136424
136542
136610
136659
136802
136825
136833
136846
136898
137073
137118
137129
137187
137191
137255
137455
137512
137586
137704
137764
137870
137983
138125
138232
138304
138345
138419
138554
138658
138829
138951
139039
139163
139171
139235
139303
139504
139666
139745
139773
139875
139905
139956
140034
140056
140125
140212
140219
140289
140308
140354
140430
140435
140493
140527
140692
140704
140705
141181
141197
141201
141288
141428
141469
141585
141665
141757
141851
141888
141926
141981
142134
142298
142319
142341
142363
142367
142455
142540
142667
142705
142873
142925
142961
143443
143814
144054
144183
144418
144487
144591
144592
144699
145041
145068
145098
145134
145159
145220
145290
145380
145702
145791
145828
145990
146091
146095
146258
146261
146419
146420
146500
146674
146756
146766
146780
146803
146805
146946
147161
147235
147283
147309
147408
147647
147923
147940
148344
148390
148515
148607
148677
148722
148785
148808
149025
149334
149395
149397
149520
149550
149576
149706
149792
149894
150011
150091
150161
150234
150287
150302
150393
150427
150591
150680
150749
150841
151173
151196
151202
151237
151320
151419
151468
151545
151872
151896
151920
151982
152104
152106
152168
152214
152486
152599
152756
152812
152836
152942
152951
153007
153037
153145
153648
153697
153834
153910
154053
154481
154583
154794
154877
154938
154945
155085
155211
155239
155299
155366
155455
155669
155728
155775
155924
155988
156023
156159
156273
156341
156391
156421
156459
156516
156863
157102
157133
157321
157740
157870
157912
157937
158170
158302
158546
158573
158605
158698
158714
158726
158748
158762
158806
158811
158997
159014
159050
159129
159194
159450
159722
160084
160352
160358
160459
160604
160610
160653
160756
160946
161353
161684
161698
162025
162038
162204
162385
162419
162458
162523
162591
162601
162986
163051
163122
163271
163406
163620
163668
163683
163716
163728
163744
163819
163966
164009
164135
164318
164383
164684
164753
164842
164948
164986
165076
165233
165292
165306
165331
165485
165576
165833
165849
165894
165969
165997
166130
166305
166336
166578
166630
167026
167110
167197
167231
167325
167327
167357
167413
167570
167656
167825
167952
168137
168224
168314
168519
168526
168665
168693
168709
168716
168768
168769
168800
169079
169091
169097
169140
169153
169271
169609
169683
169927
170011
170016
170028
170047
170103
170340
170355
170396
170574
170597
170650
170708
170811
170912
171061
171386
171435
171458
171830
171996
172012
172053
172118
172184
172306
172357
172421
172990
172997
173263
173275
173489
173499
173537
173641
173950
174041
174261
174314
174492
174533
174533
174816
174852
174934
175009
175012
175016
175085
175189
175510
175548
175644
175712
175906
175931
176098
176186
176302
176346
176351
176581
176582
176699
176846
176970
177328
177374
177450
177685
177685
177768
177793
177838
178099
178178
178294
178378
178538
178556
178782
178889
178929
178975
179019
179153
179207
179801
179985
180012
180235
180238
180275
180336
180514
180525
180851
181127
181137
181240
181299
181420
181488
181632
181689
181691
181889
182491
182592
182680
182691
182824
182868
183209
183219
183252
183281
183414
183486
183513
183542
183636
183670
183678
183842
184042
184092
184260
184306
184826
184851
184878
184986
185236
185560
185561
185613
185834
186121
186149
186262
186319
186359
186455
186527
186540
186748
186793
186920
186966
187139
187231
187294
187356
187370
187376
187489
187524
187570
187571
187578
187578
187668
187851
187869
188137
188402
188656
188752
188784
188939
189457
189467
189697
189843
189892
189956
189973
190168
190170
190591
190806
190838
190854
190876
190982
191074
191166
191259
191268
191376
191381
191471
191495
191524
191714
191732
191834
191878
191983
192265
192380
192481
192521
192594
192673
192797
192898
192917
192967
193059
193111
193155
193555
194015
194110
194151
194344
194410
194451
194541
194747
194891
194933
195044
195241
195299
195407
195569
195583
195632
195683
195810
195933
195970
196005
196161
196194
196259
196278
196391
196536
196604
196645
196844
196858
196906
196930
196939
196945
197004
197022
197130
197201
197252
197300
197335
197628
197689
197776
197811
197935
198012
198085
198086
198087
198119
198596
198717
198719
198723
198920
199054
199307
199323
199350
199456
199569
199638
199656
199688
199781
199980
199989
200069
200176
200214
200244
200291
200367
200634
200723
200979
201144
201240
201831
201854
201895
202081
202470
202568
202720
202728
202764
202801
202901
202951
202975
202990
203027
203035
203131
203187
203275
203284
203365
203499
203516
203614
203684
203694
203866
204195
204198
204314
204325
204446
204768
204932
205001
205155
205303
205451
205496
205541
205813
205828
205950
206479
206567
206765
206910
206962
207091
207159
207257
207283
207480
207527
207594
207712
207894
207911
208519
208572
208703
208846
208981
209102
209211
209229
209356
209513
209823
209851
209864
210099
210196
210745
210772
210984
211012
211181
211221
211412
211466
211574
211635
211888
211915
212053
212071
212084
212194
212280
212286
212391
212493
212744
212788
212798
212873
213237
213266
213345
213375
213378
213383
213754
213774
213828
213905
214130
214187
214257
214287
214398
214433
214540
214704
214777
214846
214847
214869
215068
215206
215267
215321
215349
215420
215438
215695
215748
215781
215781
215884
216018
216050
216204
216407
216464
216477
216527
216722
216736
216859
216903
217188
217206
217247
217436
217439
217572
217698
217818
217845
217861
217994
218077
218154
218178
218321
218381
218473
218490
218558
218651
218950
219018
219111
219227
219444
219707
219902
220080
220088
220365
220531
220558
220809
220907
220917
220927
220976
221028
221144
221314
221369
221456
221464
221492
221645
221782
221835
221852
221872
221902
221938
221956
221963
222028
222044
222092
222119
222199
222259
222326
222455
222629
222718
222801
222881
223003
223026
223043
223144
223299
223433
223648
223784
223990
224105
224159
224452
224833
224846
224864
224940
225076
225080
225298
225353
225413
225428
225646
225694
225812
226112
226150
226151
226474
226932
226937
226951
227061
227119
227292
227691
227707
227830
227958
228247
228274
228340
228351
228450
228674
228708
228803
228864
228875
228978
228996
229042
229096
229316
229383
229430
229443
229596
229632
229793
229899
229987
230059
230063
230073
230123
230140
230248
230284
230303
230507
230511
230599
230644
231706
231724
231785
231934
232037
232047
232057
232110
232114
232343
232431
232442
232552
232620
232636
232874
232904
232954
232976
233025
233028
233099
233106
233132
233295
233319
233538
233604
233856
233892
233907
233921
233923
233932
234229
234244
234364
234450
234508
234514
234547
234739
234865
235183
235231
235391
235431
235542
235731
235743
236214
236386
236437
236446
236528
236615
236664
236932
236954
236954
237007
237163
237302
237318
237337
237344
237346
237442
237641
237650
237657
237664
237816
238352
238423
238476
238546
238616
239097
239137
239204
239249
239292
239347
239414
239475
239504
239972
240025
240098
240396
240404
240666
240688
240884
241058
241246
241300
241505
241534
241539
241725
241748
241780
241875
241902
241967
241974
242020
242042
242347
242488
242525
242570
242727
242756
242878
242992
243075
243284
243322
243388
243523
243749
243848
243851
244078
244084
244112
244237
244342
244364
244393
244434
244512
245150
245187
245241
245413
245643
245645
245817
245992
246087
246203
246382
246420
246443
246484
246566
246605
246653
246755
246932
247064
247065
247094
247107
247192
247404
247617
247621
247791
247814
247992
248138
248172
248409
248682
248742
248776
248809
248956
249209
249279
249299
249299
249480
249489
249508
249628
249806
249850
249921
250078
250140
250172
250300
250785
250796
250843
250950
251056
251068
251235
251331
251358
251475
251521
252042
252106
252467
252527
252549
252672
252729
252980
253097
253337
253466
253474
253624
253855
254020
254281
254501
254627
254685
254827
254846
254854
255053
255246
255388
255389
255423
255435
255441
255467
255479
255521
255752
255878
255886
255989
256056
256273
256535
256875
256880
257185
257309
257433
257447
257556
257647
257743
257764
257958
258008
258329
258357
258365
258406
258446
258727
258837
258858
259136
259139
259415
259468
259654
259710
259714
259719
259774
259906
259965
260007
260446
260480
260557
260659
260688
260741
260744
260893
261042
261067
261091
261250
261264
261317
261323
261368
261450
261489
261603
261671
261703
261709
261785
261816
261892
261923
262195
262232
262291
262324
262458
262477
262488
262769
262852
263010
263018
263028
263037
263062
263188
263326
263572
263629
263768
263918
263961
263963
264031
264098
264111
264469
264497
264618
264705
264804
264897
265016
265050
265082
265198
265396
265894
265911
265977
265995
266077
266114
266144
266403
266441
266459
266491
266514
267119
267217
267226
267264
267514
267525
267540
267560
267863
267901
268100
268182
268297
268582
268591
268810
268818
269065
269174
269190
269266
269310
269462
269500
269603
269679
269786
269919
269942
269985
270141
270144
270156
270308
270370
270430
270525
270552
270585
270586
270714
270837
270932
270976
271151
271153
271202
271395
271418
271447
271514
271777
271823
271872
271882
271924
272012
272256
272270
272311
272600
272705
272715
272735
273006
273013
273361
273421
273477
273605
273746
273761
273843
273850
274017
274065
274122
274262
274319
274331
274422
274621
274742
274761
275149
275292
275309
275362
275439
275749
275867
275869
276028
276036
276063
276132
276255
276429
276475
276633
276718
276833
276961
277320
277461
277562
277686
277766
277787
277795
277877
277879
277919
277995
278066
278189
278199
278212
278265
278544
278685
278852
278928
279064
279085
279109
279148
279158
279228
279251
279369
279457
279776
279886
280039
280059
280166
280188
280299
280410
280417
280480
280840
280927
282014
282019
282242
282281
282285
282342
282483
282529
282533
282594
282782
283064
283176
283227
283274
283472
283534
283536
283634
283691
283866
283966
283971
283975
284051
284106
284162
284190
284191
284196
284361
284462
284637
284679
284702
284758
284893
284909
285052
285146
285213
285320
285377
285393
285400
285412
285415
285563
285709
285787
285864
285874
285961
286021
286043
286200
286237
286243
286273
286282
286357
286364
286491
286926
287227
287388
287466
287556
287582
287728
287737
287897
287909
287956
287997
288018
288035
288135
288433
288567
288733
288839
288911
288917
289231
289264
289325
289415
289573
289578
289619
289830
289935
289943
290114
290397
290433
290631
290646
290834
290845
290916
290925
291066
291108
291128
291223
291244
291319
291413
291553
291579
291587
291793
291795
291955
291965
292028
292162
292219
292227
292232
292234
292260
292326
292366
292390
292395
292654
292738
293024
293061
293261
293330
293433
293501
293556
293769
293788
293810
293897
293960
294010
294224
294288
294321
294580
294588
294617
294649
294773
295041
295372
295591
295696
295921
296019
296056
296069
296081
296117
296283
296284
296288
296401
296462
296520
296538
296598
296619
296668
296785
296827
296882
296950
297031
297539
297650
297696
297820
297836
297839
297886
298030
298066
298068
298168
298212
298291
298380
298387
298440
298500
298563
298646
298676
299226
299258
299385
299490
299531
299571
299578
299631
299641
299738
299783
300064
300124
300236
300334
300459
300488
300512
300619
300661
300720
300894
300966
301282
301375
301535
301543
301756
301802
301843
301893
301920
302093
302238
302283
302338
302354
302823
303143
303187
303222
303237
303265
303378
303413
303537
303843
303957
304099
304187
304368
304416
304439
304471
304601
304926
305142
305814
305937
306067
306092
306100
306303
306432
306469
306615
306618
306748
306757
306812
306904
307020
307145
307294
307330
307481
307592
307630
307702
307709
307919
307996
308031
308201
308302
308535
308614
308681
308959
309123
309198
309291
309322
309444
309485
309580
309791
309805
310126
310435
310476
310548
310803
310981
311011
311038
311243
311434
311525
311674
311682
311726
311812
311825
311844
311971
312227
312242
312259
312325
312358
312943
312976
312996
313281
313607
313717
313858
313997
314318
314353
314487
314517
314538
314584
314610
314699
314905
314937
315020
315108
315179
315210
315401
315438
315554
315616
316108
316120
316144
316213
316266
316378
316509
316548
316571
316715
316760
316770
316905
317050
317088
317171
317224
317393
317449
317680
317747
317808
317892
318180
318253
318345
318386
318410
318565
318586
318596
318596
318615
318677
319140
319175
319273
319280
319286
319373
319584
319670
319722
319831
319839
319943
319959
319969
320137
320431
320435
320551
320601
320945
320984
321049
321084
321185
321231
321334
321339
321352
321360
321392
321412
321416
321527
321736
321763
321929
321931
321987
322053
322069
322086
322206
322346
322347
322535
322775
322826
322881
322960
322992
323011
323025
323049
323203
323455
323467
323555
323990
324014
324090
324127
324214
324266
324491
324539
324803
324871
324899
324965
325014
325041
325053
325121
325197
325327
325456
325705
325730
326016
326172
326222
326573
326622
326705
326844
326846
326985
327236
327766
327837
327942
328117
328167
328321
328469
328506
328523
328867
329040
329243
329292
329322
329430
329434
329596
329619
329672
329785
329800
329875
329919
329958
330038
330204
330218
330257
330321
330366
330372
330397
330401
330414
330467
330580
330588
330788
330891
330932
331072
331184
331207
331337
331358
331455
331489
331676
331740
331764
331910
331982
332013
332329
332359
332418
332534
332540
332589
332595
332788
332965
333173
333323
333369
333663
333677
333762
333865
333911
334068
334207
334254
334365
334507
334521
334712
334732
334795
334890
334906
334953
334953
335001
335039
335093
335331
335432
335497
335510
335673
335767
335802
335935
335988
336082
336102
336168
336352
336412
336577
336642
336713
336788
336833
336872
336963
336980
336995
337020
337032
337153
337200
337274
337463
337595
337623
337747
337760
337797
337862
337973
338082
338105
338195
338242
338352
338357
338566
338805
339064
339281
339299
339397
339468
339937
340060
340142
340146
340179
340184
340300
340555
340559
340690
340811
340836
340926
341003
341051
341057
341631
341634
341781
341785
341921
342300
342409
342436
342658
342771
342900
342900
342981
343004
343064
343105
343126
343195
343239
343344
343377
343480
343541
343669
343678
343729
343749
343763
343917
343948
343995
344077
344177
344185
344366
344415
344736
344908
345003
345022
345029
345161
345293
345356
345361
345532
345626
345665
345907
345973
346025
346065
346160
346229
346352
346517
346600
346690
347026
347177
347246
347300
347335
347526
347646
347760
347815
347847
347865
347914
348125
348165
348182
348209
348234
348535
348546
348550
348583
348589
348591
348608
348682
348710
348750
348806
348832
348874
348880
349276
349362
349421
349505
349580
349871
349974
350075
350129
350267
350348
350720
350759
350887
351053
351282
351395
351412
351543
351581
351655
351910
351940
352168
352232
352286
352458
352767
352929
353068
353088
353181
353409
353412
353422
353446
353594
353937
354190
354238
354310
354417
354844
354852
354998
355095
355233
355351
355437
355465
355491
355598
355599
355720
355753
355830
355947
356138
356145
356175
356360
356502
356550
356685
356690
356703
356895
357108
357238
357241
357443
357475
357502
357519
357597
357644
357765
357828
357830
357861
358172
358252
358546
358880
359030
359081
359132
359291
359322
359363
359424
359485
359516
359655
359726
359797
359881
359884
359954
360131
360229
360422
360551
360675
360677
360682
360896
361385
361403
361427
361475
361601
361606
361711
361810
361968
362295
362414
362525
362533
362567
362604
362833
362926
362937
363090
363344
363693
363722
363809
363817
363861
363898
364011
364062
364074
364314
364316
364343
364590
364618
364824
365051
365052
365094
365144
365285
365309
365314
365332
365590
365658
365757
366053
366222
366236
366351
366531
366596
367040
367073
367238
367274
367293
367313
367337
367394
367419
367496
367643
367661
367701
367798
367953
367987
367987
368081
368341
368460
368767
368989
369011
369017
369056
369115
369192
369205
369232
369461
369493
369502
369618
369659
369731
369912
369926
370174
370248
370415
370475
370617
371017
371056
371175
371313
371318
371514
371537
371656
371796
371954
372126
372547
372568
372665
372732
372869
372899
373353
373400
373808
373820
374007
374229
374275
374376
374399
374999
375001
375118
375355
375372
375523
375583
375628
375640
375660
375668
375699
376012
376033
376083
376123
376249
376652
376660
376708
376715
376928
376999
377350
377504
377547
377552
377623
377929
377954
378023
378038
378043
378122
378227
378834
378924
379009
379019
379026
379374
379398
379518
379603
379777
380004
380068
380350
380577
380636
380703
380735
380740
380789
380866
380938
380951
380994
381013
381094
381162
381263
381509
381568
381708
381717
381729
381865
382014
382062
382189
382586
382660
382757
382778
382788
382855
382957
382985
383305
383427
383485
383516
383566
383669
383689
383771
383906
384031
384103
384397
384405
384486
384512
384843
384860
385119
385330
385423
385426
385662
385798
385916
385972
386019
386155
386202
386232
386430
386680
386875
386932
387329
387357
387379
387792
387844
387867
387937
388141
388236
388282
388497
388503
388737
388768
388784
388797
389066
389088
389136
389151
389176
389195
389267
389278
389572
389689
389689
389980
390443
390639
390896
390981
391126
391304
391568
391580
391850
391883
391912
392103
392129
392187
392353
392385
392593
392828
392887
393072
393298
393445
393472
393553
393589
393684
393769
393825
394100
394137
394191
394254
394473
394506
394561
394595
394620
394638
394646
394696
394849
395077
395094
395379
395509
395597
395650
395997
396004
396081
396124
396178
396348
396605
396643
396852
396975
397008
397036
397121
397331
397359
397411
397545
397610
397676
397679
397783
397818
397844
398017
398201
398332
398618
398751
398768
398996
399060
399109
399181
399262
399307
399331
399407
399596
399614
399747
399826
399935
399993
400055
400571
400669
400709
400865
400938
400942
401119
401203
401318
401587
401629
401732
401784
401838
401940
402096
402188
402437
402584
402625
402742
402788
402867
402959
402970
403022
403076
403094
403118
403193
403238
403352
403631
403633
404078
404127
404188
404285
404287
404327
404333
404614
404620
404749
404821
404891
404902
404925
404959
405023
405096
405123
405250
405266
405484
405789
405849
405936
405993
406099
406127
406224
406225
406449
406556
406817
406892
407020
407029
407401
407768
407930
408075
408258
408272
408368
408434
408496
408780
408843
408959
408963
408988
409026
409179
409201
409418
409715
409741
409886
409906
409963
410098
410259
410299
410559
410584
410847
410860
410924
411058
411155
411209
411342
411411
411462
411486
411627
411652
411722
411768
411832
412000
412112
412167
412174
412176
412196
412260
412270
412348
412635
412766
412769
412823
412856
413093
413216
413303
413385
413468
413556
413632
413693
413711
413740
413856
413883
414357
414379
414414
414592
414647
414653
414675
414691
414697
414728
414822
414903
415054
415072
415202
415230
415244
415449
415473
415476
415876
415988
416134
416227
416341
416465
416496
416541
416599
416646
416698
416813
417018
417054
417055
417444
417526
417595
417600
417605
417717
417760
417828
418018
418103
418404
418410
418641
418692
418712
418824
418839
418841
418919
418940
418985
419034
419284
419353
419434
419444
419575
419637
419675
419752
419873
419951
420119
420324
420397
420482
420514
420549
420556
420619
420644
420847
421140
421189
421246
421329
421381
421474
421605
421664
421855
422204
422306
422380
422610
422893
423028
423069
423178
423241
423378
423592
423607
423631
423794
423802
423972
424009
424089
424094
424123
424286
424480
424728
424740
424845
425032
425259
425260
425361
425639
425664
425729
425743
425797
425834
425851
426064
426267
426297
426300
426362
426365
426572
426677
427105
427258
427315
427317
427461
427564
427653
427684
427794
427880
427881
427938
427960
427971
428013
428014
428185
428394
428402
428418
428466
428471
428558
428571
428597
428629
428957
429000
429018
429279
429525
429634
429706
429751
429927
429984
430098
430122
430305
430323
430465
430674
430761
430784
430832
431026
431045
431122
431278
431410
431576
431720
431722
431847
432024
432063
432073
432079
432114
432115
432215
432251
432315
432346
432426
432496
432612
432950
433001
433189
433281
433574
433669
433751
433751
433862
433968
433983
434024
434046
434128
434359
434393
434429
434661
434703
434913
434982
435066
435369
435423
435588
435951
436130
436194
436320
436441
436708
437362
437375
437463
437588
437791
438036
438038
438059
438070
438103
438126
438339
438619
438745
438770
438795
438862
438912
439075
439235
439253
439355
439434
439635
439862
439883
439979
440021
440024
440058
440229
440240
440462
440534
440570
440605
440759
440810
440948
440960
441064
441073
441125
441193
441281
441307
441453
441601
441759
442231
442347
442376
442444
442449
442539
442562
442629
442667
442700
442816
442820
442885
442979
443003
443154
443191
443253
443278
443324
443328
443366
443483
443575
443585
443790
443807
443842
444016
444067
444075
444082
444197
444259
444284
444399
444451
444645
444679
444738
444797
444868
444924
444941
444942
445162
445251
445287
445554
445644
445651
445660
445975
446149
446504
446515
446537
446639
446679
446688
446729
446733
446981
446982
447063
447196
447347
447353
447492
447545
447714
447765
447818
447873
447996
448133
448251
448317
448348
448506
448638
448678
448731
448801
448865
448867
448869
449032
449125
449307
449332
449375
449377
449457
449484
449513
449536
449770
449932
449985
450352
450421
450472
450592
450628
450703
450766
450947
451217
451223
451320
451320
451553
451715
451759
451935
452421
452438
452481
452508
452708
452844
452955
452998
453038
453099
453100
453182
453257
453276
453284
453317
453475
453560
453565
453619
453771
453926
453987
454053
454061
454251
454293
454350
454395
454398
454514
454585
454614
454791
455205
455294
455347
455460
455506
455638
455820
455924
456073
456154
456241
456363
456428
456501
456542
456737
457044
457070
457075
457100
457297
457308
457313
457602
457680
457704
457953
457957
457980
458000
458000
458014
458099
458130
458146
458208
458367
458468
458470
458475
458579
458639
458707
458854
458962
458973
459189
459250
459379
459397
459490
459552
459740
459824
459988
460301
460323
460476
460593
460682
460838
460910
461189
461198
461225
461252
461474
461483
461504
461521
461563
461588
461686
461729
461877
461929
462129
462343
462352
462585
462653
462676
462798
462851
462936
462955
463033
463042
463116
463124
463288
463427
463642
463710
463767
463867
463950
463975
464125
464143
464192
464198
464659
464669
464817
464939
464943
465069
465129
465169
465226
465307
465363
465393
465510
465577
465614
465677
465684
465964
466088
466269
466343
466453
466467
466559
466631
466984
467440
467470
467553
467710
467884
467923
467950
468056
468119
468344
468499
468511
468543
468568
468580
468644
468822
468833
468850
468851
468996
469001
469018
469136
469162
469212
469277
469682
469777
469879
470129
470209
470420
470480
470500
470512
470550
470567
470686
470696
470842
470850
470861
471349
471462
471532
471621
471981
472008
472059
472082
472248
472358
472442
472519
472691
472829
472831
473061
473075
473081
473170
473606
473700
473742
473760
473804
473836
473890
473997
474031
474061
474091
474236
474243
474258
474412
474491
474532
474534
474555
474590
474699
474720
474797
475022
475154
475189
475299
475361
475516
475586
475726
475862
475931
475961
475992
475995
476008
476345
476479
476727
476835
476856
476961
477073
477110
477390
477465
477562
477563
477768
477862
478295
478306
478400
478434
478695
478746
478763
478769
479058
479081
479140
479166
479292
479544
479595
479678
479690
479830
479919
479982
480163
480213
480304
480491
480526
480803
480848
480912
480997
481015
481028
481295
481358
481358
481402
481402
481448
481508
481654
481669
481685
481758
481914
481991
482044
482384
482485
482584
482624
482872
482913
482986
483066
483210
483475
483619
483802
484122
484175
484233
484294
484352
484806
484984
485073
485082
485331
485376
485565
485598
485614
485615
485673
485728
485974
486062
486168
486325
486372
486697
486734
486828
487118
487217
487235
487279
487320
487338
487376
487436
487631
487648
487657
487667
487887
487892
487920
487954
488186
488188
488294
488523
488748
488927
488940
488977
489102
489148
489161
489180
489240
489245
489320
489614
489726
489732
489740
489771
489784
489819
489844
489955
490018
490511
490669
490689
490755
490935
490959
491018
491019
491048
491059
491125
491233
491484
491501
491547
491731
491870
491917
492079
492102
492107
492232
492254
492321
492575
492595
493238
493246
493251
493255
493299
493804
493825
493832
494023
494082
494191
494213
494217
494349
494496
494794
494820
494862
495054
495206
495278
495367
495624
495633
495658
495798
495831
495885
495953
495955
495983
496140
496221
496298
496391
496397
496532
496624
496634
496812
496908
496929
497093
497285
497426
497620
497726
498025
498258
498263
498449
498687
498731
498837
498940
499002
499101
499403
499486
499615
499638
499755
500288
500334
500412
500515
500611
500632
500961
500965
500987
501085
501500
501562
501649
501666
501720
501831
501855
502241
502374
502423
502630
502657
502768
502877
502886
503090
503118
503339
503382
503409
503472
503521
503529
503530
503551
503826
504078
504217
504259
504322
504424
504475
504695
504813
504908
504944
504987
505026
505028
505111
505324
505363
505607
505623
505767
506016
506039
506198
506216
506255
506340
506410
506420
506459
506476
506549
506627
506686
506770
506819
506840
506848
507026
507139
507146
507186
507279
507469
507596
507647
507877
507971
508038
508231
508243
508453
508537
508647
508784
508908
509011
509091
509195
509271
509371
509529
509547
509625
509631
509727
509795
509852
509998
510088
510337
510527
510543
510562
510576
510578
510720
511027
511197
511426
511615
511616
512032
512113
512200
512292
512566
512605
512613
512826
513011
513027
513129
513150
513169
513232
513425
513570
513570
513583
513989
514076
514122
514141
514196
514258
514340
514356
514416
514619
514884
514976
514996
515043
515088
515126
515248
515287
515357
515504
515574
515673
515740
515794
515917
515961
516033
516055
516058
516172
516341
516362
516493
516543
516559
516596
516619
516680
516725
516733
516737
516853
516874
517088
517144
517267
517273
517732
517792
517839
517998
518112
518257
518511
518793
518820
519031
519049
519052
519164
519238
519383
519403
519649
519706
519709
519775
519872
519895
519956
520099
520147
520305
520335
520378
520452
520485
520546
520550
520604
520605
520643
520666
520785
521138
521316
521694
521724
521935
521955
522083
522328
522401
522474
522513
522530
522545
522562
522571
522968
523131
523247
523251
523369
523586
523631
523978
524008
524103
524170
524501
524509
524528
524562
524870
524879
524937
525579
525774
525882
525919
526032
526079
526094
526096
526329
526350
526643
526795
526841
526935
527019
527318
527342
527360
527390
527450
527484
527496
527515
527684
527689
527762
527766
527875
528073
528100
528490
528594
528613
528623
528677
528680
528772
528804
528997
529019
529231
529521
529595
529596
529806
529819
529831
529910
529955
529988
530052
530177
530189
530224
530230
530326
530405
530453
530531
530571
530572
530784
530855
530858
531006
531034
531201
531204
531525
531668
531983
531989
532009
532081
532110
532183
532561
532562
532590
532820
532841
532951
532972
533080
533192
533204
533207
533317
533354
533442
533447
533449
533903
533922
533931
533964
533979
533998
534067
534160
534191
534210
534216
534339
534581
534591
534980
535131
535261
535334
535364
535387
535625
535659
535775
535858
535888
535932
536180
536285
536300
536483
536491
536493
536548
536576
536679
536759
536819
536840
536857
537095
537176
537450
537518
537758
537762
537791
537820
537886
537960
538043
538086
538445
538468
538495
538557
538575
538595
538604
538677
538976
539000
539027
539246
539267
539290
539363
539398
539665
539875
539932
540252
540257
540671
540920
541030
541081
541103
541326
541476
541715
542001
542043
542170
542236
542348
542485
542626
542869
543046
543178
543506
543511
543607
543653
543666
543686
543699
543799
543995
544046
544066
544165
544325
544533
544646
544658
544939
544974
544998
545185
545204
545379
545400
545408
545520
545544
545666
545725
545761
545786
545847
545986
546106
546172
546299
546451
546468
546556
546635
546693
546768
546861
546901
546918
546936
546968
547197
547324
547405
547442
547472
547592
547847
548082
548091
548430
548559
548731
548804
548807
549097
549222
549236
549320
549334
549426
549514
549558
549625
549658
549692
549746
549888
549905
549916
549942
549955
550034
550036
550093
550176
550402
550468
550617
550648
550721
550781
550977
551019
551063
551199
551246
551277
551284
551445
551473
551595
551636
551661
551669
551698
551753
551812
551853
551895
551925
552121
552132
552142
552172
552227
552450
552564
552607
552653
552692
552797
552891
552965
552989
552995
553090
553112
553167
553248
553348
553373
553474
553512
553650
553693
553784
553795
553824
553918
554108
554180
554223
554248
554346
554423
554454
554479
554505
554521
554552
554599
554653
554712
554748
554856
554975
554984
555019
555023
555059
555125
555290
555316
555354
555501
555509
555552
555681
555944
556402
556523
556668
556719
556726
556809
556826
556897
556916
556925
556948
557216
557307
557829
558003
558026
558172
558178
558248
558368
558391
559020
559254
559315
559425
559427
559501
559639
559877
559891
559932
559972
560091
560166
560195
560229
560239
560246
560289
560403
560465
560516
560567
560592
560665
560963
561015
561054
561098
561104
561229
561276
561285
561558
561597
561649
561659
561699
561825
561888
561892
561906
561920
562044
562083
562208
562606
562776
562784
562932
562934
563055
563211
563233
563590
563683
563685
563698
563826
564086
564200
564218
564251
564252
564272
564342
564558
564574
564615
564719
564783
564882
564963
564965
565470
565494
565838
565948
565968
566008
566017
566214
566443
566457
566876
567099
567155
567156
567170
567227
567258
567485
567584
567689
568008
568063
568064
568074
568148
568328
568344
568472
568503
568530
568534
568733
568843
568956
569116
569174
569257
569341
569348
569364
569426
569559
569719
569732
569757
569962
569979
570027
570064
570161
570487
570583
570724
570728
570797
570885
570941
570978
571068
571096
571162
571200
571346
571363
571412
571544
571728
571872
571902
572011
572076
572352
572497
572630
572789
573061
573164
573215
573217
573421
573551
573580
573638
573774
573874
573885
573946
573988
574104
574162
574183
574249
574263
574292
574297
574319
574358
574376
574376
574443
574499
574596
574750
574868
574869
574985
575055
575321
575323
575430
575514
575645
575649
575698
575774
575911
576110
576114
576173
576398
576429
576583
576624
576692
576703
576740
576880
576978
577182
577201
577435
577724
577873
577908
578452
578550
578551
578718
578963
579035
579195
579470
579504
579786
579860
579989
580008
580174
580219
580316
580373
580399
580542
580557
580616
580630
580689
580742
580786
580980
581152
581184
581460
581559
581725
581787
582282
582520
582590
582592
582616
582652
582819
582833
582893
583144
583384
583394
583432
583532
583594
583607
583726
583827
584040
584432
584722
584925
585211
585373
585454
585461
585481
585687
585890
585964
586185
586226
586391
586425
586519
586572
586627
586655
586713
586718
586852
586882
586910
586996
586999
587048
587186
587254
587335
587373
587412
587532
587644
587652
587873
587998
588176
588191
588205
588225
588495
588533
588585
588768
588804
588988
589220
589317
589350
589517
589651
589776
589813
589861
590099
590122
590562
590909
591175
591270
591281
591373
591438
591542
591548
591563
591697
591819
592005
592100
592150
592179
592238
592247
592255
592597
592599
592608
592682
592738
592760
592932
593513
593673
593795
593996
593997
594155
594258
594283
594430
594512
594565
594644
594873
595047
595097
595100
595236
595241
595450
595457
595522
595554
595571
595579
595615
595703
595713
595841
596009
596085
596195
596323
596463
596542
596636
596874
597066
597126
597362
597416
597447
597809
597888
597912
598196
598256
598332
598615
598689
598745
598761
598852
598889
598911
598998
599096
599199
599242
599339
599518
599613
599640
599660
599688
600123
600149
600200
600223
600334
600359
600387
600412
600522
600591
600634
600660
600687
600751
600782
600796
600836
600946
601064
601158
601177
601399
601620
601838
601887
601935
601973
602127
602214
602241
602302
602407
602557
602718
602859
602998
603066
603101
603428
603468
603550
603675
603814
603844
603902
603936
603945
604181
604196
604324
604400
604424
604463
604490
604878
605141
605193
605330
605345
605632
605637
605871
605921
605941
605988
606551
606584
606600
606607
606642
606673
606674
606697
606737
606973
606988
607136
607291
607338
607468
607807
607894
607950
608079
608688
608977
609269
609330
609578
609649
609769
610220
610301
610380
610640
610719
610743
610925
611000
611232
611281
611285
611475
611829
611931
612008
612092
612121
612129
612206
612280
612386
612568
612742
612784
612875
613245
613275
613306
613310
613379
613430
613439
613664
613775
613869
614020
614081
614146
614230
614372
614460
614544
614683
614740
614867
615083
615142
615166
615317
615396
615488
615490
615719
615761
616040
616372
616415
616697
616703
616765
616827
617143
617373
617676
617695
617703
617707
617792
617961
618032
618141
618220
618286
618346
618383
618388
618473
618598
618617
618645
618712
618748
618788
618895
618913
619003
619093
619425
619477
619719
619911
619919
620117
620232
620338
620381
620394
620459
620473
620479
620527
620534
620592
620841
621074
621081
621174
621298
621376
621494
621524
621561
621567
621602
621660
621708
621748
621757
621771
621804
621933
621944
622245
622383
622491
622505
622705
622795
623004
623037
623052
623081
623130
623392
623417
623501
623664
623820
623904
623970
624085
624122
624139
624140
624228
624245
624330
624389
624481
624525
624591
625118
625139
625178
625359
625396
625476
625530
625603
625761
625803
626002
626092
626113
626128
626130
626421
626444
626502
626569
626576
626582
626616
626935
627071
627100
627423
627440
627522
627598
627623
627760
627968
628061
628129
628185
628248
628299
628420
628426
628508
628543
628587
628698
628767
628791
628794
628798
628823
628926
628928
629212
629294
629305
629327
629487
629591
629724
629828
630548
630684
630830
630956
631083
631108
631109
631155
631241
631258
631299
631351
631367
631423
631440
631448
631515
631516
631824
631878
632205
632313
632371
632404
632447
632468
632758
632777
632820
632836
632863
632907
633270
633304
633331
633373
633597
633742
633776
633899
634064
634205
634317
634352
634542
634687
634831
634868
634879
634940
634946
635061
635241
636125
636326
636567
636761
636816
636831
636924
636928
636977
637000
637047
637174
637237
637444
637466
637469
637519
637520
637542
637646
637719
637759
637767
637835
637867
637912
637947
638016
638033
638286
638304
638474
638555
638709
638825
638832
638946
638964
638970
638995
639119
639256
639386
639405
639586
639597
639701
639721
639870
639964
639969
640099
640325
640382
640736
640882
640886
640961
640971
641122
641202
641285
641438
641442
641470
641509
641555
641566
641606
641625
641630
641682
641800
641889
641941
641991
642067
642230
642347
642429
642484
642537
642700
642701
643040
643231
643247
643376
643412
643621
643625
643638
643748
643800
643862
643931
643944
644439
644652
644696
644707
644769
644914
644931
645492
645670
645683
645742
645823
645861
645954
646054
646151
646269
646936
647164
647202
647213
647329
647332
647721
647722
647768
647794
647818
647875
647980
648038
648132
648596
648684
648922
648938
649163
649491
649518
649522
649619
649719
649769
649770
649936
650058
650147
650552
650693
650918
651035
651058
651344
651397
651420
651520
651566
651619
651619
651664
651897
652075
652168
652300
652567
652576
652606
652664
652703
652756
652779
652833
652885
652976
653120
653298
653565
653628
653684
654012
654166
654221
654226
654245
654292
654538
654789
654999
655262
655494
655610
655690
655793
655817
655838
655887
655919
656103
656266
656361
656367
656563
656659
656706
656731
656806
656827
656987
657017
657035
657043
657104
657125
657135
657385
657532
657611
657616
657802
657806
658059
658287
658472
658629
658947
658952
659181
659214
659398
659550
659568
659652
659671
659706
659747
659779
659840
659935
659959
660009
660055
660059
660144
660163
660323
660425
660499
660684
661128
661188
661242
661275
661491
661508
661566
661842
661843
661855
661981
662004
662269
662389
662719
662769
662932
662959
663044
663151
663316
663386
663558
663653
663666
663729
663900
663967
664027
664176
664244
664246
664269
664299
664359
664459
664485
664503
664565
664571
664820
664978
665003
665030
665078
665096
665242
665259
665285
665301
665754
666041
666074
666091
666316
666584
666621
666995
667092
667109
667137
667139
667199
667203
667220
667229
667394
667587
667608
667720
667720
667863
667884
667892
667906
667962
667965
668156
668171
668293
668534
668646
668847
668894
669277
669431
669482
669558
669671
669714
669780
669781
669846
669912
669991
670230
670313
670383
670415
670450
670473
670626
670678
670762
670879
671128
671235
671254
671833
671900
672004
672021
672025
672043
672106
672160
672194
672276
672465
672686
672733
672997
673092
673128
673226
673460
673502
673657
673716
673814
673878
673925
674078
674158
674233
674471
674494
674602
674746
674776
674837
674886
674961
675058
675093
675179
675181
675254
675455
675526
675538
675559
675590
675595
675740
675781
675876
675981
676061
676207
676307
676332
676332
676526
676592
676618
676636
676672
676810
676966
677229
677233
677318
677326
677395
677484
677540
677564
677696
677821
677825
677971
677996
678037
678239
678243
678353
678590
678679
678737
678865
678904
678905
678933
679176
679229
679377
679406
679487
679522
679627
679672
679762
679821
679922
679928
680085
680346
680407
680446
680675
680836
680918
680958
680993
681020
681032
681046
681130
681277
681310
681332
681362
681394
681552
681723
681866
682059
682438
682956
683029
683091
683118
683266
683285
683300
683459
683750
683770
683867
683947
684127
684191
684537
684812
685161
685240
685252
685405
685491
685502
685505
685646
685744
685760
685925
686140
686205
686208
686373
686481
686554
686580
686616
686799
686906
686989
687026
687181
687304
687448
687591
687630
687723
687931
687967
687968
688310
688676
688735
688781
688790
688867
689535
689620
689769
689771
689778
689831
689932
689987
689994
690126
690174
690188
690343
690367
690382
690465
690522
690584
690770
690814
690830
690832
690880
691046
691246
691267
691362
691396
691398
691400
691401
691627
691727
691827
691882
691925
691929
692174
692181
692191
692301
692700
692817
692823
692833
692926
693061
693147
693252
693389
693457
693504
693567
693737
693753
693827
693977
693983
694013
694297
694340
694376
694379
694503
694535
694597
694684
694929
695085
695142
695301
695354
695404
695550
696666
696821
696828
696833
696883
696906
697051
697053
697085
697091
697095
697188
697210
697343
697405
697434
697436
697446
697489
697513
697533
697687
698020
698147
698169
698262
698290
698561
698696
698847
698970
698974
699046
699167
699283
699547
699578
699647
699755
700021
700237
700394
700502
700504
700542
700550
700688
700877
701045
701173
701211
701237
701317
701354
701382
701504
701552
701573
701593
701736
701760
701815
701825
701874
701986
702330
702615
702633
702896
702922
702947
702957
703012
703445
703530
703591
703714
703876
704062
704068
704134
704176
704324
704366
704398
704611
704702
704874
704974
705111
705132
705154
705165
705218
705278
705291
705391
705428
705540
705708
705737
705739
705750
705855
705898
705900
705949
706341
706511
706523
706569
706617
706634
706664
706700
706802
706813
706891
707118
707140
707720
707733
707740
707802
707859
707888
708206
708228
708407
708457
708473
708521
708646
708660
709053
709102
709131
709303
709547
709559
709751
709767
709883
709913
709964
710129
710217
710252
710278
710316
710403
710458
710702
710751
710862
710871
711081
711095
711152
711285
711380
711476
711495
711567
711584
711586
711746
711808
711826
711883
712021
712045
712108
712247
712275
712533
712687
712873
713007
713041
713196
713208
713212
713669
713711
713735
713814
713828
713929
714025
714040
714118
714171
714359
714509
714565
714597
714672
714749
714758
714786
715022
715162
715172
715182
715195
715234
715272
715452
715461
715545
715711
715870
716078
716121
716191
716244
716288
716395
716476
716538
716562
716573
716621
716641
716766
716855
717215
717216
717246
717332
717434
717507
717750
717811
717879
717980
718181
718212
718287
718406
718432
718732
718754
718788
718810
719020
719183
719365
719509
719533
719560
719577
719602
719755
719786
719891
719983
720003
720008
720156
720207
720274
720288
720315
720386
720585
720695
720823
720981
721027
721206
721234
721352
721354
721372
721472
721627
721666
721784
721798
721812
721890
721911
721991
722098
722350
722384
722482
722512
722657
722736
722936
722943
722968
723254
723368
723527
723629
723754
723803
723868
724019
724020
724171
724278
724344
724390
724411
724464
724610
724700
724702
724751
724770
724955
725181
725340
725390
725440
725448
725574
725772
725923
725958
726095
726107
726172
726175
726298
726364
726464
726578
726660
726893
727149
727257
727294
727514
727563
727605
727711
727834
727913
727914
728092
728110
728225
728232
728322
728361
728383
728390
728444
728487
728663
728688
728709
728747
728759
729054
729083
729118
729152
729367
729404
729425
729438
729577
729746
729866
730093
730218
730251
730482
730547
730625
730664
731001
731111
731267
731672
731696
731775
731785
731854
731917
731956
732028
732085
732155
732327
732328
732370
732436
732507
732627
732853
732864
732880
732964
733167
733262
733263
733290
733451
733456
733596
733814
733989
733997
734030
734183
734259
734471
734514
734533
734594
734626
734675
734825
734878
734969
734983
734992
735092
735144
735256
735361
735392
735520
735704
735873
735958
736048
736444
736556
736791
736852
737168
737267
737287
737311
737348
737363
737514
737556
737641
737734
737796
737842
737989
738108
738167
738230
738231
738374
738413
738429
738444
738742
738796
738914
739117
739189
739423
739482
739624
739653
739677
739689
739792
739853
739862
740159
740258
740273
740308
740543
740660
740829
740972
741140
741398
741423
741425
741473
741529
741558
741583
741744
741835
741839
741856
741884
742007
742109
742301
742376
742417
742432
742439
742632
743028
743113
743113
743153
743296
743440
743524
743628
743662
743754
743773
743837
743889
744087
744126
744170
744225
744276
744295
744315
744414
744485
744527
744541
744570
744642
745009
745210
745285
745425
745839
745925
745951
746001
746027
746455
746776
746809
746941
747009
747018
747053
747114
747313
747362
747403
747688
747773
747829
747861
747936
748094
748189
748249
748457
748481
748538
748543
748687
748689
748823
748881
748891
748938
749110
749184
749368
749460
749493
749647
749732
749944
749973
750334
750361
750578
750718
750739
750863
750893
750943
751014
751512
751752
751797
751959
752040
752051
752142
752588
752680
752781
752993
753043
753112
753351
753394
753449
753542
753571
753808
753838
753961
754031
754090
754108
754270
754410
754648
754669
754872
754898
754927
754982
755148
755151
755159
755190
755239
755268
755419
755562
755962
756055
756063
756067
756366
756524
756542
756615
756629
756694
756727
756750
756950
757140
757171
757203
757209
757224
757336
757582
757674
757686
757910
757949
758000
758012
758139
758222
758476
759008
759071
759095
759113
759128
759336
759364
759423
759539
759826
760008
760216
760226
760234
760378
760424
760621
760714
760775
760825
760974
761203
761392
761490
761524
761602
761633
761732
761770
761837
761840
761865
762088
762129
762311
762343
762443
762510
762510
762696
762911
763019
763042
763118
763129
763246
763259
763299
763745
763913
763936
764186
764355
764370
764530
764539
764556
764643
764777
764851
765121
765235
765243
765250
765669
765722
765767
765860
765958
765958
766043
766245
766273
766522
766614
766782
766812
766854
766866
766867
766936
767089
767222
767362
767508
767850
767861
767887
767996
768094
768116
768117
768297
768441
768501
768503
768543
768564
768583
768595
768733
768800
768905
768943
769004
769145
769185
769190
769221
769290
769313
769314
769430
769530
769586
769586
769653
770102
770204
770431
770558
770647
770754
770851
770874
770943
771062
771072
771097
771266
771357
771512
771522
771686
771960
771982
771995
772076
772128
772183
772185
772355
772456
772506
772533
772540
772759
772763
772806
772890
773006
773010
773613
773971
774356
774362
774395
774440
774495
774544
774686
774794
774799
774952
774954
775144
775156
775180
775421
775446
775508
775552
775699
775820
775857
775890
776029
776266
776388
776478
776722
776881
776898
777034
777054
777161
777263
777296
777325
777475
777733
777747
778022
778025
778044
778054
778082
778118
778165
778181
778234
778385
778603
779389
779453
779497
779508
779682
779813
780096
780113
780120
780190
780198
780437
780532
780614
780719
780764
780823
781219
781277
781317
781533
781612
781697
781740
781826
781847
781999
782150
782262
782351
782388
782394
782399
782580
782657
782808
782850
782924
783241
783280
783472
783699
783709
783949
784248
784462
784576
784710
784796
784807
784845
784868
784972
784986
785040
785068
785255
785284
785473
785535
785608
785745
785827
785839
786012
786048
786064
786135
786287
786392
786430
786490
786506
786628
786767
786890
786902
786912
787171
787214
787485
787485
787696
787896
787954
788073
788185
788214
788274
788351
788365
788485
788518
788543
788739
788743
789034
789293
789340
789489
789567
789604
789647
789717
789914
790025
790033
790062
790183
790285
790339
790623
790627
790828
790883
790884
790916
791424
791550
791615
791692
791697
791734
791754
791890
792019
792084
792151
792181
792182
792392
792434
792487
792493
792552
792702
792703
792727
792740
792932
793031
793181
793306
793313
793424
793620
793810
794024
794310
794435
794441
794458
794476
794709
794743
794848
794890
794913
794952
795001
795015
795038
795149
795259
795352
795411
795522
795618
795629
795654
795704
795712
795774
795782
796300
796314
796360
796502
796520
796522
796529
796754
797092
797114
797213
797443
797536
797644
797748
797843
797890
797933
798031
798203
798319
798342
798416
798466
798570
798751
798781
798894
798980
799133
799435
799575
799722
799787
799819
799891
800060
800214
800237
800282
800335
800464
800588
800600
800615
800737
800990
801050
801083
801316
801320
801388
801398
801448
801591
801618
801982
801999
802009
802137
802312
802330
802366
802455
802679
802695
802751
803124
803149
803166
803174
803295
803302
803466
803538
803865
803926
803960
804123
804254
804361
804386
804533
804666
804717
804760
804946
804952
805391
805404
805645
805670
806349
806461
806672
806962
807162
807195
807273
807309
807354
807794
807831
808201
808322
808497
808735
808759
808779
808895
809071
809103
809360
809437
809524
809615
809677
809871
809998
810028
810177
810219
810229
810254
810354
810586
810667
810862
811130
811401
811476
811485
811508
811529
811680
811817
811827
811860
811920
812037
812056
812196
812389
812794
812842
812853
812870
812991
813027
813095
813121
813131
813274
813283
813291
813341
813553
813600
813667
813805
813885
813986
813995
814103
814113
814127
814289
814624
814630
815057
815115
815305
815368
815399
815561
815842
815944
816027
816449
816511
816513
816540
816836
817104
817173
817223
817269
817300
817441
817515
817534
817546
817671
817741
817800
817961
817974
818042
818050
818096
818116
818166
818226
818252
818479
818678
818691
819233
819264
819337
819388
819416
819431
819446
819539
819587
819728
819890
819925
820427
820481
820514
820883
821003
821020
821070
821142
821161
821188
821332
821371
821454
821510
821702
821844
821884
822042
822054
822057
822066
822151
822228
822587
822751
822890
822936
822939
822997
823003
823144
823146
823243
823268
823346
823500
823574
823611
823668
823749
823838
823891
823994
824029
824050
824099
824101
824348
824592
825218
825388
825441
825446
825555
825587
825637
825826
825900
826013
826022
826104
826408
826484
826574
826712
826872
826990
827069
827074
827132
827413
827655
827674
827697
827745
827872
827881
828296
828498
828691
828694
828781
828832
828930
828995
829371
829491
829578
829599
829605
829615
829633
829675
829778
829819
829857
829887
829902
829930
830281
830413
830464
830578
830594
830667
830731
830737
830836
830840
830865
830866
830882
830935
831146
831155
831181
831442
831506
831545
831547
831704
831869
832121
832187
832252
832305
832326
832460
832477
832666
832794
833021
833074
833085
833300
833356
833489
833523
833580
833583
833674
833745
833999
834008
834062
834162
834408
834618
834626
834681
834805
835038
835082
835102
835113
835319
835543
835629
835638
835762
835775
835863
836083
836166
836202
836242
836276
836283
836366
836586
836896
837209
837361
837444
837555
837655
837671
837682
837698
837718
837881
837964
837980
838065
838101
838140
838155
838187
838259
838286
838591
838657
838811
838918
839031
839067
839306
839308
839403
839440
839444
839542
839630
839669
839678
839771
839772
839824
839963
840089
840113
840718
840737
840751
840930
841039
841308
841525
841550
841689
841763
841768
842032
842144
842202
842314
842364
842802
842907
843068
843222
843442
843513
843849
844162
844295
844437
844474
844594
844633
844669
844740
844814
844933
844984
845035
845299
845316
845376
845472
845476
845630
845652
845952
846092
846136
846161
846181
846224
846226
846274
846363
846389
846601
846655
846790
847070
847113
847115
847148
847289
847310
847748
847830
847856
847945
848045
848163
848173
848193
848212
848245
848342
848752
848771
848783
848876
848947
849049
849164
849293
849367
849427
849820
850074
850113
850300
850408
850759
850987
851063
851419
851556
851604
851800
852040
852042
852108
852111
852239
852307
852442
852599
852881
852976
853123
853183
853342
853456
853555
853710
853937
854032
854065
854151
854267
854275
854425
854486
854601
854612
854627
854703
854943
854966
854982
855158
855348
855572
855764
855838
855947
856073
856160
856194
856400
856474
856572
856580
856671
856804
856811
857021
857120
857277
857543
857597
857609
857645
857722
857853
857893
857956
858097
858142
858176
858198
858305
858319
858400
858424
858540
858656
858770
858833
858925
859131
859623
859798
859859
859885
859966
859988
860040
860154
860154
860309
860344
860447
860518
860823
861138
861185
861227
861271
861445
861459
861570
861739
861926
862207
862216
862231
862243
862422
862434
862440
862577
862586
862601
862647
862847
862881
863003
863084
863163
863164
863566
863720
864030
864178
864247
864288
864461
864501
864542
864615
864827
865040
865116
865187
865202
865214
865412
865662
865808
866051
866115
866147
866324
866654
866729
866834
867115
867400
867518
867580
867606
867637
867727
867749
867994
868023
868078
868263
868295
868410
868479
868692
868702
868703
868940
869115
869122
869134
869246
869942
870042
870377
870611
870805
870834
870979
871134
871255
871421
871480
871565
871634
871836
871873
871895
871917
871923
871938
872245
872256
872259
872298
872354
872403
872600
872741
873000
873108
873108
873209
873229
873289
873333
873356
873357
873384
873510
873530
873641
873751
873813
873870
873905
873923
874091
874327
874586
874656
874747
874761
874806
874847
874849
874949
875042
875063
875275
875307
875353
875396
875502
875604
875745
875765
876065
876113
876145
876403
876487
876559
876730
876808
876850
876877
876941
876961
876961
877051
877079
877124
877427
877534
877619
877920
878005
878102
878362
878551
878558
878577
878765
878920
879011
879195
879373
879585
879598
879688
879741
879820
879973
879991
880047
880140
880293
880353
880383
880403
880457
880662
880751
880835
881287
881462
881643
881664
881892
881902
882011
882138
882178
882245
882291
882398
882451
882452
882464
882475
882477
882539
882591
882707
882786
882921
882985
883004
883065
883180
883255
883420
883574
883626
883692
883758
883917
883949
884208
884253
884260
884264
884367
884401
884496
884570
884593
884643
884731
884808
884968
885021
885110
885170
885181
885268
885336
885351
885353
885508
885528
885564
885586
885668
885901
886112
886207
886344
886361
886408
886504
886588
886609
886789
886849
886861
887102
887123
887164
887188
887211
887232
887414
887444
887487
887607
887636
887836
887957
887983
887995
888023
888098
888116
888121
888155
888165
888202
888214
888485
888511
888545
888604
888641
888651
888655
888767
888956
889111
889185
889217
889251
889326
889462
889490
889491
889531
889703
889723
889725
889759
889762
889885
889918
889944
890030
890358
890488
890544
890656
890683
890933
890949
890977
891082
891153
891210
891272
891603
891674
891711
891891
891989
892037
892080
892091
892414
892454
892825
892921
892959
893012
893155
893159
893160
893165
893215
893257
893307
893562
893720
893811
893869
893953
893987
893995
894146
894197
894245
894339
894345
894478
894786
894796
894797
894799
894861
895353
895990
896045
896107
896155
896300
896333
896405
896458
896477
896509
896733
896933
896942
897082
897416
897610
897695
897735
898000
898016
898090
898132
898241
898397
898416
898623
898668
898976
899010
899101
899176
899185
899497
899673
900013
900419
900499
900573
900683
900716
900740
900843
900844
900871
900975
901001
901009
901043
901118
901290
901339
901370
901419
901447
901494
901554
901617
901621
901791
901983
902277
902294
902355
902357
902618
902786
902816
902831
902910
903054
903533
903639
903893
903906
903995
904097
904121
904251
904318
904641
904665
904666
904861
904911
905081
905427
905530
905701
905709
905797
905800
906043
906085
906324
906373
906435
906591
906656
906696
906696
906898
906938
906993
907178
907214
907275
907353
907437
907450
907542
907905
907996
908059
908145
908265
908325
908335
908368
908392
908412
908486
908490
908633
908688
908692
908705
908745
908894
908915
908925
909014
909129
909191
909224
909280
909670
909844
910071
910111
910499
910759
910994
911024
911179
911349
911551
911679
912021
912098
912111
912204
912252
912421
912424
912501
912532
912687
912759
912983
912992
913154
913278
913347
913356
913414
913538
913543
913564
913727
913753
913951
914095
914150
914185
914243
914440
914475
914697
914872
914907
915246
915401
915450
915478
915739
915743
915745
915825
915924
915987
916009
916050
916395
916536
916544
916725
917000
917234
917301
917377
917395
917400
917470
917563
917610
917632
917741
917928
917930
918108
918198
918235
918275
918423
918538
918564
918674
918732
918747
918870
918894
919081
919089
919098
919181
919235
919247
919272
919424
919547
919572
919647
919655
919846
919991
920022
920050
920153
920200
920216
920275
920362
920367
920407
920456
920596
920743
920748
920782
921155
921209
921376
921427
921461
921533
921686
921757
921780
921942
921997
922007
922088
922140
922151
922223
922242
922316
922540
922678
922791
922959
923031
923213
923361
923412
923568
923682
923727
923835
923858
923918
923936
924015
924235
924392
924422
924692
924724
924764
925118
925162
925203
925232
925351
925575
925650
925691
925751
925969
925971
926160
926176
926226
926297
926346
926485
926492
926521
926569
926752
927081
927195
927208
927307
927328
927377
927421
927553
927794
927915
927938
928012
928173
928298
928465
928517
928539
928580
928591
928648
928697
928783
928922
928962
929289
929505
929630
929643
929672
929725
929753
929778
929924
929973
930020
930046
930176
930230
930395
930534
930613
930640
930756
930779
931100
931121
931165
931286
931430
931441
931497
931581
931822
931836
931901
931957
931964
932029
932285
932374
932443
932458
932613
932636
932865
933038
933113
933171
933300
933355
933448
933642
933710
933881
933916
934031
934051
934080
934204
934479
934598
934640
934646
934656
934866
934887
934947
935015
935166
935252
935266
935300
935313
935344
935384
935662
935699
935718
935748
935918
936234
936411
936566
936777
936777
936813
936820
936936
937293
937345
937431
937537
937658
937670
938008
938055
938065
938253
938286
938435
938471
938516
938558
938694
938737
938767
938880
938908
939159
939361
939378
939405
939851
939859
940120
940170
940232
940245
940356
940458
940469
940512
940539
940549
940554
940634
940894
940968
941190
941353
941433
941551
941704
941757
941825
941897
941965
942012
942265
942267
942314
942908
943027
943083
943430
943446
943477
943724
943826
943963
944077
944141
944344
944363
944383
944400
944717
944775
944830
944914
945075
945133
945139
945224
945326
945496
945536
945555
945759
945792
945810
945846
945866
945882
946023
946027
946037
946248
946331
946433
946484
946602
946609
946695
946839
946876
946933
947026
947276
947307
947369
947457
947490
947605
947703
947757
947799
947854
947930
947964
947977
947996
948028
948119
948415
948423
948431
948544
948617
948726
948781
948810
948845
948899
949123
949241
949457
949492
949525
949556
949586
949734
949905
950041
950077
950111
950115
950259
950281
950325
950341
950411
950600
950663
950700
950841
950847
950926
951002
951138
951305
951331
951385
951443
951494
951528
951626
951719
951861
951871
952032
952119
952459
952771
952868
952879
952890
953024
953025
953050
953110
953179
953247
953271
953345
953428
953435
953463
953499
953641
953857
953863
954028
954067
954082
954147
954217
954519
954541
954683
954754
954777
954842
954885
954970
955046
955096
955120
955134
955170
955228
955468
955480
955502
955656
955671
955678
955732
955752
955822
955909
955933
956128
956466
956501
956544
956580
956732
956734
956803
957021
957446
957684
957696
957792
957892
957900
958131
958160
958435
958449
958496
958522
958548
958636
958757
958759
958858
958967
959035
959297
959402
959420
959559
959589
959591
959774
959778
959781
959825
959882
959957
960056
960157
960183
960317
960554
960772
960857
960894
960958
961022
961032
961507
961666
961694
961757
961777
962257
962286
962330
962347
962368
962409
962443
962455
962676
962766
962798
962848
962890
963040
963277
963277
963415
963501
963744
964066
964148
964218
964317
964424
964512
964525
964576
964677
964835
964921
964967
965136
965149
965234
965378
965447
965483
965519
965585
965867
965969
966049
966155
966217
966597
966979
967258
967290
967295
967416
967479
967499
967515
967527
967548
967594
967620
967623
967670
967675
968054
968091
968163
968360
968377
968385
968451
968741
969152
969378
969435
969473
969550
969559
969633
969913
970053
970184
970379
970491
970631
970654
970666
970995
971393
971444
971603
971815
971824
971842
971867
971886
971891
972006
972007
972010
972019
972062
972092
972137
972279
972540
972541
972579
972739
972747
972808
973130
973256
973350
973375
973414
973433
973758
973765
973799
973837
973838
973868
973903
974154
974257
974263
974383
974503
974519
974551
974577
974585
974592
974773
974776
975026
975079
975151
975284
975434
975452
975452
975462
975534
975596
975699
975800
975802
975817
975846
975865
975983
976021
976217
976324
976329
976507
976576
976642
976684
976864
976939
977130
977165
977222
977244
977245
977319
977487
977806
977971
978003
978292
978469
978756
979056
979171
979400
979421
979559
979642
979806
979987
980026
980045
980061
980104
980366
980480
980611
980615
980625
980666
980684
980709
980753
980792
980868
980872
980957
980989
981053
981266
981294
981428
981641
982067
982161
982163
982252
982297
982370
982381
982452
982554
982593
982753
982789
982869
982948
982969
983468
983517
983582
983718
983849
983938
984144
984154
984175
984532
984652
984658
984877
984978
985001
985110
985127
985157
985231
985490
985497
985672
985927
985956
986008
986077
986164
986642
986781
986823
986828
986905
986969
987081
987391
987447
987546
987597
987679
987838
988065
988167
988312
988418
988466
988499
988540
988598
988627
988753
988965
989042
989108
989191
989574
989648
989748
989809
989908
989934
989947
990002
990086
990146
990259
990328
990383
990389
990413
990419
990670
990790
990842
990846
990891
990896
990941
991319
991410
991456
991485
991538
991720
991896
991903
992129
992172
992344
992497
992531
992597
992625
992626
992701
992786
992906
992909
992947
993010
993408
993776
993805
993990
994047
994079
994115
994187
994320
994345
994844
994866
994915
994954
995001
995271
995482
995552
995893
996026
996495
996536
996747
996892
996904
997060
997124
997129
997162
997269
997277
997540
997641
997693
997974
998019
998118
998223
998238
998278
998293
998297
998351
998403
998556
998558
998670
998930
999122
999194
999279
999377
999569
999651
999844
999851
999875
