100
38233
41725
46538
48229
85599
112780
122220
130031
138673
152690
164506
166761
176376
183200
198010
212744
222221
234295
238226
242485
251338
254930
260882
261279
278568
286424
290960
295702
313110
329549
330545
330846
333436
343432
351201
355193
363317
388081
393139
405795
410375
425932
435423
468853
469830
520265
530595
554894
578588
586848
588633
590216
602054
603777
605459
615817
635445
637860
637928
645768
654284
687491
694591
722394
744461
756984
761537
762304
770009
772260
774431
779769
781044
788327
798860
804191
810884
816524
819631
821339
821341
828986
847311
858743
873518
880227
898815
930455
934361
936565
938258
942807
951006
965483
974709
979594
981999
984953
992443
997625
