100
2190
5115
8405
9990
12279
16228
16704
19829
34048
34927
46468
49693
62795
68554
81689
85886
94049
100143
111340
111916
135236
139140
147305
148077
148625
154147
157756
161404
190439
212191
215193
221353
225743
231656
255305
274354
295597
332901
354018
362837
375725
378066
383217
384564
394594
401851
416180
429847
431620
439752
440255
446294
448923
456670
460446
466436
485331
489005
490279
509255
512757
525188
525712
527169
538093
574225
626248
630636
638662
660279
662359
672384
673662
675794
678943
697224
722027
742042
747932
775045
796492
819308
821566
827875
828681
840240
845591
849747
860369
868665
876731
913925
915284
916260
921527
932046
960934
967098
968497
979990
