1000
74
480
1639
1905
3649
5300
6055
8586
8873
9930
10965
11818
12453
12735
13383
13703
14004
14951
15742
16726
17965
19000
19326
19622
19718
20851
22337
23489
23792
25722
26269
26366
26793
27978
28438
33072
33262
33920
34532
35164
35913
36655
36857
37643
37730
37772
41605
43247
43696
44459
44755
44840
45325
46555
47507
47528
48718
49192
49343
49905
51492
51835
52004
53082
53189
53441
53704
56543
56668
57438
58317
58726
61331
62877
63259
63523
64495
66165
66449
67131
68402
71540
75121
75723
76260
76627
78765
79190
79286
80724
83990
85601
85788
88067
89390
90445
90954
94085
95646
97146
100011
100038
101239
101619
102671
105336
105470
106770
106836
107580
107658
108877
109829
110929
111343
112670
113759
115069
115424
115542
115735
116322
118279
119095
119981
120176
121574
121628
121983
122010
122727
122824
123346
124619
125360
128286
129100
129252
131671
131804
131958
132052
133078
133686
136325
142023
142908
142965
145075
147538
147766
148196
150563
151245
154075
154623
156291
156679
159388
160731
161571
161819
162483
163000
164140
164933
167253
170150
171911
172660
172704
174089
175009
177184
177216
177349
177752
178253
178525
179420
179426
179967
181435
182277
183604
183872
183952
184488
184854
185706
187548
187916
188165
191087
191692
192566
195035
195642
196250
198276
198645
200135
201318
202730
204705
207159
208125
208728
210473
210755
211013
211549
211867
213601
213746
214657
215319
216156
217406
220769
221064
221679
223318
224336
224393
226500
227588
228517
229644
231182
233768
234354
236127
236980
240675
241700
242196
242906
242973
243745
245920
245955
246429
246585
247151
248193
248200
248719
248957
249416
249837
251332
251620
252381
254172
254780
257116
257274
260927
261526
262644
263325
265139
265425
267454
267553
267903
269391
269442
270315
270804
271024
271769
274288
274689
279726
280591
281646
281781
286429
286493
287182
287207
287376
290842
291193
292127
292257
292941
293526
293540
294156
295274
297084
297762
299777
300460
300723
305665
305946
306666
307964
308815
308947
310105
310674
310957
312086
313049
313174
313997
314904
316024
316161
317351
317933
318804
319156
319978
319983
322468
323970
325983
326126
326451
327870
329658
331223
331247
333498
333582
335110
335244
336410
337453
337960
341011
341345
341533
342741
343829
346780
347377
348233
349069
349979
351106
355900
355916
356927
357055
357328
357465
357753
358070
358158
358463
358999
359422
359552
360199
361426
362658
364183
365023
366729
367479
367748
370557
371625
371688
372719
373164
376875
378410
378885
379571
379575
382041
382317
383131
383188
383586
383884
383914
384124
385116
385441
385544
387007
387706
389259
389866
392457
392582
392810
393934
394703
395228
395850
397318
397617
397671
399552
399648
400194
400739
400815
404067
404233
404909
406772
406793
407719
408127
409513
411538
411729
411850
411878
411932
412634
413045
415459
418080
418394
418859
419028
419065
419392
419442
419775
420578
422371
422469
422503
422816
422901
422978
423343
423556
424924
426488
429025
431632
431677
431928
433020
433255
434031
434151
434710
434929
435713
435763
436451
437225
437277
437558
438714
440846
442014
443471
446268
446749
446967
448342
449739
450917
451822
452189
455927
456172
456996
457191
458047
459812
460818
466536
469520
470146
470154
471587
471997
472162
473777
474896
475231
476323
476882
477030
478237
478599
479949
480070
481506
482600
485597
485820
485882
488305
488361
488643
488890
490317
492953
493965
494132
494630
495013
495251
496327
497529
497634
499989
500108
505194
507153
507575
509065
510951
511652
511725
513467
516063
516756
517073
517155
520063
522033
524465
524789
524856
525218
526679
527006
529205
529282
529355
530659
531047
531387
531404
531612
531638
535209
536026
536206
536218
537452
540887
541064
543497
543730
544356
544881
545359
551687
552052
552076
552215
552473
554515
555750
555770
556065
556202
556290
558632
560626
561295
561313
562479
563344
563896
564239
564988
565057
565192
565574
566718
566809
570973
573225
574881
574978
576122
576395
577332
579232
580174
581390
584061
584120
584241
585197
585718
587209
587432
589326
590882
591505
593902
596838
597969
598106
598141
598925
599680
600324
600687
604628
604727
605087
605480
606175
606409
606603
606982
607094
607450
613432
615464
617053
619573
619856
621611
622679
622844
623551
623703
624414
625797
626861
628174
629530
632964
633042
633264
633807
633996
634090
634421
634524
635179
637364
638077
639135
640107
640281
640728
640875
643548
645934
645952
646310
646462
648843
650727
651647
654205
654263
655081
655753
655878
657699
658220
659255
659444
659580
660212
661231
662469
662479
662722
663868
665188
666012
667690
668939
669571
669815
671220
672127
672199
673800
673985
676425
676992
678267
678626
679001
679222
679984
680659
681053
682104
682546
684475
685611
685924
686183
687281
688091
688281
688433
689173
689521
692842
693666
693712
694447
694474
694489
694993
696200
696330
698318
698636
700276
701440
702118
703532
704063
704185
704216
704968
705216
705869
706273
707998
708897
713519
713726
713862
714046
715433
718851
720209
720513
721289
721306
722254
722979
723848
725310
725760
726536
727766
728703
730218
731493
732041
733786
736643
736866
739705
740980
741249
744074
746382
746563
748542
749101
749737
750022
750221
750838
751233
751505
752022
752772
755096
755391
757176
757794
758722
758966
760841
762356
762884
763432
765117
765753
766361
767418
767886
768019
771454
771724
772022
772959
772981
773855
774211
774367
774789
774808
775193
775773
777716
779111
779387
779480
779544
780607
781055
781375
781610
781950
782156
783045
783561
783792
783934
785078
785121
786618
788266
788579
789002
789188
789611
789736
789922
792178
793384
794507
799634
801230
803117
804132
804229
807128
807354
808036
808516
808634
810184
812221
812933
813693
815778
816803
817813
818258
819022
819023
819575
820102
820982
822662
824668
825946
826068
826184
828842
829056
830461
834079
834365
835919
838668
840367
843251
843557
843731
844677
844754
844894
844925
848654
849194
850006
850059
850213
850578
852566
852834
856640
858024
861579
863163
863373
866519
866890
868436
870829
873550
875519
875786
876111
876635
878044
879866
880782
883663
885577
889678
894502
895083
896775
897081
898002
898086
898461
899117
900451
901725
901974
902042
904603
909864
909897
910497
912239
913207
915283
915732
917141
917142
918490
919822
920617
920815
921403
921577
921914
922106
922948
923824
923828
924290
925022
926048
926168
927330
928016
928955
930081
931390
934406
936302
937271
940150
941518
943777
945143
947502
947737
949274
950812
951955
954076
954414
954702
955040
955651
955815
956120
958158
958850
959716
960445
960486
961545
961667
964064
965039
966835
967217
967477
968712
969358
969447
969714
971232
971472
972342
975312
975395
977520
977640
979999
980150
980584
981995
982606
983984
985051
986122
986259
988154
989978
993846
994259
996054
996845
997142
998946
